3223 1 0 2000 2100 100 0
2451 3 1 2100 2100 50 50
2286 2 0 2100 2200 100 0
2662 1 0 2200 2300 100 0
1281 1 1 2300 2150 100 250
2466 4 1 2150 2150 50 50
719 2 0 2150 2250 100 0
1146 3 0 2250 2300 50 0
607 2 0 2300 2400 100 0
711 4 0 2400 2450 50 0
2301 2 1 2450 2300 100 250
3223 2 0 2300 2400 100 0
1266 3 0 2400 2450 50 0
441 3 1 2450 2450 50 50
441 2 1 2450 2300 100 250
1281 1 0 2300 2400 100 0
741 2 0 2400 2500 100 0
1184 4 1 2500 2500 50 50
786 2 0 2500 2600 100 0
456 3 1 2600 2600 50 50
531 2 0 2600 2700 100 0
1049 1 0 2700 2800 100 0
726 2 1 2800 2650 100 250
771 1 1 2650 2500 100 250
1836 1 1 2500 2350 100 250
1184 1 0 2350 2450 100 0
1146 1 1 2450 2300 100 250
1521 4 1 2300 2300 50 50
1101 2 1 2300 2150 100 250
404 3 0 2150 2200 50 0
808 1 0 2200 2300 100 0
1813 4 0 2300 2350 50 0
846 2 0 2350 2450 100 0
793 1 1 2450 2300 100 250
1056 3 0 2300 2350 50 0
711 2 0 2350 2450 100 0
644 1 1 2450 2300 100 250
442 3 0 2300 2350 50 0
794 4 0 2350 2400 50 0
472 2 0 2400 2500 100 0
501 1 0 2500 2600 100 0
599 2 1 2600 2450 100 250
449 3 0 2450 2500 50 0
921 4 0 2500 2550 50 0
352 3 1 2550 2550 50 50
509 2 1 2550 2400 100 250
652 1 1 2400 2250 100 250
487 2 1 2250 2100 100 250
449 3 0 2100 2150 50 0
480 4 1 2150 2150 50 50
396 3 1 2150 2150 50 50
517 3 1 2150 2150 50 50
404 4 0 2150 2200 50 0
336 4 1 2200 2200 50 50
397 4 1 2200 2200 50 50
404 4 0 2200 2250 50 0
389 4 0 2250 2300 50 0
412 4 0 2300 2350 50 0
397 4 0 2350 2400 50 0
652 4 1 2400 2400 50 50
1582 4 0 2400 2450 50 0
1012 2 0 2450 2550 100 0
2819 3 0 2550 2600 50 0
606 2 0 2600 2700 100 0
480 2 1 2700 2550 100 250
914 4 0 2550 2600 50 0
487 3 0 2600 2650 50 0
779 4 1 2650 2650 50 50
419 3 1 2650 2650 50 50
636 1 1 2650 2500 100 250
457 1 1 2500 2350 100 250
374 1 1 2350 2200 100 250
366 1 1 2200 2050 100 250
1737 1 0 2050 2150 100 0
1402 1 0 2150 2250 100 0
1618 2 1 2250 2100 100 250
727 3 0 2100 2150 50 0
674 4 1 2150 2150 50 50
382 3 1 2150 2150 50 50
501 2 1 2150 2000 100 250
508 3 0 2000 2050 50 0
412 4 0 2050 2100 50 0
321 3 0 2100 2150 50 0
457 2 1 2150 2000 100 250
509 1 0 2000 2100 100 0
419 1 1 2100 1950 100 250
336 2 0 1950 2050 100 0
351 1 0 2050 2150 100 0
697 3 1 2150 2150 50 50
366 3 0 2150 2200 50 0
764 3 1 2200 2200 50 50
404 2 1 2200 2050 100 250
344 2 1 2050 1900 100 250
359 3 1 1900 1900 50 50
359 2 0 1900 2000 100 0
786 1 1 2000 1850 100 250
403 2 1 1850 1700 100 250
576 3 1 1700 1700 50 50
359 2 1 1700 1550 100 250
359 2 1 1550 1400 100 250
