4273 2 0 2000 2100 100 0
4981 4 1 2100 2100 50 50
3353 1 0 2100 2200 100 0
1310 4 1 2200 2200 50 50
1180 1 1 2200 2050 100 250
1695 3 1 2050 2050 50 50
547 2 0 2050 2150 100 0
2855 3 0 2150 2200 50 0
2290 1 1 2200 2050 100 250
1649 4 0 2050 2100 50 0
3029 3 0 2100 2150 50 0
3026 2 1 2150 2000 100 250
961 1 1 2000 1850 100 250
1286 4 0 1850 1900 50 0
3103 3 0 1900 1950 50 0
3249 2 0 1950 2050 100 0
2384 4 1 2050 2050 50 50
2908 3 0 2050 2100 50 0
3081 2 1 2100 1950 100 250
2076 3 1 1950 1950 50 50
999 4 1 1950 1950 50 50
1326 1 0 1950 2050 100 0
1657 2 1 2050 1900 100 250
2414 3 1 1900 1900 50 50
841 1 0 1900 2000 100 0
830 1 0 2000 2100 100 0
760 1 1 2100 1950 100 250
3024 1 1 1950 1800 100 250
1846 3 1 1800 1800 50 50
868 1 1 1800 1650 100 250
7163 2 1 1650 1500 100 250
830 4 0 1500 1550 50 0
1970 3 1 1550 1550 50 50
1132 1 0 1550 1650 100 0
3460 2 0 1650 1750 100 0
2079 3 0 1750 1800 50 0
3072 2 0 1800 1900 100 0
2605 1 0 1900 2000 100 0
3221 4 1 2000 2000 50 50
2587 4 0 2000 2050 50 0
1180 3 1 2050 2050 50 50
1874 3 1 2050 2050 50 50
900 1 0 2050 2150 100 0
1944 4 0 2150 2200 50 0
2288 1 1 2200 2050 100 250
1055 2 1 2050 1900 100 250
921 3 1 1900 1900 50 50
800 4 0 1900 1950 50 0
686 3 1 1950 1950 50 50
876 2 0 1950 2050 100 0
1152 1 1 2050 1900 100 250
816 3 0 1900 1950 50 0
591 4 0 1950 2000 50 0
2222 1 1 2000 1850 100 250
643 1 1 1850 1700 100 250
706 1 0 1700 1800 100 0
604 2 1 1800 1650 100 250
577 2 1 1650 1500 100 250
814 2 1 1500 1350 100 250
651 2 1 1350 1200 100 250
770 2 1 1200 1050 100 250
929 2 0 1050 1150 100 0
833 3 0 1150 1200 50 0
527 1 1 1200 1050 100 250
627 1 1 1050 900 100 250
891 1 1 900 750 100 250
614 1 1 750 600 100 250
617 1 0 600 700 100 0
476 2 1 700 550 100 250
482 2 1 550 400 100 250
1689 1 0 400 500 100 0
466 2 1 500 350 100 250
583 2 1 350 200 100 250
606 2 0 200 300 100 0
693 3 0 300 350 50 0
799 1 0 350 450 100 0
1216 4 1 450 450 50 50
915 4 1 450 450 50 50
751 4 0 450 500 50 0
523 3 0 500 550 50 0
829 2 1 550 400 100 250
770 2 0 400 500 100 0
713 1 0 500 600 100 0
839 3 1 600 600 50 50
1886 4 1 600 600 50 50
1581 2 0 600 700 100 0
451 3 0 700 750 50 0
820 1 0 750 850 100 0
692 2 0 850 950 100 0
745 3 0 950 1000 50 0
9017 4 0 1000 1050 50 0
1080 3 0 1050 1100 50 0
2794 2 0 1100 1200 100 0
592 1 1 1200 1050 100 250
585 1 1 1050 900 100 250
909 1 0 900 1000 100 0
474 2 1 1000 850 100 250
629 2 0 850 950 100 0
667 2 0 950 1050 100 0
549 3 0 1050 1100 50 0
