2520 3 1 2000 2000 50 50
2097 2 1 2000 1850 100 250
1712 4 1 1850 1850 50 50
1698 1 1 1850 1700 100 250
2928 2 1 1700 1550 100 250
18756 2 0 1550 1650 100 0
1859 1 0 1650 1750 100 0
1313 2 0 1750 1850 100 0
1657 4 0 1850 1900 50 0
1804 3 1 1900 1900 50 50
709 4 0 1900 1950 50 0
2189 3 1 1950 1950 50 50
1043 1 0 1950 2050 100 0
847 2 0 2050 2150 100 0
942 2 1 2150 2000 100 250
1172 2 0 2000 2100 100 0
964 3 1 2100 2100 50 50
655 3 1 2100 2100 50 50
627 3 1 2100 2100 50 50
1250 3 1 2100 2100 50 50
1712 3 0 2100 2150 50 0
1034 4 1 2150 2150 50 50
444 4 1 2150 2150 50 50
1371 4 1 2150 2150 50 50
482 4 1 2150 2150 50 50
704 4 1 2150 2150 50 50
330 3 0 2150 2200 50 0
867 3 1 2200 2200 50 50
628 2 0 2200 2300 100 0
1355 1 0 2300 2400 100 0
955 1 1 2400 2250 100 250
577 1 0 2250 2350 100 0
2419 1 0 2350 2450 100 0
504 1 1 2450 2300 100 250
1297 1 0 2300 2400 100 0
1098 1 0 2400 2500 100 0
1204 1 1 2500 2350 100 250
762 1 0 2350 2450 100 0
736 1 1 2450 2300 100 250
535 1 0 2300 2400 100 0
640 1 0 2400 2500 100 0
581 1 1 2500 2350 100 250
1499 1 0 2350 2450 100 0
917 1 0 2450 2550 100 0
557 1 1 2550 2400 100 250
618 1 1 2400 2250 100 250
618 1 1 2250 2100 100 250
947 2 0 2100 2200 100 0
852 1 0 2200 2300 100 0
1124 1 0 2300 2400 100 0
477 1 0 2400 2500 100 0
610 1 0 2500 2600 100 0
693 1 1 2600 2450 100 250
947 2 1 2450 2300 100 250
646 1 1 2300 2150 100 250
6495 1 0 2150 2250 100 0
2091 3 0 2250 2300 50 0
824 3 1 2300 2300 50 50
1100 3 1 2300 2300 50 50
523 2 0 2300 2400 100 0
751 3 0 2400 2450 50 0
1331 3 1 2450 2450 50 50
1529 2 0 2450 2550 100 0
835 4 0 2550 2600 50 0
428 4 0 2600 2650 50 0
726 3 1 2650 2650 50 50
408 4 1 2650 2650 50 50
842 1 1 2650 2500 100 250
443 2 0 2500 2600 100 0
2019 2 0 2600 2700 100 0
460 2 1 2700 2550 100 250
1484 2 1 2550 2400 100 250
509 3 1 2400 2400 50 50
475 3 1 2400 2400 50 50
1069 3 1 2400 2400 50 50
716 4 0 2400 2450 50 0
1011 1 1 2450 2300 100 250
603 3 0 2300 2350 50 0
755 4 0 2350 2400 50 0
880 4 1 2400 2400 50 50
2681 2 1 2400 2250 100 250
1083 2 0 2250 2350 100 0
2393 1 0 2350 2450 100 0
804 4 1 2450 2450 50 50
1228 3 1 2450 2450 50 50
468 4 1 2450 2450 50 50
729 3 0 2450 2500 50 0
1694 4 1 2500 2500 50 50
728 3 0 2500 2550 50 0
740 1 0 2550 2650 100 0
1300 2 0 2650 2750 100 0
4068 2 0 2750 2850 100 0
865 1 1 2850 2700 100 250
691 1 0 2700 2800 100 0
1319 4 0 2800 2850 50 0
393 3 1 2850 2850 50 50
716 4 1 2850 2850 50 50
556 4 0 2850 2900 50 0
460 3 0 2900 2950 50 0
748 1 0 2950 3050 100 0
