948 1 1 2000 1850 100 250
236 2 0 1850 1950 100 0
377 3 0 1950 2000 50 0
434 4 1 2000 2000 50 50
482 3 0 2000 2050 50 0
270 3 0 2050 2100 50 0
260 3 0 2100 2150 50 0
315 3 1 2150 2150 50 50
1148 2 1 2150 2000 100 250
338 2 1 2000 1850 100 250
371 1 0 1850 1950 100 0
153 1 1 1950 1800 100 250
196 1 1 1800 1650 100 250
178 1 0 1650 1750 100 0
163 1 1 1750 1600 100 250
314 2 0 1600 1700 100 0
159 2 1 1700 1550 100 250
193 2 1 1550 1400 100 250
170 3 1 1400 1400 50 50
162 3 0 1400 1450 50 0
173 4 0 1450 1500 50 0
162 4 1 1500 1500 50 50
111 4 0 1500 1550 50 0
211 3 0 1550 1600 50 0
170 3 0 1600 1650 50 0
195 3 0 1650 1700 50 0
181 3 0 1700 1750 50 0
193 2 0 1750 1850 100 0
170 2 1 1850 1700 100 250
186 1 1 1700 1550 100 250
186 1 0 1550 1650 100 0
485 2 0 1650 1750 100 0
171 2 1 1750 1600 100 250
194 1 1 1600 1450 100 250
146 1 1 1450 1300 100 250
180 3 1 1300 1300 50 50
401 4 0 1300 1350 50 0
307 3 1 1350 1350 50 50
346 2 1 1350 1200 100 250
306 1 0 1200 1300 100 0
305 2 1 1300 1150 100 250
385 3 0 1150 1200 50 0
347 4 1 1200 1200 50 50
330 3 1 1200 1200 50 50
299 2 1 1200 1050 100 250
347 1 0 1050 1150 100 0
242 1 1 1150 1000 100 250
452 2 0 1000 1100 100 0
266 2 0 1100 1200 100 0
242 2 0 1200 1300 100 0
363 1 0 1300 1400 100 0
866 2 1 1400 1250 100 250
308 1 0 1250 1350 100 0
297 1 1 1350 1200 100 250
580 3 0 1200 1250 50 0
411 3 1 1250 1250 50 50
459 4 1 1250 1250 50 50
179 4 1 1250 1250 50 50
243 4 1 1250 1250 50 50
186 4 1 1250 1250 50 50
235 4 1 1250 1250 50 50
195 4 0 1250 1300 50 0
195 4 0 1300 1350 50 0
405 3 0 1350 1400 50 0
194 3 1 1400 1400 50 50
180 3 1 1400 1400 50 50
218 3 0 1400 1450 50 0
204 3 1 1450 1450 50 50
172 3 1 1450 1450 50 50
194 3 0 1450 1500 50 0
219 3 1 1500 1500 50 50
203 3 0 1500 1550 50 0
187 3 0 1550 1600 50 0
179 3 1 1600 1600 50 50
186 3 0 1600 1650 50 0
187 3 0 1650 1700 50 0
203 3 1 1700 1700 50 50
271 3 0 1700 1750 50 0
206 2 1 1750 1600 100 250
198 2 1 1600 1450 100 250
195 2 0 1450 1550 100 0
435 1 0 1550 1650 100 0
195 1 0 1650 1750 100 0
642 1 0 1750 1850 100 0
878 1 0 1850 1950 100 0
987 1 1 1950 1800 100 250
2545 2 0 1800 1900 100 0
186 2 1 1900 1750 100 250
163 2 1 1750 1600 100 250
370 3 0 1600 1650 50 0
194 3 1 1650 1650 50 50
187 3 0 1650 1700 50 0
195 4 0 1700 1750 50 0
176 4 1 1750 1750 50 50
187 4 1 1750 1750 50 50
202 4 0 1750 1800 50 0
299 3 0 1800 1850 50 0
189 3 1 1850 1850 50 50
179 3 0 1850 1900 50 0
203 3 1 1900 1900 50 50
