3614 1 0 2000 2100 100 0
1277 2 0 2100 2200 100 0
1038 3 0 2200 2250 50 0
612 4 1 2250 2250 50 50
1805 1 1 2250 2100 100 250
1358 2 0 2100 2200 100 0
718 3 0 2200 2250 50 0
868 4 1 2250 2250 50 50
1242 2 1 2250 2100 100 250
660 3 1 2100 2100 50 50
609 1 0 2100 2200 100 0
4545 4 1 2200 2200 50 50
1862 3 1 2200 2200 50 50
2159 3 0 2200 2250 50 0
944 4 0 2250 2300 50 0
901 2 0 2300 2400 100 0
550 1 1 2400 2250 100 250
2226 2 0 2250 2350 100 0
486 3 0 2350 2400 50 0
570 4 0 2400 2450 50 0
569 3 1 2450 2450 50 50
848 2 0 2450 2550 100 0
678 1 1 2550 2400 100 250
549 3 0 2400 2450 50 0
542 4 0 2450 2500 50 0
529 3 0 2500 2550 50 0
548 2 1 2550 2400 100 250
852 1 0 2400 2500 100 0
624 2 0 2500 2600 100 0
1353 2 1 2600 2450 100 250
654 1 1 2450 2300 100 250
673 2 1 2300 2150 100 250
595 4 0 2150 2200 50 0
410 3 1 2200 2200 50 50
1101 2 1 2200 2050 100 250
425 1 0 2050 2150 100 0
941 1 1 2150 2000 100 250
572 1 1 2000 1850 100 250
384 2 0 1850 1950 100 0
1526 3 1 1950 1950 50 50
1532 1 1 1950 1800 100 250
426 2 0 1800 1900 100 0
1510 2 0 1900 2000 100 0
5227 2 0 2000 2100 100 0
1255 2 1 2100 1950 100 250
539 4 1 1950 1950 50 50
447 3 1 1950 1950 50 50
526 4 1 1950 1950 50 50
363 3 0 1950 2000 50 0
528 2 1 2000 1850 100 250
671 1 1 1850 1700 100 250
488 1 0 1700 1800 100 0
454 1 1 1800 1650 100 250
368 1 0 1650 1750 100 0
714 2 0 1750 1850 100 0
1154 3 1 1850 1850 50 50
519 1 0 1850 1950 100 0
564 1 1 1950 1800 100 250
480 2 0 1800 1900 100 0
2177 4 0 1900 1950 50 0
1688 1 0 1950 2050 100 0
751 3 0 2050 2100 50 0
585 2 0 2100 2200 100 0
2852 4 1 2200 2200 50 50
412 3 0 2200 2250 50 0
556 2 0 2250 2350 100 0
1898 1 1 2350 2200 100 250
448 2 1 2200 2050 100 250
444 1 0 2050 2150 100 0
2088 4 0 2150 2200 50 0
517 3 0 2200 2250 50 0
703 2 1 2250 2100 100 250
508 1 0 2100 2200 100 0
1296 1 1 2200 2050 100 250
406 1 1 2050 1900 100 250
522 1 0 1900 2000 100 0
529 1 0 2000 2100 100 0
3817 1 0 2100 2200 100 0
6709 1 1 2200 2050 100 250
406 1 1 2050 1900 100 250
1137 2 0 1900 2000 100 0
2238 2 1 2000 1850 100 250
730 3 1 1850 1850 50 50
929 4 0 1850 1900 50 0
913 3 1 1900 1900 50 50
728 2 0 1900 2000 100 0
575 1 1 2000 1850 100 250
851 1 1 1850 1700 100 250
622 1 0 1700 1800 100 0
1271 1 1 1800 1650 100 250
578 2 1 1650 1500 100 250
630 2 1 1500 1350 100 250
439 2 1 1350 1200 100 250
943 2 0 1200 1300 100 0
566 3 1 1300 1300 50 50
329 3 0 1300 1350 50 0
481 1 1 1350 1200 100 250
576 1 1 1200 1050 100 250
498 1 0 1050 1150 100 0
775 4 1 1150 1150 50 50
