6833 1 1 2000 1850 100 250
2652 2 1 1850 1700 100 250
1718 3 0 1700 1750 50 0
1914 4 1 1750 1750 50 50
2094 1 0 1750 1850 100 0
1169 1 0 1850 1950 100 0
987 2 0 1950 2050 100 0
1171 1 1 2050 1900 100 250
875 2 1 1900 1750 100 250
1041 1 1 1750 1600 100 250
952 3 1 1600 1600 50 50
1048 1 0 1600 1700 100 0
862 1 0 1700 1800 100 0
1171 1 1 1800 1650 100 250
1829 2 0 1650 1750 100 0
1550 2 0 1750 1850 100 0
1161 2 1 1850 1700 100 250
1073 4 0 1700 1750 50 0
826 3 1 1750 1750 50 50
1398 2 0 1750 1850 100 0
871 1 0 1850 1950 100 0
722 2 0 1950 2050 100 0
849 1 0 2050 2150 100 0
868 2 0 2150 2250 100 0
877 1 1 2250 2100 100 250
798 2 1 2100 1950 100 250
833 3 0 1950 2000 50 0
1008 4 1 2000 2000 50 50
874 3 0 2000 2050 50 0
842 2 1 2050 1900 100 250
845 3 0 1900 1950 50 0
959 3 1 1950 1950 50 50
1087 1 0 1950 2050 100 0
932 1 0 2050 2150 100 0
1096 3 1 2150 2150 50 50
910 1 1 2150 2000 100 250
754 2 0 2000 2100 100 0
1132 2 0 2100 2200 100 0
918 2 1 2200 2050 100 250
867 4 0 2050 2100 50 0
941 3 1 2100 2100 50 50
754 2 0 2100 2200 100 0
715 1 1 2200 2050 100 250
741 2 0 2050 2150 100 0
1042 4 1 2150 2150 50 50
777 2 1 2150 2000 100 250
724 3 1 2000 2000 50 50
846 1 0 2000 2100 100 0
953 2 1 2100 1950 100 250
716 3 0 1950 2000 50 0
740 2 1 2000 1850 100 250
832 1 1 1850 1700 100 250
1062 3 0 1700 1750 50 0
865 4 0 1750 1800 50 0
818 4 1 1800 1800 50 50
754 3 1 1800 1800 50 50
793 2 1 1800 1650 100 250
948 1 0 1650 1750 100 0
1011 1 0 1750 1850 100 0
793 1 1 1850 1700 100 250
846 2 0 1700 1800 100 0
803 2 1 1800 1650 100 250
825 2 0 1650 1750 100 0
2598 3 1 1750 1750 50 50
1843 3 1 1750 1750 50 50
912 4 0 1750 1800 50 0
2121 1 0 1800 1900 100 0
1004 2 0 1900 2000 100 0
1920 1 0 2000 2100 100 0
941 1 1 2100 1950 100 250
960 2 0 1950 2050 100 0
2455 3 1 2050 2050 50 50
1157 4 0 2050 2100 50 0
942 2 1 2100 1950 100 250
1809 1 1 1950 1800 100 250
2603 3 1 1800 1800 50 50
1430 4 1 1800 1800 50 50
1478 1 0 1800 1900 100 0
1027 2 0 1900 2000 100 0
1226 1 1 2000 1850 100 250
1037 2 1 1850 1700 100 250
1773 2 1 1700 1550 100 250
1015 2 0 1550 1650 100 0
1046 2 1 1650 1500 100 250
1088 2 0 1500 1600 100 0
1776 2 1 1600 1450 100 250
1098 2 1 1450 1300 100 250
1304 1 0 1300 1400 100 0
1275 1 0 1400 1500 100 0
1526 3 0 1500 1550 50 0
1020 3 0 1550 1600 50 0
1292 4 1 1600 1600 50 50
1188 2 0 1600 1700 100 0
1313 1 1 1700 1550 100 250
940 2 1 1550 1400 100 250
1226 3 1 1400 1400 50 50
2038 2 0 1400 1500 100 0
1104 1 1 1500 1350 100 250
1226 2 0 1350 1450 100 0
1148 2 0 1450 1550 100 0
