1927 2 0 2000 2100 100 0
364 1 0 2100 2200 100 0
184 1 0 2200 2300 100 0
190 1 0 2300 2400 100 0
205 1 0 2400 2500 100 0
627 2 0 2500 2600 100 0
284 2 0 2600 2700 100 0
339 2 1 2700 2550 100 250
257 3 1 2550 2550 50 50
275 3 0 2550 2600 50 0
228 3 1 2600 2600 50 50
676 4 0 2600 2650 50 0
213 4 0 2650 2700 50 0
219 4 1 2700 2700 50 50
957 1 0 2700 2800 100 0
203 1 0 2800 2900 100 0
251 1 0 2900 3000 100 0
234 1 1 3000 2850 100 250
771 2 1 2850 2700 100 250
218 2 1 2700 2550 100 250
194 1 0 2550 2650 100 0
627 2 0 2650 2750 100 0
540 3 0 2750 2800 50 0
880 4 1 2800 2800 50 50
544 3 0 2800 2850 50 0
781 2 1 2850 2700 100 250
646 1 1 2700 2550 100 250
304 1 0 2550 2650 100 0
172 1 1 2650 2500 100 250
221 1 0 2500 2600 100 0
201 1 1 2600 2450 100 250
198 1 1 2450 2300 100 250
787 2 0 2300 2400 100 0
291 2 1 2400 2250 100 250
414 3 1 2250 2250 50 50
330 3 1 2250 2250 50 50
287 3 1 2250 2250 50 50
1044 1 1 2250 2100 100 250
338 1 0 2100 2200 100 0
295 1 1 2200 2050 100 250
932 2 1 2050 1900 100 250
226 2 0 1900 2000 100 0
406 2 0 2000 2100 100 0
1423 4 0 2100 2150 50 0
287 4 0 2150 2200 50 0
310 4 0 2200 2250 50 0
757 3 0 2250 2300 50 0
638 2 0 2300 2400 100 0
1160 1 0 2400 2500 100 0
640 2 0 2500 2600 100 0
712 1 0 2600 2700 100 0
571 2 1 2700 2550 100 250
802 3 1 2550 2550 50 50
464 3 0 2550 2600 50 0
285 3 1 2600 2600 50 50
296 3 1 2600 2600 50 50
700 4 1 2600 2600 50 50
316 4 1 2600 2600 50 50
445 4 0 2600 2650 50 0
467 4 1 2650 2650 50 50
667 3 0 2650 2700 50 0
706 2 1 2700 2550 100 250
657 3 1 2550 2550 50 50
303 3 1 2550 2550 50 50
270 3 1 2550 2550 50 50
299 3 1 2550 2550 50 50
1028 1 0 2550 2650 100 0
294 1 1 2650 2500 100 250
549 1 0 2500 2600 100 0
303 1 1 2600 2450 100 250
289 1 1 2450 2300 100 250
316 1 1 2300 2150 100 250
289 1 1 2150 2000 100 250
724 2 1 2000 1850 100 250
307 2 1 1850 1700 100 250
583 1 0 1700 1800 100 0
287 1 0 1800 1900 100 0
316 1 0 1900 2000 100 0
374 1 0 2000 2100 100 0
400 1 0 2100 2200 100 0
404 1 0 2200 2300 100 0
942 3 1 2300 2300 50 50
663 3 0 2300 2350 50 0
278 3 1 2350 2350 50 50
279 3 0 2350 2400 50 0
417 3 1 2400 2400 50 50
457 3 0 2400 2450 50 0
343 3 1 2450 2450 50 50
344 3 1 2450 2450 50 50
351 3 1 2450 2450 50 50
360 3 1 2450 2450 50 50
459 3 0 2450 2500 50 0
389 3 1 2500 2500 50 50
353 3 0 2500 2550 50 0
360 3 1 2550 2550 50 50
540 3 1 2550 2550 50 50
352 3 0 2550 2600 50 0
364 3 0 2600 2650 50 0
358 3 0 2650 2700 50 0
377 3 1 2700 2700 50 50
