6751 1 0 2000 2100 100 0
2997 3 0 2100 2150 50 0
2354 3 0 2150 2200 50 0
1514 2 0 2200 2300 100 0
1409 3 1 2300 2300 50 50
1515 2 1 2300 2150 100 250
1605 4 0 2150 2200 50 0
977 3 0 2200 2250 50 0
1020 1 1 2250 2100 100 250
1145 3 0 2100 2150 50 0
1245 2 0 2150 2250 100 0
1796 4 1 2250 2250 50 50
872 2 0 2250 2350 100 0
1133 3 1 2350 2350 50 50
920 2 0 2350 2450 100 0
1298 1 0 2450 2550 100 0
983 2 0 2550 2650 100 0
1725 3 0 2650 2700 50 0
933 2 0 2700 2800 100 0
1139 1 1 2800 2650 100 250
1488 3 0 2650 2700 50 0
892 2 1 2700 2550 100 250
984 2 1 2550 2400 100 250
1383 3 0 2400 2450 50 0
1075 4 0 2450 2500 50 0
718 2 1 2500 2350 100 250
1081 3 0 2350 2400 50 0
998 1 0 2400 2500 100 0
835 3 0 2500 2550 50 0
879 2 0 2550 2650 100 0
996 3 1 2650 2650 50 50
940 4 0 2650 2700 50 0
868 2 0 2700 2800 100 0
887 1 1 2800 2650 100 250
704 3 0 2650 2700 50 0
844 2 1 2700 2550 100 250
835 4 1 2550 2550 50 50
1109 3 1 2550 2550 50 50
745 2 1 2550 2400 100 250
885 2 1 2400 2250 100 250
1080 3 1 2250 2250 50 50
885 1 0 2250 2350 100 0
768 2 0 2350 2450 100 0
1570 3 1 2450 2450 50 50
898 4 0 2450 2500 50 0
773 2 0 2500 2600 100 0
872 1 0 2600 2700 100 0
998 3 1 2700 2700 50 50
757 2 0 2700 2800 100 0
1277 2 0 2800 2900 100 0
1070 2 1 2900 2750 100 250
1382 3 0 2750 2800 50 0
927 4 1 2800 2800 50 50
746 1 0 2800 2900 100 0
920 2 1 2900 2750 100 250
831 3 0 2750 2800 50 0
977 2 1 2800 2650 100 250
1122 4 1 2650 2650 50 50
905 2 0 2650 2750 100 0
793 1 1 2750 2600 100 250
858 3 0 2600 2650 50 0
766 2 1 2650 2500 100 250
1166 3 1 2500 2500 50 50
871 1 1 2500 2350 100 250
816 2 1 2350 2200 100 250
1025 3 1 2200 2200 50 50
1144 2 0 2200 2300 100 0
1017 2 0 2300 2400 100 0
976 3 0 2400 2450 50 0
1046 1 0 2450 2550 100 0
1012 4 0 2550 2600 50 0
746 2 1 2600 2450 100 250
933 3 1 2450 2450 50 50
829 1 0 2450 2550 100 0
722 2 1 2550 2400 100 250
690 3 1 2400 2400 50 50
823 4 0 2400 2450 50 0
663 2 1 2450 2300 100 250
753 1 1 2300 2150 100 250
801 2 0 2150 2250 100 0
768 3 1 2250 2250 50 50
739 2 1 2250 2100 100 250
971 1 1 2100 1950 100 250
1283 2 1 1950 1800 100 250
1004 2 1 1800 1650 100 250
1697 3 0 1650 1700 50 0
938 2 1 1700 1550 100 250
974 3 0 1550 1600 50 0
794 2 0 1600 1700 100 0
914 2 1 1700 1550 100 250
1053 2 1 1550 1400 100 250
893 3 1 1400 1400 50 50
1055 2 1 1400 1250 100 250
935 3 1 1250 1250 50 50
976 3 0 1250 1300 50 0
1067 2 1 1300 1150 100 250
970 3 1 1150 1150 50 50
1034 3 0 1150 1200 50 0
1074 2 1 1200 1050 100 250
998 3 0 1050 1100 50 0
