3490 3 0 2000 2050 50 0
1067 2 0 2050 2150 100 0
734 4 1 2150 2150 50 50
780 1 1 2150 2000 100 250
890 2 0 2000 2100 100 0
1100 2 1 2100 1950 100 250
661 1 1 1950 1800 100 250
1256 3 1 1800 1800 50 50
1340 3 0 1800 1850 50 0
1573 2 0 1850 1950 100 0
1971 4 0 1950 2000 50 0
765 1 1 2000 1850 100 250
662 2 0 1850 1950 100 0
1188 2 1 1950 1800 100 250
537 3 1 1800 1800 50 50
543 4 1 1800 1800 50 50
708 1 1 1800 1650 100 250
1265 1 1 1650 1500 100 250
541 2 1 1500 1350 100 250
997 4 0 1350 1400 50 0
1188 3 1 1400 1400 50 50
1128 3 0 1400 1450 50 0
926 4 0 1450 1500 50 0
614 2 0 1500 1600 100 0
895 3 1 1600 1600 50 50
485 2 0 1600 1700 100 0
1022 1 1 1700 1550 100 250
490 2 0 1550 1650 100 0
1137 2 1 1650 1500 100 250
469 3 1 1500 1500 50 50
640 4 1 1500 1500 50 50
517 1 0 1500 1600 100 0
988 1 0 1600 1700 100 0
718 2 0 1700 1800 100 0
833 3 0 1800 1850 50 0
913 3 1 1850 1850 50 50
586 4 1 1850 1850 50 50
583 2 1 1850 1700 100 250
463 3 0 1700 1750 50 0
693 2 1 1750 1600 100 250
406 3 1 1600 1600 50 50
802 1 0 1600 1700 100 0
558 1 1 1700 1550 100 250
421 2 0 1550 1650 100 0
700 3 0 1650 1700 50 0
644 2 1 1700 1550 100 250
527 3 0 1550 1600 50 0
962 4 0 1600 1650 50 0
4091 1 0 1650 1750 100 0
644 1 1 1750 1600 100 250
480 2 0 1600 1700 100 0
826 3 0 1700 1750 50 0
539 2 0 1750 1850 100 0
457 2 1 1850 1700 100 250
484 3 1 1700 1700 50 50
399 1 0 1700 1800 100 0
708 4 1 1800 1800 50 50
442 2 0 1800 1900 100 0
892 1 0 1900 2000 100 0
851 2 1 2000 1850 100 250
579 1 1 1850 1700 100 250
460 3 1 1700 1700 50 50
917 4 0 1700 1750 50 0
1062 2 0 1750 1850 100 0
679 1 1 1850 1700 100 250
484 2 1 1700 1550 100 250
555 3 0 1550 1600 50 0
765 3 0 1600 1650 50 0
861 4 0 1650 1700 50 0
782 1 1 1700 1550 100 250
477 2 1 1550 1400 100 250
516 1 1 1400 1250 100 250
759 3 0 1250 1300 50 0
541 3 0 1300 1350 50 0
645 3 0 1350 1400 50 0
997 3 0 1400 1450 50 0
450 3 1 1450 1450 50 50
469 4 1 1450 1450 50 50
331 2 0 1450 1550 100 0
514 2 1 1550 1400 100 250
469 1 1 1400 1250 100 250
575 3 1 1250 1250 50 50
748 4 0 1250 1300 50 0
721 2 0 1300 1400 100 0
804 1 0 1400 1500 100 0
1159 1 0 1500 1600 100 0
686 2 1 1600 1450 100 250
484 1 0 1450 1550 100 0
963 1 1 1550 1400 100 250
653 3 0 1400 1450 50 0
733 4 0 1450 1500 50 0
1019 2 0 1500 1600 100 0
716 2 0 1600 1700 100 0
836 3 1 1700 1700 50 50
366 2 0 1700 1800 100 0
477 2 1 1800 1650 100 250
517 2 1 1650 1500 100 250
331 4 1 1500 1500 50 50
364 1 1 1500 1350 100 250
426 2 1 1350 1200 100 250
