916 1 1 2000 1850 100 250
372 1 1 1850 1700 100 250
331 1 0 1700 1800 100 0
327 1 0 1800 1900 100 0
307 2 0 1900 2000 100 0
237 3 1 2000 2000 50 50
347 4 0 2000 2050 50 0
324 3 1 2050 2050 50 50
267 2 1 2050 1900 100 250
211 1 1 1900 1750 100 250
287 1 1 1750 1600 100 250
227 1 0 1600 1700 100 0
228 2 0 1700 1800 100 0
186 2 1 1800 1650 100 250
331 2 1 1650 1500 100 250
218 3 0 1500 1550 50 0
290 3 1 1550 1550 50 50
290 4 0 1550 1600 50 0
264 4 0 1600 1650 50 0
247 4 0 1650 1700 50 0
256 4 1 1700 1700 50 50
265 3 0 1700 1750 50 0
194 3 1 1750 1750 50 50
520 2 0 1750 1850 100 0
190 2 1 1850 1700 100 250
388 2 1 1700 1550 100 250
387 1 0 1550 1650 100 0
178 1 0 1650 1750 100 0
181 1 1 1750 1600 100 250
180 1 0 1600 1700 100 0
210 1 0 1700 1800 100 0
176 1 0 1800 1900 100 0
179 1 1 1900 1750 100 250
410 2 0 1750 1850 100 0
179 2 0 1850 1950 100 0
439 4 0 1950 2000 50 0
347 3 1 2000 2000 50 50
683 3 1 2000 2000 50 50
315 2 0 2000 2100 100 0
351 3 1 2100 2100 50 50
226 2 0 2100 2200 100 0
213 1 1 2200 2050 100 250
310 1 1 2050 1900 100 250
206 4 1 1900 1900 50 50
362 4 0 1900 1950 50 0
1019 4 1 1950 1950 50 50
473 3 0 1950 2000 50 0
804 2 1 2000 1850 100 250
313 3 0 1850 1900 50 0
317 3 1 1900 1900 50 50
339 3 0 1900 1950 50 0
386 3 1 1950 1950 50 50
282 3 0 1950 2000 50 0
953 1 0 2000 2100 100 0
601 2 0 2100 2200 100 0
617 3 1 2200 2200 50 50
513 4 1 2200 2200 50 50
643 1 0 2200 2300 100 0
404 1 0 2300 2400 100 0
494 1 1 2400 2250 100 250
640 2 0 2250 2350 100 0
464 3 1 2350 2350 50 50
332 2 1 2350 2200 100 250
795 1 1 2200 2050 100 250
667 4 1 2050 2050 50 50
857 3 0 2050 2100 50 0
457 2 1 2100 1950 100 250
395 3 0 1950 2000 50 0
473 3 0 2000 2050 50 0
399 3 0 2050 2100 50 0
1107 1 1 2100 1950 100 250
467 2 1 1950 1800 100 250
367 3 0 1800 1850 50 0
299 3 1 1850 1850 50 50
310 2 0 1850 1950 100 0
442 2 1 1950 1800 100 250
439 1 1 1800 1650 100 250
381 1 0 1650 1750 100 0
186 1 1 1750 1600 100 250
444 1 1 1600 1450 100 250
316 1 0 1450 1550 100 0
236 1 1 1550 1400 100 250
607 2 0 1400 1500 100 0
207 2 0 1500 1600 100 0
185 2 1 1600 1450 100 250
185 2 1 1450 1300 100 250
196 2 0 1300 1400 100 0
203 2 0 1400 1500 100 0
200 2 0 1500 1600 100 0
212 2 1 1600 1450 100 250
332 2 1 1450 1300 100 250
186 3 1 1300 1300 50 50
180 3 1 1300 1300 50 50
347 4 0 1300 1350 50 0
184 4 0 1350 1400 50 0
187 4 0 1400 1450 50 0
189 3 1 1450 1450 50 50
185 3 0 1450 1500 50 0
258 3 0 1500 1550 50 0
180 3 1 1550 1550 50 50
