4193 1 0 2000 2100 100 0
2972 1 1 2100 1950 100 250
2656 4 1 1950 1950 50 50
1523 3 1 1950 1950 50 50
1934 2 0 1950 2050 100 0
2212 1 1 2050 1900 100 250
2320 4 0 1900 1950 50 0
3572 3 1 1950 1950 50 50
1297 2 1 1950 1800 100 250
2306 4 0 1800 1850 50 0
2441 1 0 1850 1950 100 0
1009 2 0 1950 2050 100 0
2577 3 1 2050 2050 50 50
1266 2 1 2050 1900 100 250
4065 3 0 1900 1950 50 0
1071 3 1 1950 1950 50 50
1120 2 0 1950 2050 100 0
1320 1 1 2050 1900 100 250
1494 4 0 1900 1950 50 0
1185 3 0 1950 2000 50 0
1359 2 0 2000 2100 100 0
1211 3 0 2100 2150 50 0
1090 2 0 2150 2250 100 0
873 3 1 2250 2250 50 50
1027 4 0 2250 2300 50 0
1402 1 1 2300 2150 100 250
1028 2 0 2150 2250 100 0
1265 3 1 2250 2250 50 50
989 2 1 2250 2100 100 250
1244 3 0 2100 2150 50 0
1275 4 1 2150 2150 50 50
895 3 1 2150 2150 50 50
926 2 0 2150 2250 100 0
1050 1 1 2250 2100 100 250
1435 2 1 2100 1950 100 250
1163 3 1 1950 1950 50 50
1017 3 1 1950 1950 50 50
1803 1 0 1950 2050 100 0
853 1 0 2050 2150 100 0
628 1 0 2150 2250 100 0
624 1 1 2250 2100 100 250
1078 2 1 2100 1950 100 250
1092 3 1 1950 1950 50 50
876 4 1 1950 1950 50 50
732 3 1 1950 1950 50 50
799 3 0 1950 2000 50 0
823 2 1 2000 1850 100 250
944 2 0 1850 1950 100 0
1440 1 1 1950 1800 100 250
759 1 0 1800 1900 100 0
1192 2 0 1900 2000 100 0
987 3 1 2000 2000 50 50
895 4 0 2000 2050 50 0
1296 3 1 2050 2050 50 50
1109 2 0 2050 2150 100 0
959 1 1 2150 2000 100 250
1291 4 1 2000 2000 50 50
834 3 1 2000 2000 50 50
1492 2 1 2000 1850 100 250
957 3 0 1850 1900 50 0
1061 4 0 1900 1950 50 0
792 3 0 1950 2000 50 0
1556 2 1 2000 1850 100 250
884 1 1 1850 1700 100 250
788 2 0 1700 1800 100 0
936 3 1 1800 1800 50 50
977 4 1 1800 1800 50 50
619 3 0 1800 1850 50 0
1385 2 1 1850 1700 100 250
1018 2 0 1700 1800 100 0
748 2 1 1800 1650 100 250
1872 1 0 1650 1750 100 0
1215 3 0 1750 1800 50 0
1203 4 0 1800 1850 50 0
1717 3 0 1850 1900 50 0
3004 2 0 1900 2000 100 0
957 2 1 2000 1850 100 250
1029 3 0 1850 1900 50 0
1359 4 0 1900 1950 50 0
1379 2 1 1950 1800 100 250
778 2 0 1800 1900 100 0
12075 1 0 1900 2000 100 0
1113 2 0 2000 2100 100 0
851 3 1 2100 2100 50 50
1102 4 1 2100 2100 50 50
782 3 1 2100 2100 50 50
772 2 0 2100 2200 100 0
813 1 1 2200 2050 100 250
666 2 0 2050 2150 100 0
856 3 1 2150 2150 50 50
854 4 0 2150 2200 50 0
783 4 0 2200 2250 50 0
699 3 0 2250 2300 50 0
767 2 0 2300 2400 100 0
1049 1 1 2400 2250 100 250
771 1 0 2250 2350 100 0
656 2 1 2350 2200 100 250
905 3 1 2200 2200 50 50
979 4 0 2200 2250 50 0
843 3 1 2250 2250 50 50
