2016 1 1 2000 1850 100 250
783 2 0 1850 1950 100 0
177 2 0 1950 2050 100 0
146 2 1 2050 1900 100 250
160 2 1 1900 1750 100 250
154 2 1 1750 1600 100 250
153 2 0 1600 1700 100 0
158 2 0 1700 1800 100 0
130 2 1 1800 1650 100 250
176 3 0 1650 1700 50 0
146 3 1 1700 1700 50 50
139 3 0 1700 1750 50 0
160 3 1 1750 1750 50 50
155 3 1 1750 1750 50 50
564 4 0 1750 1800 50 0
157 4 0 1800 1850 50 0
179 4 0 1850 1900 50 0
157 4 1 1900 1900 50 50
598 1 0 1900 2000 100 0
147 1 0 2000 2100 100 0
155 1 1 2100 1950 100 250
156 1 1 1950 1800 100 250
156 1 1 1800 1650 100 250
152 1 1 1650 1500 100 250
178 1 0 1500 1600 100 0
347 1 1 1600 1450 100 250
171 1 0 1450 1550 100 0
224 1 0 1550 1650 100 0
187 1 0 1650 1750 100 0
179 1 0 1750 1850 100 0
195 1 1 1850 1700 100 250
195 1 1 1700 1550 100 250
203 1 1 1550 1400 100 250
204 1 0 1400 1500 100 0
197 1 1 1500 1350 100 250
204 1 1 1350 1200 100 250
185 1 0 1200 1300 100 0
197 1 0 1300 1400 100 0
211 1 1 1400 1250 100 250
195 1 0 1250 1350 100 0
171 1 1 1350 1200 100 250
233 2 0 1200 1300 100 0
169 2 1 1300 1150 100 250
178 2 1 1150 1000 100 250
208 2 1 1000 850 100 250
180 2 0 850 950 100 0
147 2 0 950 1050 100 0
179 2 1 1050 900 100 250
166 2 1 900 750 100 250
169 2 1 750 600 100 250
164 2 1 600 450 100 250
627 2 0 450 550 100 0
236 3 1 550 550 50 50
277 4 0 550 600 50 0
214 3 0 600 650 50 0
365 2 1 650 500 100 250
395 1 1 500 350 100 250
185 1 1 350 200 100 250
227 1 1 200 50 100 250
202 1 1 50 -100 100 250
705 2 0 -100 0 100 0
179 2 1 0 -150 100 250
249 2 1 -150 -300 100 250
364 2 0 -300 -200 100 0
163 2 0 -200 -100 100 0
171 2 1 -100 -250 100 250
195 2 0 -250 -150 100 0
490 3 0 -150 -100 50 0
164 3 1 -100 -100 50 50
182 3 1 -100 -100 50 50
187 3 0 -100 -50 50 0
195 3 0 -50 0 50 0
195 3 1 0 0 50 50
187 3 0 0 50 50 0
188 3 0 50 100 50 0
204 3 0 100 150 50 0
226 3 0 150 200 50 0
187 3 1 200 200 50 50
209 3 0 200 250 50 0
194 3 1 250 250 50 50
196 3 1 250 250 50 50
205 3 0 250 300 50 0
188 3 1 300 300 50 50
187 4 1 300 300 50 50
194 4 0 300 350 50 0
187 4 0 350 400 50 0
171 4 0 400 450 50 0
201 4 0 450 500 50 0
203 4 0 500 550 50 0
185 4 0 550 600 50 0
251 4 0 600 650 50 0
195 4 1 650 650 50 50
596 3 1 650 650 50 50
186 3 0 650 700 50 0
219 3 1 700 700 50 50
195 3 1 700 700 50 50
187 3 0 700 750 50 0
203 3 0 750 800 50 0
194 3 1 800 800 50 50
211 3 0 800 850 50 0
