3422 2 1 2000 1850 100 250
4052 4 0 1850 1900 50 0
1620 3 0 1900 1950 50 0
3475 3 0 1950 2000 50 0
4529 1 0 2000 2100 100 0
2138 1 1 2100 1950 100 250
1244 2 1 1950 1800 100 250
3255 4 0 1800 1850 50 0
1642 3 0 1850 1900 50 0
1371 3 1 1900 1900 50 50
888 2 1 1900 1750 100 250
961 4 0 1750 1800 50 0
998 1 1 1800 1650 100 250
2298 2 1 1650 1500 100 250
1476 3 0 1500 1550 50 0
1047 3 0 1550 1600 50 0
601 3 1 1600 1600 50 50
873 3 1 1600 1600 50 50
419 3 1 1600 1600 50 50
511 3 0 1600 1650 50 0
1700 3 1 1650 1650 50 50
381 3 1 1650 1650 50 50
322 3 0 1650 1700 50 0
521 3 1 1700 1700 50 50
348 3 1 1700 1700 50 50
355 3 0 1700 1750 50 0
732 3 1 1750 1750 50 50
368 3 0 1750 1800 50 0
379 3 1 1800 1800 50 50
364 3 0 1800 1850 50 0
375 3 0 1850 1900 50 0
753 2 1 1900 1750 100 250
514 4 0 1750 1800 50 0
682 3 0 1800 1850 50 0
1091 1 0 1850 1950 100 0
628 3 1 1950 1950 50 50
383 3 1 1950 1950 50 50
466 3 0 1950 2000 50 0
382 3 0 2000 2050 50 0
369 3 1 2050 2050 50 50
420 3 1 2050 2050 50 50
387 3 0 2050 2100 50 0
349 3 0 2100 2150 50 0
3493 1 0 2150 2250 100 0
434 3 0 2250 2300 50 0
390 3 0 2300 2350 50 0
429 3 1 2350 2350 50 50
643 2 1 2350 2200 100 250
398 3 0 2200 2250 50 0
398 3 1 2250 2250 50 50
356 3 1 2250 2250 50 50
358 3 0 2250 2300 50 0
366 3 0 2300 2350 50 0
334 3 0 2350 2400 50 0
337 3 1 2400 2400 50 50
358 3 0 2400 2450 50 0
331 3 1 2450 2450 50 50
331 3 1 2450 2450 50 50
309 3 0 2450 2500 50 0
358 3 0 2500 2550 50 0
319 3 0 2550 2600 50 0
338 3 0 2600 2650 50 0
370 3 0 2650 2700 50 0
437 3 1 2700 2700 50 50
360 3 1 2700 2700 50 50
319 3 1 2700 2700 50 50
476 3 0 2700 2750 50 0
2073 3 0 2750 2800 50 0
1531 3 1 2800 2800 50 50
1859 3 1 2800 2800 50 50
367 3 1 2800 2800 50 50
316 3 0 2800 2850 50 0
341 3 1 2850 2850 50 50
344 3 1 2850 2850 50 50
335 3 0 2850 2900 50 0
416 3 0 2900 2950 50 0
346 3 1 2950 2950 50 50
424 3 1 2950 2950 50 50
340 3 0 2950 3000 50 0
463 3 1 3000 3000 50 50
391 2 1 3000 2850 100 250
439 2 0 2850 2950 100 0
1003 1 0 2950 3050 100 0
1202 3 1 3050 3050 50 50
475 3 0 3050 3100 50 0
974 3 1 3100 3100 50 50
763 3 1 3100 3100 50 50
670 3 0 3100 3150 50 0
553 3 0 3150 3200 50 0
559 3 1 3200 3200 50 50
398 3 1 3200 3200 50 50
447 3 0 3200 3250 50 0
321 3 1 3250 3250 50 50
318 3 0 3250 3300 50 0
441 3 1 3300 3300 50 50
494 1 0 3300 3400 100 0
398 3 1 3400 3400 50 50
410 3 0 3400 3450 50 0
298 3 1 3450 3450 50 50
334 3 1 3450 3450 50 50
