3336 1 1 2000 1850 100 250
1025 3 0 1850 1900 50 0
526 2 1 1900 1750 100 250
823 4 0 1750 1800 50 0
439 3 1 1800 1800 50 50
582 2 0 1800 1900 100 0
459 2 0 1900 2000 100 0
370 2 0 2000 2100 100 0
416 2 0 2100 2200 100 0
398 2 0 2200 2300 100 0
449 2 0 2300 2400 100 0
378 2 0 2400 2500 100 0
1092 1 0 2500 2600 100 0
355 2 1 2600 2450 100 250
631 1 0 2450 2550 100 0
369 1 1 2550 2400 100 250
476 4 0 2400 2450 50 0
335 2 1 2450 2300 100 250
618 1 0 2300 2400 100 0
804 1 1 2400 2250 100 250
600 3 0 2250 2300 50 0
507 2 1 2300 2150 100 250
360 2 0 2150 2250 100 0
358 2 0 2250 2350 100 0
536 2 0 2350 2450 100 0
485 2 1 2450 2300 100 250
885 3 1 2300 2300 50 50
416 3 0 2300 2350 50 0
345 3 0 2350 2400 50 0
423 3 0 2400 2450 50 0
472 1 1 2450 2300 100 250
555 1 1 2300 2150 100 250
533 1 0 2150 2250 100 0
323 2 0 2250 2350 100 0
413 2 1 2350 2200 100 250
704 3 1 2200 2200 50 50
676 4 0 2200 2250 50 0
302 2 0 2250 2350 100 0
309 2 1 2350 2200 100 250
369 3 0 2200 2250 50 0
581 4 0 2250 2300 50 0
709 1 1 2300 2150 100 250
389 2 0 2150 2250 100 0
325 2 0 2250 2350 100 0
544 1 1 2350 2200 100 250
384 2 1 2200 2050 100 250
338 2 0 2050 2150 100 0
367 2 1 2150 2000 100 250
479 2 1 2000 1850 100 250
527 3 0 1850 1900 50 0
452 3 1 1900 1900 50 50
400 2 0 1900 2000 100 0
452 2 0 2000 2100 100 0
483 1 0 2100 2200 100 0
411 2 1 2200 2050 100 250
506 1 1 2050 1900 100 250
625 1 1 1900 1750 100 250
468 2 1 1750 1600 100 250
415 2 0 1600 1700 100 0
356 2 1 1700 1550 100 250
419 3 0 1550 1600 50 0
430 3 1 1600 1600 50 50
392 2 0 1600 1700 100 0
479 2 0 1700 1800 100 0
378 2 1 1800 1650 100 250
493 2 1 1650 1500 100 250
363 2 0 1500 1600 100 0
350 2 1 1600 1450 100 250
423 2 1 1450 1300 100 250
388 2 0 1300 1400 100 0
732 1 1 1400 1250 100 250
568 3 1 1250 1250 50 50
505 4 0 1250 1300 50 0
422 3 1 1300 1300 50 50
368 2 0 1300 1400 100 0
342 2 0 1400 1500 100 0
405 2 0 1500 1600 100 0
412 1 1 1600 1450 100 250
432 1 0 1450 1550 100 0
414 1 1 1550 1400 100 250
385 2 0 1400 1500 100 0
331 2 1 1500 1350 100 250
300 2 1 1350 1200 100 250
321 2 1 1200 1050 100 250
365 2 0 1050 1150 100 0
534 2 1 1150 1000 100 250
441 2 1 1000 850 100 250
441 2 0 850 950 100 0
343 2 0 950 1050 100 0
260 2 0 1050 1150 100 0
322 2 1 1150 1000 100 250
377 2 1 1000 850 100 250
300 2 1 850 700 100 250
286 2 1 700 550 100 250
285 2 1 550 400 100 250
283 2 0 400 500 100 0
266 2 1 500 350 100 250
311 2 1 350 200 100 250
277 2 1 200 50 100 250
289 2 1 50 -100 100 250
