10780 2 0 2000 2100 100 0
3175 3 1 2100 2100 50 50
3793 1 1 2100 1950 100 250
7727 4 0 1950 2000 50 0
4273 3 0 2000 2050 50 0
2156 3 0 2050 2100 50 0
2518 2 0 2100 2200 100 0
1033 2 0 2200 2300 100 0
1406 2 0 2300 2400 100 0
2901 2 1 2400 2250 100 250
1088 2 1 2250 2100 100 250
1108 2 0 2100 2200 100 0
1293 2 1 2200 2050 100 250
1219 2 1 2050 1900 100 250
1333 3 0 1900 1950 50 0
4776 4 1 1950 1950 50 50
1743 2 1 1950 1800 100 250
4611 1 0 1800 1900 100 0
1649 2 0 1900 2000 100 0
2011 2 0 2000 2100 100 0
1752 2 0 2100 2200 100 0
1822 3 1 2200 2200 50 50
992 2 0 2200 2300 100 0
1100 2 1 2300 2150 100 250
1440 3 1 2150 2150 50 50
1122 2 1 2150 2000 100 250
1096 2 1 2000 1850 100 250
1776 3 1 1850 1850 50 50
1375 3 0 1850 1900 50 0
1176 2 0 1900 2000 100 0
766 2 0 2000 2100 100 0
888 2 1 2100 1950 100 250
766 2 0 1950 2050 100 0
1242 2 0 2050 2150 100 0
1122 2 0 2150 2250 100 0
945 2 0 2250 2350 100 0
1054 2 1 2350 2200 100 250
746 2 0 2200 2300 100 0
1125 2 0 2300 2400 100 0
1011 2 1 2400 2250 100 250
1244 2 1 2250 2100 100 250
813 2 0 2100 2200 100 0
834 2 0 2200 2300 100 0
794 2 0 2300 2400 100 0
1463 2 0 2400 2500 100 0
843 2 1 2500 2350 100 250
690 2 0 2350 2450 100 0
781 2 1 2450 2300 100 250
917 2 1 2300 2150 100 250
733 2 1 2150 2000 100 250
712 2 1 2000 1850 100 250
1519 3 1 1850 1850 50 50
859 2 1 1850 1700 100 250
1773 2 0 1700 1800 100 0
1193 2 1 1800 1650 100 250
658 2 1 1650 1500 100 250
714 2 0 1500 1600 100 0
1543 2 1 1600 1450 100 250
952 2 0 1450 1550 100 0
913 2 0 1550 1650 100 0
1033 2 0 1650 1750 100 0
1853 2 1 1750 1600 100 250
1264 2 0 1600 1700 100 0
1084 2 1 1700 1550 100 250
827 2 0 1550 1650 100 0
755 2 1 1650 1500 100 250
663 2 1 1500 1350 100 250
699 2 0 1350 1450 100 0
650 2 0 1450 1550 100 0
597 2 1 1550 1400 100 250
580 2 1 1400 1250 100 250
656 2 1 1250 1100 100 250
568 2 0 1100 1200 100 0
1510 3 1 1200 1200 50 50
917 3 1 1200 1200 50 50
807 3 0 1200 1250 50 0
631 3 0 1250 1300 50 0
570 3 1 1300 1300 50 50
616 3 1 1300 1300 50 50
504 3 0 1300 1350 50 0
705 3 1 1350 1350 50 50
1439 1 1 1350 1200 100 250
990 1 1 1200 1050 100 250
682 1 1 1050 900 100 250
1419 2 0 900 1000 100 0
1178 2 1 1000 850 100 250
630 2 0 850 950 100 0
637 2 0 950 1050 100 0
645 2 0 1050 1150 100 0
611 2 1 1150 1000 100 250
621 2 1 1000 850 100 250
573 2 1 850 700 100 250
546 2 0 700 800 100 0
513 2 0 800 900 100 0
548 2 0 900 1000 100 0
5241 2 0 1000 1100 100 0
631 2 0 1100 1200 100 0
766 2 1 1200 1050 100 250
983 2 1 1050 900 100 250
1581 2 1 900 750 100 250
