1905 1 1 2000 1850 100 250
2006 1 1 1850 1700 100 250
1107 1 0 1700 1800 100 0
2380 1 1 1800 1650 100 250
889 2 0 1650 1750 100 0
776 1 1 1750 1600 100 250
1422 1 1 1600 1450 100 250
790 2 1 1450 1300 100 250
714 2 1 1300 1150 100 250
1256 3 0 1150 1200 50 0
1023 1 1 1200 1050 100 250
649 1 0 1050 1150 100 0
1142 4 0 1150 1200 50 0
876 1 1 1200 1050 100 250
1794 1 1 1050 900 100 250
882 1 0 900 1000 100 0
900 3 0 1000 1050 50 0
2040 2 1 1050 900 100 250
688 3 0 900 950 50 0
1492 1 0 950 1050 100 0
1382 1 1 1050 900 100 250
720 1 1 900 750 100 250
664 1 1 750 600 100 250
756 2 0 600 700 100 0
830 3 0 700 750 50 0
829 2 1 750 600 100 250
550 3 1 600 600 50 50
650 3 1 600 600 50 50
644 3 1 600 600 50 50
722 3 0 600 650 50 0
599 3 0 650 700 50 0
517 3 0 700 750 50 0
576 3 0 750 800 50 0
557 3 0 800 850 50 0
560 3 0 850 900 50 0
581 3 1 900 900 50 50
677 3 1 900 900 50 50
536 3 0 900 950 50 0
530 3 0 950 1000 50 0
558 3 0 1000 1050 50 0
549 3 1 1050 1050 50 50
532 3 0 1050 1100 50 0
610 3 0 1100 1150 50 0
172 3 1 1150 1150 50 50
164 3 0 1150 1200 50 0
175 3 1 1200 1200 50 50
174 3 1 1200 1200 50 50
175 3 1 1200 1200 50 50
169 3 0 1200 1250 50 0
169 3 0 1250 1300 50 0
174 3 0 1300 1350 50 0
136 3 0 1350 1400 50 0
162 3 1 1400 1400 50 50
175 3 1 1400 1400 50 50
183 3 0 1400 1450 50 0
187 3 0 1450 1500 50 0
195 3 0 1500 1550 50 0
225 3 0 1550 1600 50 0
189 3 0 1600 1650 50 0
169 3 0 1650 1700 50 0
194 3 0 1700 1750 50 0
201 3 1 1750 1750 50 50
195 3 1 1750 1750 50 50
1094 3 1 1750 1750 50 50
1391 4 0 1750 1800 50 0
950 4 1 1800 1800 50 50
372 4 1 1800 1800 50 50
171 4 1 1800 1800 50 50
185 4 0 1800 1850 50 0
183 4 1 1850 1850 50 50
188 4 0 1850 1900 50 0
185 4 0 1900 1950 50 0
201 4 1 1950 1950 50 50
204 4 1 1950 1950 50 50
187 4 0 1950 2000 50 0
196 4 0 2000 2050 50 0
168 4 0 2050 2100 50 0
202 4 1 2100 2100 50 50
199 4 1 2100 2100 50 50
180 4 0 2100 2150 50 0
202 4 1 2150 2150 50 50
209 4 1 2150 2150 50 50
196 4 1 2150 2150 50 50
202 4 1 2150 2150 50 50
201 4 0 2150 2200 50 0
202 4 0 2200 2250 50 0
216 4 0 2250 2300 50 0
198 4 0 2300 2350 50 0
190 4 0 2350 2400 50 0
197 4 1 2400 2400 50 50
192 4 1 2400 2400 50 50
184 4 0 2400 2450 50 0
194 4 0 2450 2500 50 0
181 4 1 2500 2500 50 50
190 4 1 2500 2500 50 50
162 4 1 2500 2500 50 50
182 4 1 2500 2500 50 50
175 4 0 2500 2550 50 0
177 4 1 2550 2550 50 50
168 4 1 2550 2550 50 50
