4971 2 0 2000 2100 100 0
4243 4 0 2100 2150 50 0
1783 3 1 2150 2150 50 50
2766 1 1 2150 2000 100 250
1016 2 1 2000 1850 100 250
2022 4 1 1850 1850 50 50
803 3 1 1850 1850 50 50
741 2 1 1850 1700 100 250
934 1 0 1700 1800 100 0
867 1 1 1800 1650 100 250
1539 3 0 1650 1700 50 0
716 2 1 1700 1550 100 250
1139 4 0 1550 1600 50 0
1500 4 0 1600 1650 50 0
675 3 0 1650 1700 50 0
1416 4 1 1700 1700 50 50
889 2 1 1700 1550 100 250
988 1 0 1550 1650 100 0
623 1 0 1650 1750 100 0
2215 2 0 1750 1850 100 0
762 3 1 1850 1850 50 50
628 2 1 1850 1700 100 250
805 1 0 1700 1800 100 0
926 4 1 1800 1800 50 50
638 3 0 1800 1850 50 0
728 2 0 1850 1950 100 0
857 1 0 1950 2050 100 0
763 2 0 2050 2150 100 0
1118 3 0 2150 2200 50 0
676 2 1 2200 2050 100 250
778 1 1 2050 1900 100 250
946 4 1 1900 1900 50 50
686 2 1 1900 1750 100 250
1112 3 1 1750 1750 50 50
696 2 0 1750 1850 100 0
808 1 1 1850 1700 100 250
902 2 0 1700 1800 100 0
905 3 0 1800 1850 50 0
1222 4 0 1850 1900 50 0
683 3 1 1900 1900 50 50
736 2 1 1900 1750 100 250
858 1 0 1750 1850 100 0
748 2 0 1850 1950 100 0
971 3 1 1950 1950 50 50
837 4 1 1950 1950 50 50
1009 3 0 1950 2000 50 0
882 2 0 2000 2100 100 0
725 1 0 2100 2200 100 0
859 2 1 2200 2050 100 250
991 3 0 2050 2100 50 0
1253 4 0 2100 2150 50 0
952 2 0 2150 2250 100 0
898 1 1 2250 2100 100 250
824 3 1 2100 2100 50 50
743 2 1 2100 1950 100 250
887 1 0 1950 2050 100 0
847 4 1 2050 2050 50 50
780 2 0 2050 2150 100 0
684 1 1 2150 2000 100 250
876 3 1 2000 2000 50 50
900 4 0 2000 2050 50 0
784 3 1 2050 2050 50 50
802 2 0 2050 2150 100 0
861 1 1 2150 2000 100 250
712 3 1 2000 2000 50 50
612 2 0 2000 2100 100 0
892 1 1 2100 1950 100 250
895 4 0 1950 2000 50 0
1812 3 0 2000 2050 50 0
661 2 0 2050 2150 100 0
883 4 1 2150 2150 50 50
833 2 1 2150 2000 100 250
698 1 0 2000 2100 100 0
792 3 0 2100 2150 50 0
729 2 1 2150 2000 100 250
797 4 0 2000 2050 50 0
792 3 0 2050 2100 50 0
876 1 1 2100 1950 100 250
647 2 1 1950 1800 100 250
877 3 0 1800 1850 50 0
847 4 0 1850 1900 50 0
804 2 1 1900 1750 100 250
807 3 0 1750 1800 50 0
707 1 1 1800 1650 100 250
969 4 1 1650 1650 50 50
753 2 1 1650 1500 100 250
642 3 0 1500 1550 50 0
797 1 0 1550 1650 100 0
1238 4 1 1650 1650 50 50
847 2 1 1650 1500 100 250
833 1 1 1500 1350 100 250
752 2 0 1350 1450 100 0
710 3 0 1450 1500 50 0
1247 4 0 1500 1550 50 0
961 2 0 1550 1650 100 0
776 1 1 1650 1500 100 250
971 3 1 1500 1500 50 50
708 2 0 1500 1600 100 0
687 2 1 1600 1450 100 250
1083 1 1 1450 1300 100 250
