3112 2 1 2000 1850 100 250
2593 1 0 1850 1950 100 0
1334 3 0 1950 2000 50 0
1200 4 1 2000 2000 50 50
1857 1 0 2000 2100 100 0
906 1 0 2100 2200 100 0
928 1 0 2200 2300 100 0
815 3 0 2300 2350 50 0
756 1 0 2350 2450 100 0
737 1 1 2450 2300 100 250
1242 2 1 2300 2150 100 250
1056 4 0 2150 2200 50 0
960 4 0 2200 2250 50 0
874 4 1 2250 2250 50 50
597 3 1 2250 2250 50 50
695 1 0 2250 2350 100 0
607 2 1 2350 2200 100 250
593 1 0 2200 2300 100 0
633 1 1 2300 2150 100 250
832 4 0 2150 2200 50 0
633 1 0 2200 2300 100 0
814 4 0 2300 2350 50 0
706 1 1 2350 2200 100 250
570 2 1 2200 2050 100 250
803 3 0 2050 2100 50 0
533 4 1 2100 2100 50 50
880 1 0 2100 2200 100 0
879 2 1 2200 2050 100 250
597 3 1 2050 2050 50 50
1349 4 1 2050 2050 50 50
486 4 0 2050 2100 50 0
808 4 0 2100 2150 50 0
840 4 1 2150 2150 50 50
558 4 1 2150 2150 50 50
583 4 1 2150 2150 50 50
656 4 1 2150 2150 50 50
1243 1 0 2150 2250 100 0
904 4 0 2250 2300 50 0
610 4 1 2300 2300 50 50
738 1 0 2300 2400 100 0
885 4 1 2400 2400 50 50
575 4 0 2400 2450 50 0
873 1 1 2450 2300 100 250
646 4 0 2300 2350 50 0
622 4 1 2350 2350 50 50
485 4 1 2350 2350 50 50
424 4 0 2350 2400 50 0
599 4 0 2400 2450 50 0
506 4 0 2450 2500 50 0
744 4 0 2500 2550 50 0
521 4 1 2550 2550 50 50
747 4 1 2550 2550 50 50
571 4 0 2550 2600 50 0
571 4 1 2600 2600 50 50
550 4 1 2600 2600 50 50
1077 4 1 2600 2600 50 50
627 4 0 2600 2650 50 0
1183 1 1 2650 2500 100 250
460 1 0 2500 2600 100 0
487 1 0 2600 2700 100 0
1641 1 1 2700 2550 100 250
422 1 0 2550 2650 100 0
507 1 0 2650 2750 100 0
714 4 0 2750 2800 50 0
696 4 1 2800 2800 50 50
580 4 1 2800 2800 50 50
486 4 0 2800 2850 50 0
572 4 0 2850 2900 50 0
657 4 0 2900 2950 50 0
782 4 0 2950 3000 50 0
619 4 1 3000 3000 50 50
461 4 1 3000 3000 50 50
520 4 0 3000 3050 50 0
627 4 0 3050 3100 50 0
1174 4 1 3100 3100 50 50
760 4 0 3100 3150 50 0
854 4 1 3150 3150 50 50
557 4 1 3150 3150 50 50
580 4 0 3150 3200 50 0
643 4 0 3200 3250 50 0
646 4 1 3250 3250 50 50
591 4 1 3250 3250 50 50
728 4 1 3250 3250 50 50
571 4 1 3250 3250 50 50
657 4 1 3250 3250 50 50
1038 1 1 3250 3100 100 250
556 1 1 3100 2950 100 250
468 1 1 2950 2800 100 250
1063 1 0 2800 2900 100 0
512 1 0 2900 3000 100 0
737 4 0 3000 3050 50 0
573 4 1 3050 3050 50 50
472 4 0 3050 3100 50 0
581 4 1 3100 3100 50 50
802 4 0 3100 3150 50 0
449 4 1 3150 3150 50 50
615 4 1 3150 3150 50 50
463 4 1 3150 3150 50 50
530 4 0 3150 3200 50 0
465 4 0 3200 3250 50 0
