5577 1 1 2000 1850 100 250
6106 3 0 1850 1900 50 0
1817 2 0 1900 2000 100 0
1511 4 0 2000 2050 50 0
1049 3 1 2050 2050 50 50
2102 1 1 2050 1900 100 250
1077 3 0 1900 1950 50 0
799 3 1 1950 1950 50 50
1068 4 1 1950 1950 50 50
942 2 0 1950 2050 100 0
912 2 1 2050 1900 100 250
847 3 0 1900 1950 50 0
891 1 0 1950 2050 100 0
1350 4 0 2050 2100 50 0
1334 2 1 2100 1950 100 250
908 3 1 1950 1950 50 50
760 4 0 1950 2000 50 0
871 3 0 2000 2050 50 0
907 2 1 2050 1900 100 250
807 1 1 1900 1750 100 250
1432 3 0 1750 1800 50 0
701 3 0 1800 1850 50 0
767 3 1 1850 1850 50 50
826 2 1 1850 1700 100 250
938 4 0 1700 1750 50 0
726 3 0 1750 1800 50 0
970 3 1 1800 1800 50 50
3053 3 0 1800 1850 50 0
1443 2 1 1850 1700 100 250
800 3 0 1700 1750 50 0
791 3 1 1750 1750 50 50
1040 4 0 1750 1800 50 0
774 3 1 1800 1800 50 50
743 2 0 1800 1900 100 0
737 3 1 1900 1900 50 50
851 3 1 1900 1900 50 50
800 3 0 1900 1950 50 0
755 3 0 1950 2000 50 0
1690 4 1 2000 2000 50 50
830 4 1 2000 2000 50 50
855 4 1 2000 2000 50 50
797 3 0 2000 2050 50 0
1213 4 1 2050 2050 50 50
1705 4 0 2050 2100 50 0
1264 4 0 2100 2150 50 0
797 4 0 2150 2200 50 0
814 4 1 2200 2200 50 50
660 3 1 2200 2200 50 50
756 4 1 2200 2200 50 50
680 3 1 2200 2200 50 50
667 4 1 2200 2200 50 50
993 1 0 2200 2300 100 0
776 1 0 2300 2400 100 0
755 1 1 2400 2250 100 250
790 2 0 2250 2350 100 0
692 2 1 2350 2200 100 250
1200 1 0 2200 2300 100 0
586 1 0 2300 2400 100 0
833 1 1 2400 2250 100 250
668 2 0 2250 2350 100 0
628 2 0 2350 2450 100 0
776 3 0 2450 2500 50 0
1027 4 1 2500 2500 50 50
1234 3 1 2500 2500 50 50
1012 1 1 2500 2350 100 250
677 1 1 2350 2200 100 250
671 1 0 2200 2300 100 0
601 1 1 2300 2150 100 250
685 2 0 2150 2250 100 0
635 2 1 2250 2100 100 250
675 1 0 2100 2200 100 0
850 1 0 2200 2300 100 0
864 3 0 2300 2350 50 0
665 3 0 2350 2400 50 0
615 3 0 2400 2450 50 0
629 3 1 2450 2450 50 50
658 3 1 2450 2450 50 50
594 3 0 2450 2500 50 0
648 3 0 2500 2550 50 0
629 3 0 2550 2600 50 0
622 3 0 2600 2650 50 0
716 3 1 2650 2650 50 50
1338 4 1 2650 2650 50 50
631 4 1 2650 2650 50 50
622 3 1 2650 2650 50 50
643 4 1 2650 2650 50 50
693 3 0 2650 2700 50 0
664 3 1 2700 2700 50 50
629 3 0 2700 2750 50 0
680 2 0 2750 2850 100 0
1275 2 0 2850 2950 100 0
1200 1 0 2950 3050 100 0
990 1 0 3050 3150 100 0
961 2 1 3150 3000 100 250
716 1 1 3000 2850 100 250
609 2 1 2850 2700 100 250
657 3 1 2700 2700 50 50
643 3 0 2700 2750 50 0
617 3 1 2750 2750 50 50
638 4 1 2750 2750 50 50
