10417 1 0 2000 2100 100 0
4435 2 1 2100 1950 100 250
5216 2 0 1950 2050 100 0
2171 3 0 2050 2100 50 0
944 1 1 2100 1950 100 250
967 4 0 1950 2000 50 0
1093 3 1 2000 2000 50 50
578 2 1 2000 1850 100 250
813 1 1 1850 1700 100 250
731 2 0 1700 1800 100 0
717 3 1 1800 1800 50 50
889 2 1 1800 1650 100 250
1110 1 0 1650 1750 100 0
1270 4 1 1750 1750 50 50
684 3 0 1750 1800 50 0
671 2 0 1800 1900 100 0
2118 2 1 1900 1750 100 250
1276 1 1 1750 1600 100 250
1108 3 1 1600 1600 50 50
1116 4 1 1600 1600 50 50
1319 2 0 1600 1700 100 0
3445 4 0 1700 1750 50 0
2786 3 0 1750 1800 50 0
1808 1 0 1800 1900 100 0
3552 3 0 1900 1950 50 0
2898 2 1 1950 1800 100 250
936 4 0 1800 1850 50 0
853 1 0 1850 1950 100 0
887 3 0 1950 2000 50 0
4994 1 1 2000 1850 100 250
1124 2 0 1850 1950 100 0
862 4 1 1950 1950 50 50
846 3 1 1950 1950 50 50
594 2 0 1950 2050 100 0
557 2 1 2050 1900 100 250
886 1 0 1900 2000 100 0
2526 4 0 2000 2050 50 0
5674 2 0 2050 2150 100 0
3956 1 1 2150 2000 100 250
1010 3 1 2000 2000 50 50
647 2 1 2000 1850 100 250
839 4 0 1850 1900 50 0
1335 3 0 1900 1950 50 0
2205 1 0 1950 2050 100 0
2068 2 1 2050 1900 100 250
1892 1 1 1900 1750 100 250
3385 3 1 1750 1750 50 50
790 4 1 1750 1750 50 50
724 2 1 1750 1600 100 250
873 3 0 1600 1650 50 0
511 3 0 1650 1700 50 0
959 1 1 1700 1550 100 250
824 3 0 1550 1600 50 0
904 4 1 1600 1600 50 50
757 2 1 1600 1450 100 250
646 1 0 1450 1550 100 0
1668 3 0 1550 1600 50 0
2251 1 1 1600 1450 100 250
1419 4 0 1450 1500 50 0
778 3 0 1500 1550 50 0
1179 1 0 1550 1650 100 0
750 2 1 1650 1500 100 250
727 3 1 1500 1500 50 50
665 4 0 1500 1550 50 0
1836 1 1 1550 1400 100 250
634 3 0 1400 1450 50 0
1958 1 0 1450 1550 100 0
1594 3 0 1550 1600 50 0
783 1 0 1600 1700 100 0
936 3 1 1700 1700 50 50
1692 3 0 1700 1750 50 0
3116 2 0 1750 1850 100 0
840 4 1 1850 1850 50 50
1529 1 1 1850 1700 100 250
1134 2 0 1700 1800 100 0
899 3 1 1800 1800 50 50
1774 4 0 1800 1850 50 0
1009 1 0 1850 1950 100 0
2094 2 1 1950 1800 100 250
901 2 1 1800 1650 100 250
762 2 1 1650 1500 100 250
334 2 0 1500 1600 100 0
155 2 1 1600 1450 100 250
108 2 1 1450 1300 100 250
141 2 0 1300 1400 100 0
156 2 1 1400 1250 100 250
167 3 1 1250 1250 50 50
170 3 0 1250 1300 50 0
268 3 0 1300 1350 50 0
142 3 1 1350 1350 50 50
146 1 1 1350 1200 100 250
196 1 1 1200 1050 100 250
205 1 0 1050 1150 100 0
157 1 1 1150 1000 100 250
340 1 1 1000 850 100 250
148 1 1 850 700 100 250
142 1 0 700 800 100 0
107 1 1 800 650 100 250
142 1 0 650 750 100 0
156 1 0 750 850 100 0
