1064 2 1 2000 1850 100 250
554 3 1 1850 1850 50 50
425 4 1 1850 1850 50 50
434 1 0 1850 1950 100 0
193 1 0 1950 2050 100 0
195 1 0 2050 2150 100 0
171 1 0 2150 2250 100 0
186 1 0 2250 2350 100 0
354 1 1 2350 2200 100 250
189 2 1 2200 2050 100 250
160 2 1 2050 1900 100 250
586 3 1 1900 1900 50 50
584 4 0 1900 1950 50 0
188 4 0 1950 2000 50 0
208 4 0 2000 2050 50 0
900 1 1 2050 1900 100 250
410 2 1 1900 1750 100 250
425 2 1 1750 1600 100 250
476 3 0 1600 1650 50 0
280 3 0 1650 1700 50 0
194 3 1 1700 1700 50 50
481 4 1 1700 1700 50 50
286 4 1 1700 1700 50 50
229 4 0 1700 1750 50 0
1270 4 0 1750 1800 50 0
192 4 1 1800 1800 50 50
817 2 0 1800 1900 100 0
265 2 1 1900 1750 100 250
754 3 1 1750 1750 50 50
201 3 0 1750 1800 50 0
243 3 0 1800 1850 50 0
187 3 1 1850 1850 50 50
673 3 1 1850 1850 50 50
185 3 0 1850 1900 50 0
204 3 0 1900 1950 50 0
206 3 0 1950 2000 50 0
180 3 1 2000 2000 50 50
862 1 1 2000 1850 100 250
178 1 1 1850 1700 100 250
204 1 1 1700 1550 100 250
211 2 1 1550 1400 100 250
176 2 0 1400 1500 100 0
214 1 0 1500 1600 100 0
163 1 1 1600 1450 100 250
195 1 1 1450 1300 100 250
231 1 0 1300 1400 100 0
195 1 0 1400 1500 100 0
194 1 0 1500 1600 100 0
387 1 0 1600 1700 100 0
482 1 1 1700 1550 100 250
755 2 0 1550 1650 100 0
185 2 0 1650 1750 100 0
205 2 1 1750 1600 100 250
924 3 1 1600 1600 50 50
187 3 0 1600 1650 50 0
217 3 1 1650 1650 50 50
204 3 0 1650 1700 50 0
186 3 0 1700 1750 50 0
195 3 1 1750 1750 50 50
922 4 1 1750 1750 50 50
311 4 0 1750 1800 50 0
218 3 0 1800 1850 50 0
224 3 1 1850 1850 50 50
682 2 1 1850 1700 100 250
190 2 1 1700 1550 100 250
197 3 1 1550 1550 50 50
213 3 1 1550 1550 50 50
666 4 0 1550 1600 50 0
170 4 1 1600 1600 50 50
193 4 0 1600 1650 50 0
187 4 0 1650 1700 50 0
160 4 0 1700 1750 50 0
196 4 0 1750 1800 50 0
259 4 0 1800 1850 50 0
189 3 0 1850 1900 50 0
164 3 0 1900 1950 50 0
186 2 1 1950 1800 100 250
177 2 0 1800 1900 100 0
189 1 1 1900 1750 100 250
192 1 1 1750 1600 100 250
202 1 1 1600 1450 100 250
202 2 1 1450 1300 100 250
184 2 1 1300 1150 100 250
194 2 1 1150 1000 100 250
210 2 0 1000 1100 100 0
231 2 0 1100 1200 100 0
225 1 1 1200 1050 100 250
201 1 1 1050 900 100 250
217 1 0 900 1000 100 0
739 3 0 1000 1050 50 0
201 3 1 1050 1050 50 50
196 3 1 1050 1050 50 50
611 4 0 1050 1100 50 0
592 3 0 1100 1150 50 0
318 2 0 1150 1250 100 0
285 1 0 1250 1350 100 0
276 2 1 1350 1200 100 250
338 3 0 1200 1250 50 0
252 4 0 1250 1300 50 0
288 3 1 1300 1300 50 50
