2 wb 1 4 איברהים 1 1 0 3 2 1628 1
2 wb 2 2 אחמד 1 1 0 3 2 2051 1
2 wb 3 13 עביר 1 1 0 3 2 1124 1
2 wb 4 40 שמעון 2 1 0 4 2 707 1
2 wb 5 9 ראפיק 1 1 0 3 2 660 1
2 wb 6 24 ראינאן 1 1 0 3 2 820 1
2 wb 7 44 יפעת 2 1 0 4 2 850 1
2 wb 8 30 אבי 2 1 0 4 2 1004 1
2 wb 9 22 סוילמאן 1 1 0 3 2 794 1
2 wb 10 1 מוחמד 1 1 0 3 2 705 1
2 wb 11 48 יוכבד 2 1 0 4 2 779 1
2 wb 12 15 האדיל 1 1 0 3 2 759 1
2 wb 13 31 משה 2 1 0 4 2 1038 1
2 wb 14 21 סאלים 1 1 0 3 2 1024 1
2 wb 15 47 מיטל 2 1 0 4 2 891 1
2 wb 16 25 סאמירה 1 1 0 3 2 776 1
2 wb 17 33 מאיה 2 1 0 4 2 774 1
2 wb 18 8 עליאן 1 1 0 3 2 1002 1
2 wb 19 36 ערן 2 1 0 4 2 1460 1
2 wb 20 29 דני 2 1 0 4 2 585 1
2 wb 21 32 שני 2 1 0 4 2 526 1
2 wb 22 14 פאטימה 1 1 0 3 2 689 1
2 wb 23 27 רונן 2 1 0 4 2 1571 1
2 wb 24 43 עידן 2 1 0 4 2 647 1
2 wb 25 20 עבד 1 1 0 3 2 709 1
2 wb 26 42 עדי 2 1 0 4 2 772 1
2 wb 27 6 איבתיסאם 1 1 0 3 2 989 1
2 wb 28 39 רבקה 2 1 0 4 2 857 1
2 wb 29 11 עזיזה 1 1 0 3 2 1450 1
2 wb 30 17 עאידה 1 1 0 3 2 1531 1
2 wb 31 37 יאיר 2 1 0 4 2 1551 1
2 wb 32 12 סאמיחה 1 1 0 3 2 1499 1
2 wb 33 18 תייסיר 1 1 0 3 2 1119 1
2 wb 34 35 נעמה 2 1 0 4 2 1942 1
2 wb 35 26 יאיר 2 1 0 4 2 2502 1
2 wb 36 41 אורן 2 1 0 4 2 936 1
2 wb 37 5 מוסא 1 1 0 3 2 567 1
2 wb 38 28 יובל 2 1 0 4 2 1669 1
2 wb 39 7 נור 1 1 0 3 2 4077 1
2 wb 40 16 נאדיה 1 1 0 3 2 560 1
2 wb 41 19 ראניה 1 1 0 3 2 1332 1
2 wb 42 23 אשראף 1 1 0 3 2 568 1
2 wb 43 45 אהרון 2 1 0 4 2 783 1
2 wb 44 50 יהודה 2 1 0 4 2 847 1
2 wb 45 34 נועה 2 1 0 4 2 1524 1
2 wb 46 46 דויד 2 1 0 4 2 1171 1
2 wb 47 38 עמוס 2 1 0 4 2 3361 1
2 wb 48 3 מדחאת 1 1 0 3 2 732 1
2 wb 49 49 ישראל 2 1 0 4 2 774 1
2 wb 50 10 סאמיר 1 1 0 3 2 1539 1
3 pu 1 24 עילאי 1 2 0 1 2 3282 2
3 pu 2 30 חולי 2 2 0 2 2 1961 1
3 pu 3 25 חופשה 1 2 0 1 2 2299 1
3 pu 4 50 קיא 2 2 0 2 2 713 1
3 pu 5 27 התרסקות 2 2 0 2 2 761 1
3 pu 6 15 קשת 1 2 0 1 2 761 1
3 pu 7 3 בריאות 1 2 0 1 2 714 1
3 pu 8 38 שנאה 2 2 0 2 2 625 1
3 pu 9 23 צחוק 1 2 0 1 2 779 1
3 pu 10 52 לכוד 2 2 0 2 2 1474 1
3 pu 11 17 מתנה 1 2 0 1 2 749 1
3 pu 12 18 כבוד 1 2 0 1 2 641 1
3 pu 13 19 נס 1 2 0 1 2 536 1
3 pu 14 21 משפחה 1 2 0 1 2 805 1
3 pu 15 22 שמחה 1 2 0 1 2 583 1
3 pu 16 32 מוות 2 2 0 2 2 2024 2
3 pu 17 7 חבר 1 2 0 1 2 2886 1
3 pu 18 51 צער 2 2 0 2 2 1285 1
3 pu 19 42 גירושין 2 2 0 2 2 685 1
3 pu 20 39 זיהום 2 2 0 2 2 674 1
3 pu 21 4 אהבה 1 2 0 1 2 651 1
3 pu 22 48 להרוג 2 2 0 2 2 795 1
3 pu 23 35 סירחון 2 2 0 2 2 2429 1
3 pu 24 12 עדין 1 2 0 1 2 749 1
3 pu 25 36 תקיפה 2 2 0 2 2 890 1
3 pu 26 34 רעל 2 2 0 2 2 2741 1
3 pu 27 20 זריחה 1 2 0 1 2 2726 1
3 pu 28 8 כיף 1 2 0 1 2 1098 1
3 pu 29 49 רקוב 2 2 0 2 2 744 1
3 pu 30 41 פצצה 2 2 0 2 2 744 1
3 pu 31 40 טרגדיה 2 2 0 2 2 625 1
3 pu 32 26 התעללות 2 2 0 2 2 533 1
3 pu 33 2 חופש 1 2 0 1 2 533 1
3 pu 34 16 הישג 1 2 0 1 2 663 1
3 pu 35 44 עוני 2 2 0 2 2 629 1
3 pu 36 13 כנה 1 2 0 1 2 1780 1
3 pu 37 46 סרטן 2 2 0 2 2 924 1
3 pu 38 6 לעודד 1 2 0 1 2 1450 1
3 pu 39 5 שלום 1 2 0 1 2 807 1
3 pu 40 1 ללטף 1 2 0 1 2 1314 1
3 pu 41 14 מזל 1 2 0 1 2 1177 1
3 pu 42 47 רשע 2 2 0 2 2 508 1
3 pu 43 28 לכלוך 2 2 0 2 2 434 1
3 pu 44 45 מכוער 2 2 0 2 2 446 1
3 pu 45 43 כלא 2 2 0 2 2 882 1
3 pu 46 29 רצח 2 2 0 2 2 595 1
3 pu 47 11 יהלום 1 2 0 1 2 2004 1
3 pu 48 33 אבל 2 2 0 2 2 1986 1
3 pu 49 31 תאונה 2 2 0 2 2 1758 1
3 pu 50 10 תענוג 1 2 0 1 2 732 1
4 combined2 1 95 עידן 2 1 1 1 2 1789 1
4 combined2 2 22 שמחה 1 2 1 1 2 1603 1
4 combined2 3 18 כבוד 1 2 1 1 2 1265 1
4 combined2 4 69 עאידה 1 1 1 1 2 1197 1
4 combined2 5 5 שלום 1 2 1 1 2 1534 1
4 combined2 6 9 נאמן 1 2 1 1 2 1474 1
4 combined2 7 85 מאיה 2 1 1 1 2 679 1
4 combined2 8 60 עליאן 1 1 1 1 2 606 1
4 combined2 9 15 קשת 1 2 1 1 2 703 1
4 combined2 10 97 אהרון 2 1 1 1 2 747 1
4 combined2 11 55 מדחאת 1 1 1 1 2 709 1
4 combined2 12 46 סרטן 2 2 1 1 2 802 1
4 combined2 13 38 שנאה 2 2 1 1 2 601 1
4 combined2 14 99 מיטל 2 1 1 1 2 698 1
4 combined2 15 33 אבל 2 2 1 1 2 916 1
4 combined2 16 8 כיף 1 2 1 1 2 2166 1
4 combined2 17 64 סאמיחה 1 1 1 1 2 681 1
4 combined2 18 81 דני 2 1 1 1 2 834 1
4 combined2 19 32 מוות 2 2 1 1 2 792 1
4 combined2 20 47 רשע 2 2 1 1 2 822 1
4 combined2 21 74 סוילמאן 1 1 1 1 2 654 1
4 combined2 22 71 ראניה 1 1 1 1 2 531 1
4 combined2 23 70 תייסיר 1 1 1 1 2 451 1
4 combined2 24 76 ראינאן 1 1 1 1 2 415 1
4 combined2 25 45 מכוער 2 2 1 1 2 635 1
4 combined2 26 48 להרוג 2 2 1 1 2 552 1
4 combined2 27 4 אהבה 1 2 1 1 2 537 1
4 combined2 28 61 ראפיק 1 1 1 1 2 692 1
4 combined2 29 3 בריאות 1 2 1 1 2 1190 1
4 combined2 30 36 תקיפה 2 2 1 1 2 925 1
4 combined2 31 94 עדי 2 1 1 1 2 804 1
4 combined2 32 28 לכלוך 2 2 1 1 2 1340 1
4 combined2 33 21 משפחה 1 2 1 1 2 1917 1
4 combined2 34 27 התרסקות 2 2 1 1 2 632 1
4 combined2 35 63 עזיזה 1 1 1 1 2 724 1
4 combined2 36 89 יאיר 2 1 1 1 2 624 1
4 combined2 37 82 אבי 2 1 1 1 2 666 1
4 combined2 38 44 עוני 2 2 1 1 2 627 1
4 combined2 39 56 איברהים 1 1 1 1 2 983 1
4 combined2 40 75 אשראף 1 1 1 1 2 489 1
4 combined2 41 92 שמעון 2 1 1 1 2 534 1
4 combined2 42 16 הישג 1 2 1 1 2 500 1
4 combined2 43 66 פאטימה 1 1 1 1 2 538 1
4 combined2 44 14 מזל 1 2 1 1 2 643 1
4 combined2 45 88 ערן 2 1 1 1 2 1093 1
4 combined2 46 42 גירושין 2 2 1 1 2 959 1
4 combined2 47 100 יוכבד 2 1 1 1 2 628 1
4 combined2 48 25 חופשה 1 2 1 1 2 1436 1
4 combined2 49 23 צחוק 1 2 1 1 2 688 1
4 combined2 50 59 נור 1 1 1 1 2 929 1
5 combined2b 1 86 נועה 2 1 1 1 2 1606 1
5 combined2b 2 53 מוחמד 1 1 1 1 2 1345 1
5 combined2b 3 6 לעודד 1 2 1 1 2 1155 1
5 combined2b 4 2 חופש 1 2 1 1 2 779 1
5 combined2b 5 65 עביר 1 1 1 1 2 788 1
5 combined2b 6 1 ללטף 1 2 1 1 2 872 1
5 combined2b 7 24 עילאי 1 2 1 1 2 5485 1
5 combined2b 8 84 שני 2 1 1 1 2 1320 1
5 combined2b 9 41 פצצה 2 2 1 1 2 789 1
5 combined2b 10 11 יהלום 1 2 1 1 2 699 1
5 combined2b 11 13 כנה 1 2 1 1 2 1190 1
5 combined2b 12 78 יאיר 2 1 1 1 2 722 1
5 combined2b 13 29 רצח 2 2 1 1 2 819 1
5 combined2b 14 98 דויד 2 1 1 1 2 793 1
5 combined2b 15 68 נאדיה 1 1 1 1 2 724 1
5 combined2b 16 90 עמוס 2 1 1 1 2 1659 1
5 combined2b 17 39 זיהום 2 2 1 1 2 852 1
5 combined2b 18 43 כלא 2 2 1 1 2 791 1
5 combined2b 19 7 חבר 1 2 1 1 2 680 1
5 combined2b 20 62 סאמיר 1 1 1 1 2 589 1
5 combined2b 21 87 נעמה 2 1 1 1 2 688 1
5 combined2b 22 26 התעללות 2 2 1 1 2 877 1
5 combined2b 23 93 אורן 2 1 1 1 2 1202 1
5 combined2b 24 12 עדין 1 2 1 1 2 824 1
5 combined2b 25 58 איבתיסאם 1 1 1 1 2 774 1
5 combined2b 26 72 עבד 1 1 1 1 2 907 1
5 combined2b 27 40 טרגדיה 2 2 1 1 2 543 1
5 combined2b 28 49 רקוב 2 2 1 1 2 497 1
5 combined2b 29 73 סאלים 1 1 1 1 2 542 1
5 combined2b 30 57 מוסא 1 1 1 1 2 473 1
5 combined2b 31 10 תענוג 1 2 1 1 2 1098 2
5 combined2b 32 91 רבקה 2 1 1 1 2 1288 1
5 combined2b 33 80 יובל 2 1 1 1 2 1147 1
5 combined2b 34 37 אסון 2 2 1 1 2 768 1
5 combined2b 35 51 צער 2 2 1 1 2 548 1
5 combined2b 36 77 סאמירה 1 1 1 1 2 582 1
5 combined2b 37 34 רעל 2 2 1 1 2 482 1
5 combined2b 38 79 רונן 2 1 1 1 2 815 1
5 combined2b 39 67 האדיל 1 1 1 1 2 821 1
5 combined2b 40 17 מתנה 1 2 1 1 2 649 1
5 combined2b 41 50 קיא 2 2 1 1 2 834 1
5 combined2b 42 96 יפעת 2 1 1 1 2 934 1
5 combined2b 43 83 משה 2 1 1 1 2 619 1
5 combined2b 44 31 תאונה 2 2 1 1 2 605 1
5 combined2b 45 19 נס 1 2 1 1 2 983 1
5 combined2b 46 20 זריחה 1 2 1 1 2 526 1
5 combined2b 47 52 לכוד 2 2 1 1 2 607 2
5 combined2b 48 30 חולי 2 2 1 1 2 1706 1
5 combined2b 49 35 סירחון 2 2 1 1 2 5706 1
5 combined2b 50 54 אחמד 1 1 1 1 2 767 1
6 bw 1 50 יהודה 2 1 0 4 1 2306 1
6 bw 2 31 משה 2 1 0 4 1 822 1
6 bw 3 39 רבקה 2 1 0 4 1 694 1
6 bw 4 24 ראינאן 1 1 0 3 1 564 1
6 bw 5 22 סוילמאן 1 1 0 3 1 658 1
6 bw 6 49 ישראל 2 1 0 4 1 578 1
6 bw 7 7 נור 1 1 0 3 1 660 1
6 bw 8 17 עאידה 1 1 0 3 1 620 1
6 bw 9 6 איבתיסאם 1 1 0 3 1 518 1
6 bw 10 23 אשראף 1 1 0 3 1 518 1
6 bw 11 28 יובל 2 1 0 4 1 568 1
6 bw 12 33 מאיה 2 1 0 4 1 540 1
6 bw 13 45 אהרון 2 1 0 4 1 792 1
6 bw 14 42 עדי 2 1 0 4 1 534 1
6 bw 15 13 עביר 1 1 0 3 1 556 1
6 bw 16 15 האדיל 1 1 0 3 1 450 1
6 bw 17 36 ערן 2 1 0 4 1 1017 1
6 bw 18 48 יוכבד 2 1 0 4 1 494 1
6 bw 19 41 אורן 2 1 0 4 1 677 1
6 bw 20 38 עמוס 2 1 0 4 1 547 1
6 bw 21 35 נעמה 2 1 0 4 1 472 1
6 bw 22 34 נועה 2 1 0 4 1 387 1
6 bw 23 46 דויד 2 1 0 4 1 388 1
6 bw 24 16 נאדיה 1 1 0 3 1 574 1
6 bw 25 1 מוחמד 1 1 0 3 1 469 1
6 bw 26 32 שני 2 1 0 4 1 592 1
6 bw 27 9 ראפיק 1 1 0 3 1 1393 1
6 bw 28 2 אחמד 1 1 0 3 1 995 1
6 bw 29 19 ראניה 1 1 0 3 1 619 1
6 bw 30 4 איברהים 1 1 0 3 1 640 1
6 bw 31 20 עבד 1 1 0 3 1 1246 1
6 bw 32 37 יאיר 2 1 0 4 1 637 1
6 bw 33 30 אבי 2 1 0 4 1 1077 1
6 bw 34 21 סאלים 1 1 0 3 1 608 1
6 bw 35 10 סאמיר 1 1 0 3 1 382 1
6 bw 36 14 פאטימה 1 1 0 3 1 494 1
6 bw 37 43 עידן 2 1 0 4 1 635 1
6 bw 38 47 מיטל 2 1 0 4 1 704 1
6 bw 39 8 עליאן 1 1 0 3 1 560 1
6 bw 40 26 יאיר 2 1 0 4 1 561 1
6 bw 41 12 סאמיחה 1 1 0 3 1 561 1
6 bw 42 40 שמעון 2 1 0 4 1 616 1
6 bw 43 18 תייסיר 1 1 0 3 1 803 1
6 bw 44 3 מדחאת 1 1 0 3 1 1077 1
6 bw 45 5 מוסא 1 1 0 3 1 645 1
6 bw 46 11 עזיזה 1 1 0 3 1 621 2
6 bw 47 25 סאמירה 1 1 0 3 1 2001 1
6 bw 48 29 דני 2 1 0 4 1 721 1
6 bw 49 27 רונן 2 1 0 4 1 645 1
6 bw 50 44 יפעת 2 1 0 4 1 864 1
7 combined1 1 86 נועה 2 1 2 4 1 1281 1
7 combined1 2 10 תענוג 1 2 2 4 1 1835 1
7 combined1 3 76 ראינאן 1 1 2 4 1 963 1
7 combined1 4 88 ערן 2 1 2 4 1 818 1
7 combined1 5 66 פאטימה 1 1 2 4 1 963 1
7 combined1 6 59 נור 1 1 2 4 1 1281 1
7 combined1 7 51 צער 2 2 2 4 1 1078 1
7 combined1 8 81 דני 2 1 2 4 1 2195 1
7 combined1 9 15 קשת 1 2 2 4 1 1368 1
7 combined1 10 97 אהרון 2 1 2 4 1 992 1
7 combined1 11 35 סירחון 2 2 2 4 1 1799 1
7 combined1 12 93 אורן 2 1 2 4 1 1804 1
7 combined1 13 77 סאמירה 1 1 2 4 1 1130 1
7 combined1 14 89 יאיר 2 1 2 4 1 635 1
7 combined1 15 38 שנאה 2 2 2 4 1 1776 1
7 combined1 16 30 חולי 2 2 2 4 1 694 1
7 combined1 17 53 מוחמד 1 1 2 4 1 1457 1
7 combined1 18 42 גירושין 2 2 2 4 1 777 1
7 combined1 19 63 עזיזה 1 1 2 4 1 1314 1
7 combined1 20 29 רצח 2 2 2 4 1 658 1
7 combined1 21 68 נאדיה 1 1 2 4 1 749 1
7 combined1 22 46 סרטן 2 2 2 4 1 819 1
7 combined1 23 7 חבר 1 2 2 4 1 883 1
7 combined1 24 31 תאונה 2 2 2 4 1 761 1
7 combined1 25 65 עביר 1 1 2 4 1 1291 1
7 combined1 26 2 חופש 1 2 2 4 1 1945 1
7 combined1 27 4 אהבה 1 2 2 4 1 948 1
7 combined1 28 33 אבל 2 2 2 4 1 714 1
7 combined1 29 71 ראניה 1 1 2 4 1 728 1
7 combined1 30 26 התעללות 2 2 2 4 1 1218 1
7 combined1 31 95 עידן 2 1 2 4 1 1516 1
7 combined1 32 6 לעודד 1 2 2 4 1 1269 2
7 combined1 33 64 סאמיחה 1 1 2 4 1 22 2
7 combined1 34 85 מאיה 2 1 2 4 1 1228 1
7 combined1 35 60 עליאן 1 1 2 4 1 951 1
7 combined1 36 61 ראפיק 1 1 2 4 1 895 1
7 combined1 37 67 האדיל 1 1 2 4 1 526 1
7 combined1 38 24 עילאי 1 2 2 4 1 439 1
7 combined1 39 27 התרסקות 2 2 2 4 1 1972 1
7 combined1 40 14 מזל 1 2 2 4 1 3213 1
7 combined1 41 11 יהלום 1 2 2 4 1 1379 1
7 combined1 42 17 מתנה 1 2 2 4 1 926 1
7 combined1 43 54 אחמד 1 1 2 4 1 902 1
7 combined1 44 82 אבי 2 1 2 4 1 743 2
7 combined1 45 16 הישג 1 2 2 4 1 2140 1
7 combined1 46 43 כלא 2 2 2 4 1 629 1
7 combined1 47 83 משה 2 1 2 4 1 872 1
7 combined1 48 92 שמעון 2 1 2 4 1 448 1
7 combined1 49 72 עבד 1 1 2 4 1 1198 1
7 combined1 50 28 לכלוך 2 2 2 4 1 1375 1
8 combined1b 1 91 רבקה 2 1 2 4 1 1070 1
8 combined1b 2 22 שמחה 1 2 2 4 1 1824 1
8 combined1b 3 41 פצצה 2 2 2 4 1 4005 1
8 combined1b 4 21 משפחה 1 2 2 4 1 1005 1
8 combined1b 5 100 יוכבד 2 1 2 4 1 942 1
8 combined1b 6 20 זריחה 1 2 2 4 1 1409 1
8 combined1b 7 5 שלום 1 2 2 4 1 1442 1
8 combined1b 8 90 עמוס 2 1 2 4 1 777 1
8 combined1b 9 1 ללטף 1 2 2 4 1 863 1
8 combined1b 10 39 זיהום 2 2 2 4 1 868 1
8 combined1b 11 13 כנה 1 2 2 4 1 2568 1
8 combined1b 12 78 יאיר 2 1 2 4 1 1434 1
8 combined1b 13 94 עדי 2 1 2 4 1 832 1
8 combined1b 14 25 חופשה 1 2 2 4 1 1013 1
8 combined1b 15 48 להרוג 2 2 2 4 1 645 1
8 combined1b 16 50 קיא 2 2 2 4 1 755 1
8 combined1b 17 99 מיטל 2 1 2 4 1 1058 1
8 combined1b 18 40 טרגדיה 2 2 2 4 1 1257 1
8 combined1b 19 3 בריאות 1 2 2 4 1 857 1
8 combined1b 20 58 איבתיסאם 1 1 2 4 1 991 1
8 combined1b 21 8 כיף 1 2 2 4 1 1087 1
8 combined1b 22 23 צחוק 1 2 2 4 1 977 1
8 combined1b 23 18 כבוד 1 2 2 4 1 1210 1
8 combined1b 24 36 תקיפה 2 2 2 4 1 790 1
8 combined1b 25 79 רונן 2 1 2 4 1 1302 1
8 combined1b 26 52 לכוד 2 2 2 4 1 1012 1
8 combined1b 27 9 נאמן 1 2 2 4 1 1704 1
8 combined1b 28 37 אסון 2 2 2 4 1 942 1
8 combined1b 29 49 רקוב 2 2 2 4 1 573 1
8 combined1b 30 32 מוות 2 2 2 4 1 569 1
8 combined1b 31 12 עדין 1 2 2 4 1 1641 1
8 combined1b 32 70 תייסיר 1 1 2 4 1 882 1
8 combined1b 33 75 אשראף 1 1 2 4 1 463 1
8 combined1b 34 44 עוני 2 2 2 4 1 926 1
8 combined1b 35 74 סוילמאן 1 1 2 4 1 1727 1
8 combined1b 36 34 רעל 2 2 2 4 1 677 1
8 combined1b 37 98 דויד 2 1 2 4 1 967 1
8 combined1b 38 84 שני 2 1 2 4 1 1805 1
8 combined1b 39 69 עאידה 1 1 2 4 1 709 1
8 combined1b 40 57 מוסא 1 1 2 4 1 938 1
8 combined1b 41 87 נעמה 2 1 2 4 1 835 1
8 combined1b 42 45 מכוער 2 2 2 4 1 927 2
8 combined1b 43 56 איברהים 1 1 2 4 1 791 2
8 combined1b 44 73 סאלים 1 1 2 4 1 4684 1
8 combined1b 45 19 נס 1 2 2 4 1 1881 1
8 combined1b 46 55 מדחאת 1 1 2 4 1 519 1
8 combined1b 47 62 סאמיר 1 1 2 4 1 673 1
8 combined1b 48 96 יפעת 2 1 2 4 1 843 1
8 combined1b 49 47 רשע 2 2 2 4 1 1251 1
8 combined1b 50 80 יובל 2 1 2 4 1 1104 1
9 bw 1 1 מוחמד 1 1 0 3 1 2794 1
9 bw 2 37 יאיר 2 1 0 4 1 704 1
9 bw 3 42 עדי 2 1 0 4 1 698 1
9 bw 4 5 מוסא 1 1 0 3 1 682 1
9 bw 5 36 ערן 2 1 0 4 1 618 1
9 bw 6 31 משה 2 1 0 4 1 775 1
9 bw 7 48 יוכבד 2 1 0 4 1 658 1
9 bw 8 46 דויד 2 1 0 4 1 524 1
9 bw 9 18 תייסיר 1 1 0 3 1 493 1
9 bw 10 21 סאלים 1 1 0 3 1 387 1
9 bw 11 22 סוילמאן 1 1 0 3 1 377 1
9 bw 12 13 עביר 1 1 0 3 1 821 1
9 bw 13 38 עמוס 2 1 0 4 1 569 1
9 bw 14 41 אורן 2 1 0 4 1 343 1
9 bw 15 25 סאמירה 1 1 0 3 1 522 1
9 bw 16 6 איבתיסאם 1 1 0 3 1 443 1
9 bw 17 8 עליאן 1 1 0 3 1 409 1
9 bw 18 33 מאיה 2 1 0 4 1 504 1
9 bw 19 10 סאמיר 1 1 0 3 1 779 1
9 bw 20 44 יפעת 2 1 0 4 1 499 1
9 bw 21 35 נעמה 2 1 0 4 1 463 1
9 bw 22 28 יובל 2 1 0 4 1 382 1
9 bw 23 20 עבד 1 1 0 3 1 346 2
9 bw 24 3 מדחאת 1 1 0 3 1 349 1
9 bw 25 9 ראפיק 1 1 0 3 1 521 1
9 bw 26 24 ראינאן 1 1 0 3 1 557 1
9 bw 27 2 אחמד 1 1 0 3 1 507 1
9 bw 28 12 סאמיחה 1 1 0 3 1 511 1
9 bw 29 29 דני 2 1 0 4 1 647 1
9 bw 30 14 פאטימה 1 1 0 3 1 763 1
9 bw 31 34 נועה 2 1 0 4 1 728 1
9 bw 32 23 אשראף 1 1 0 3 1 550 1
9 bw 33 32 שני 2 1 0 4 1 588 1
9 bw 34 7 נור 1 1 0 3 1 644 1
9 bw 35 49 ישראל 2 1 0 4 1 969 1
9 bw 36 40 שמעון 2 1 0 4 1 538 1
9 bw 37 17 עאידה 1 1 0 3 1 690 1
9 bw 38 39 רבקה 2 1 0 4 1 1136 1
9 bw 39 50 יהודה 2 1 0 4 1 693 1
9 bw 40 16 נאדיה 1 1 0 3 1 674 1
9 bw 41 11 עזיזה 1 1 0 3 1 545 1
9 bw 42 45 אהרון 2 1 0 4 1 597 1
9 bw 43 43 עידן 2 1 0 4 1 814 1
9 bw 44 30 אבי 2 1 0 4 1 719 1
9 bw 45 15 האדיל 1 1 0 3 1 898 1
9 bw 46 27 רונן 2 1 0 4 1 801 1
9 bw 47 19 ראניה 1 1 0 3 1 762 1
9 bw 48 26 יאיר 2 1 0 4 1 646 1
9 bw 49 4 איברהים 1 1 0 3 1 2994 1
9 bw 50 47 מיטל 2 1 0 4 1 644 1
10 combined1 1 61 ראפיק 1 1 2 4 1 1303 1
10 combined1 2 13 כנה 1 2 2 4 1 1995 1
10 combined1 3 26 התעללות 2 2 2 4 1 962 1
10 combined1 4 69 עאידה 1 1 2 4 1 785 1
10 combined1 5 57 מוסא 1 1 2 4 1 555 1
10 combined1 6 79 רונן 2 1 2 4 1 819 1
10 combined1 7 65 עביר 1 1 2 4 1 1334 1
10 combined1 8 30 חולי 2 2 2 4 1 1579 1
10 combined1 9 50 קיא 2 2 2 4 1 1221 1
10 combined1 10 35 סירחון 2 2 2 4 1 518 1
10 combined1 11 27 התרסקות 2 2 2 4 1 661 1
10 combined1 12 66 פאטימה 1 1 2 4 1 713 1
10 combined1 13 28 לכלוך 2 2 2 4 1 756 1
10 combined1 14 7 חבר 1 2 2 4 1 1709 1
10 combined1 15 3 בריאות 1 2 2 4 1 497 1
10 combined1 16 63 עזיזה 1 1 2 4 1 671 1
10 combined1 17 31 תאונה 2 2 2 4 1 752 1
10 combined1 18 33 אבל 2 2 2 4 1 1042 1
10 combined1 19 9 נאמן 1 2 2 4 1 1511 1
10 combined1 20 95 עידן 2 1 2 4 1 1100 1
10 combined1 21 54 אחמד 1 1 2 4 1 764 1
10 combined1 22 97 אהרון 2 1 2 4 1 818 1
10 combined1 23 49 רקוב 2 2 2 4 1 954 1
10 combined1 24 76 ראינאן 1 1 2 4 1 1264 1
10 combined1 25 1 ללטף 1 2 2 4 1 1284 1
10 combined1 26 75 אשראף 1 1 2 4 1 899 1
10 combined1 27 20 זריחה 1 2 2 4 1 617 1
10 combined1 28 46 סרטן 2 2 2 4 1 700 1
10 combined1 29 91 רבקה 2 1 2 4 1 708 1
10 combined1 30 78 יאיר 2 1 2 4 1 839 1
10 combined1 31 82 אבי 2 1 2 4 1 1272 1
10 combined1 32 34 רעל 2 2 2 4 1 1908 1
10 combined1 33 53 מוחמד 1 1 2 4 1 877 1
10 combined1 34 29 רצח 2 2 2 4 1 1013 1
10 combined1 35 42 גירושין 2 2 2 4 1 2087 1
10 combined1 36 11 יהלום 1 2 2 4 1 639 1
10 combined1 37 73 סאלים 1 1 2 4 1 654 1
10 combined1 38 39 זיהום 2 2 2 4 1 698 1
10 combined1 39 71 ראניה 1 1 2 4 1 708 1
10 combined1 40 74 סוילמאן 1 1 2 4 1 608 1
10 combined1 41 41 פצצה 2 2 2 4 1 999 1
10 combined1 42 17 מתנה 1 2 2 4 1 649 1
10 combined1 43 8 כיף 1 2 2 4 1 482 1
10 combined1 44 67 האדיל 1 1 2 4 1 750 1
10 combined1 45 2 חופש 1 2 2 4 1 544 1
10 combined1 46 52 לכוד 2 2 2 4 1 775 1
10 combined1 47 5 שלום 1 2 2 4 1 1598 1
10 combined1 48 94 עדי 2 1 2 4 1 861 1
10 combined1 49 12 עדין 1 2 2 4 1 814 2
10 combined1 50 14 מזל 1 2 2 4 1 3371 1
11 combined1b 1 70 תייסיר 1 1 2 4 1 1893 1
11 combined1b 2 15 קשת 1 2 2 4 1 928 1
11 combined1b 3 84 שני 2 1 2 4 1 1097 1
11 combined1b 4 87 נעמה 2 1 2 4 1 1021 1
11 combined1b 5 99 מיטל 2 1 2 4 1 510 1
11 combined1b 6 19 נס 1 2 2 4 1 927 1
11 combined1b 7 16 הישג 1 2 2 4 1 932 1
11 combined1b 8 36 תקיפה 2 2 2 4 1 689 1
11 combined1b 9 77 סאמירה 1 1 2 4 1 1111 1
11 combined1b 10 24 עילאי 1 2 2 4 1 2233 1
11 combined1b 11 10 תענוג 1 2 2 4 1 1616 1
11 combined1b 12 62 סאמיר 1 1 2 4 1 1305 1
11 combined1b 13 98 דויד 2 1 2 4 1 677 1
11 combined1b 14 86 נועה 2 1 2 4 1 577 1
11 combined1b 15 96 יפעת 2 1 2 4 1 622 1
11 combined1b 16 51 צער 2 2 2 4 1 849 1
11 combined1b 17 6 לעודד 1 2 2 4 1 704 1
11 combined1b 18 58 איבתיסאם 1 1 2 4 1 754 1
11 combined1b 19 88 ערן 2 1 2 4 1 721 1
11 combined1b 20 55 מדחאת 1 1 2 4 1 879 1
11 combined1b 21 93 אורן 2 1 2 4 1 844 1
11 combined1b 22 83 משה 2 1 2 4 1 754 1
11 combined1b 23 4 אהבה 1 2 2 4 1 857 1
11 combined1b 24 59 נור 1 1 2 4 1 1022 1
11 combined1b 25 92 שמעון 2 1 2 4 1 1085 1
11 combined1b 26 90 עמוס 2 1 2 4 1 546 1
11 combined1b 27 18 כבוד 1 2 2 4 1 1283 2
11 combined1b 28 80 יובל 2 1 2 4 1 1262 1
11 combined1b 29 40 טרגדיה 2 2 2 4 1 1529 1
11 combined1b 30 60 עליאן 1 1 2 4 1 939 1
11 combined1b 31 43 כלא 2 2 2 4 1 692 1
11 combined1b 32 68 נאדיה 1 1 2 4 1 720 1
11 combined1b 33 44 עוני 2 2 2 4 1 504 1
11 combined1b 34 85 מאיה 2 1 2 4 1 861 1
11 combined1b 35 48 להרוג 2 2 2 4 1 762 1
11 combined1b 36 38 שנאה 2 2 2 4 1 827 1
11 combined1b 37 32 מוות 2 2 2 4 1 516 1
11 combined1b 38 100 יוכבד 2 1 2 4 1 1160 1
11 combined1b 39 72 עבד 1 1 2 4 1 961 1
11 combined1b 40 37 אסון 2 2 2 4 1 2375 1
11 combined1b 41 47 רשע 2 2 2 4 1 643 1
11 combined1b 42 81 דני 2 1 2 4 1 1580 1
11 combined1b 43 21 משפחה 1 2 2 4 1 768 1
11 combined1b 44 45 מכוער 2 2 2 4 1 636 1
11 combined1b 45 89 יאיר 2 1 2 4 1 897 1
11 combined1b 46 23 צחוק 1 2 2 4 1 1038 2
11 combined1b 47 25 חופשה 1 2 2 4 1 1220 1
11 combined1b 48 56 איברהים 1 1 2 4 1 643 2
11 combined1b 49 64 סאמיחה 1 1 2 4 1 1268 1
11 combined1b 50 22 שמחה 1 2 2 4 1 2051 1
12 wb 1 14 פאטימה 1 1 0 3 2 1618 1
12 wb 2 31 משה 2 1 0 4 2 1193 1
12 wb 3 15 האדיל 1 1 0 3 2 754 1
12 wb 4 37 יאיר 2 1 0 4 2 1303 1
12 wb 5 9 ראפיק 1 1 0 3 2 3040 2
12 wb 6 32 שני 2 1 0 4 2 1493 1
12 wb 7 29 דני 2 1 0 4 2 550 1
12 wb 8 6 איבתיסאם 1 1 0 3 2 514 1
12 wb 9 8 עליאן 1 1 0 3 2 450 1
12 wb 10 16 נאדיה 1 1 0 3 2 1430 1
12 wb 11 19 ראניה 1 1 0 3 2 419 1
12 wb 12 28 יובל 2 1 0 4 2 660 1
12 wb 13 26 יאיר 2 1 0 4 2 430 1
12 wb 14 25 סאמירה 1 1 0 3 2 537 1
12 wb 15 33 מאיה 2 1 0 4 2 765 1
12 wb 16 47 מיטל 2 1 0 4 2 526 1
12 wb 17 5 מוסא 1 1 0 3 2 553 1
12 wb 18 17 עאידה 1 1 0 3 2 633 1
12 wb 19 35 נעמה 2 1 0 4 2 706 1
12 wb 20 22 סוילמאן 1 1 0 3 2 734 1
12 wb 21 39 רבקה 2 1 0 4 2 579 1
12 wb 22 45 אהרון 2 1 0 4 2 505 1
12 wb 23 49 ישראל 2 1 0 4 2 593 1
12 wb 24 44 יפעת 2 1 0 4 2 503 1
12 wb 25 13 עביר 1 1 0 3 2 601 1
12 wb 26 43 עידן 2 1 0 4 2 550 1
12 wb 27 48 יוכבד 2 1 0 4 2 640 1
12 wb 28 1 מוחמד 1 1 0 3 2 596 1
12 wb 29 18 תייסיר 1 1 0 3 2 800 1
12 wb 30 40 שמעון 2 1 0 4 2 534 1
12 wb 31 23 אשראף 1 1 0 3 2 569 1
12 wb 32 38 עמוס 2 1 0 4 2 558 1
12 wb 33 36 ערן 2 1 0 4 2 657 1
12 wb 34 27 רונן 2 1 0 4 2 877 1
12 wb 35 10 סאמיר 1 1 0 3 2 552 1
12 wb 36 42 עדי 2 1 0 4 2 624 1
12 wb 37 24 ראינאן 1 1 0 3 2 517 1
12 wb 38 46 דויד 2 1 0 4 2 728 2
12 wb 39 20 עבד 1 1 0 3 2 662 1
12 wb 40 2 אחמד 1 1 0 3 2 765 1
12 wb 41 34 נועה 2 1 0 4 2 576 1
12 wb 42 7 נור 1 1 0 3 2 430 2
12 wb 43 21 סאלים 1 1 0 3 2 760 1
12 wb 44 4 איברהים 1 1 0 3 2 459 1
12 wb 45 11 עזיזה 1 1 0 3 2 2378 1
12 wb 46 50 יהודה 2 1 0 4 2 620 1
12 wb 47 3 מדחאת 1 1 0 3 2 903 1
12 wb 48 12 סאמיחה 1 1 0 3 2 692 1
12 wb 49 30 אבי 2 1 0 4 2 1183 1
12 wb 50 41 אורן 2 1 0 4 2 527 1
13 combined2 1 35 סירחון 2 2 1 4 2 5736 1
13 combined2 2 42 גירושין 2 2 1 4 2 953 1
13 combined2 3 75 אשראף 1 1 1 4 2 2416 1
13 combined2 4 86 נועה 2 1 1 4 2 928 1
13 combined2 5 51 צער 2 2 1 4 2 1064 1
13 combined2 6 14 מזל 1 2 1 4 2 1546 1
13 combined2 7 41 פצצה 2 2 1 4 2 814 1
13 combined2 8 62 סאמיר 1 1 1 4 2 1675 1
13 combined2 9 61 ראפיק 1 1 1 4 2 505 1
13 combined2 10 29 רצח 2 2 1 4 2 609 1
13 combined2 11 94 עדי 2 1 1 4 2 584 1
13 combined2 12 26 התעללות 2 2 1 4 2 1477 1
13 combined2 13 47 רשע 2 2 1 4 2 465 1
13 combined2 14 44 עוני 2 2 1 4 2 337 1
13 combined2 15 16 הישג 1 2 1 4 2 403 2
13 combined2 16 81 דני 2 1 1 4 2 1396 1
13 combined2 17 38 שנאה 2 2 1 4 2 902 2
13 combined2 18 8 כיף 1 2 1 4 2 2107 1
13 combined2 19 74 סוילמאן 1 1 1 4 2 533 1
13 combined2 20 84 שני 2 1 1 4 2 974 1
13 combined2 21 57 מוסא 1 1 1 4 2 1206 1
13 combined2 22 76 ראינאן 1 1 1 4 2 916 1
13 combined2 23 98 דויד 2 1 1 4 2 675 1
13 combined2 24 91 רבקה 2 1 1 4 2 452 1
13 combined2 25 32 מוות 2 2 1 4 2 695 1
13 combined2 26 72 עבד 1 1 1 4 2 660 1
13 combined2 27 46 סרטן 2 2 1 4 2 518 1
13 combined2 28 25 חופשה 1 2 1 4 2 509 2
13 combined2 29 33 אבל 2 2 1 4 2 919 2
13 combined2 30 83 משה 2 1 1 4 2 1573 1
13 combined2 31 67 האדיל 1 1 1 4 2 655 1
13 combined2 32 27 התרסקות 2 2 1 4 2 1182 1
13 combined2 33 50 קיא 2 2 1 4 2 1375 1
13 combined2 34 6 לעודד 1 2 1 4 2 809 1
13 combined2 35 99 מיטל 2 1 1 4 2 880 1
13 combined2 36 53 מוחמד 1 1 1 4 2 649 1
13 combined2 37 68 נאדיה 1 1 1 4 2 655 1
13 combined2 38 100 יוכבד 2 1 1 4 2 1424 1
13 combined2 39 39 זיהום 2 2 1 4 2 1057 1
13 combined2 40 36 תקיפה 2 2 1 4 2 481 1
13 combined2 41 3 בריאות 1 2 1 4 2 543 1
13 combined2 42 90 עמוס 2 1 1 4 2 870 1
13 combined2 43 92 שמעון 2 1 1 4 2 801 1
13 combined2 44 65 עביר 1 1 1 4 2 767 1
13 combined2 45 77 סאמירה 1 1 1 4 2 590 1
13 combined2 46 60 עליאן 1 1 1 4 2 711 1
13 combined2 47 89 יאיר 2 1 1 4 2 664 1
13 combined2 48 31 תאונה 2 2 1 4 2 2281 1
13 combined2 49 58 איבתיסאם 1 1 1 4 2 946 1
13 combined2 50 71 ראניה 1 1 1 4 2 861 1
14 combined2b 1 19 נס 1 2 1 4 2 1281 1
14 combined2b 2 80 יובל 2 1 1 4 2 719 1
14 combined2b 3 66 פאטימה 1 1 1 4 2 568 1
14 combined2b 4 87 נעמה 2 1 1 4 2 929 1
14 combined2b 5 13 כנה 1 2 1 4 2 1233 1
14 combined2b 6 37 אסון 2 2 1 4 2 739 1
14 combined2b 7 5 שלום 1 2 1 4 2 847 1
14 combined2b 8 88 ערן 2 1 1 4 2 1587 1
14 combined2b 9 24 עילאי 1 2 1 4 2 970 1
14 combined2b 10 23 צחוק 1 2 1 4 2 549 1
14 combined2b 11 15 קשת 1 2 1 4 2 462 1
14 combined2b 12 59 נור 1 1 1 4 2 531 2
14 combined2b 13 82 אבי 2 1 1 4 2 596 1
14 combined2b 14 22 שמחה 1 2 1 4 2 544 1
14 combined2b 15 28 לכלוך 2 2 1 4 2 596 1
14 combined2b 16 70 תייסיר 1 1 1 4 2 703 1
14 combined2b 17 55 מדחאת 1 1 1 4 2 472 1
14 combined2b 18 40 טרגדיה 2 2 1 4 2 403 1
14 combined2b 19 11 יהלום 1 2 1 4 2 606 1
14 combined2b 20 56 איברהים 1 1 1 4 2 673 1
14 combined2b 21 63 עזיזה 1 1 1 4 2 741 1
14 combined2b 22 95 עידן 2 1 1 4 2 1556 1
14 combined2b 23 34 רעל 2 2 1 4 2 876 1
14 combined2b 24 1 ללטף 1 2 1 4 2 779 1
14 combined2b 25 18 כבוד 1 2 1 4 2 494 1
14 combined2b 26 7 חבר 1 2 1 4 2 329 1
14 combined2b 27 12 עדין 1 2 1 4 2 557 1
14 combined2b 28 45 מכוער 2 2 1 4 2 749 2
14 combined2b 29 48 להרוג 2 2 1 4 2 2296 1
14 combined2b 30 21 משפחה 1 2 1 4 2 1022 1
14 combined2b 31 10 תענוג 1 2 1 4 2 933 1
14 combined2b 32 4 אהבה 1 2 1 4 2 637 1
14 combined2b 33 20 זריחה 1 2 1 4 2 649 1
14 combined2b 34 54 אחמד 1 1 1 4 2 1249 1
14 combined2b 35 9 נאמן 1 2 1 4 2 2511 1
14 combined2b 36 30 חולי 2 2 1 4 2 674 1
14 combined2b 37 96 יפעת 2 1 1 4 2 744 1
14 combined2b 38 43 כלא 2 2 1 4 2 591 1
14 combined2b 39 2 חופש 1 2 1 4 2 1092 1
14 combined2b 40 78 יאיר 2 1 1 4 2 476 1
14 combined2b 41 17 מתנה 1 2 1 4 2 515 1
14 combined2b 42 79 רונן 2 1 1 4 2 492 1
14 combined2b 43 69 עאידה 1 1 1 4 2 496 1
14 combined2b 44 49 רקוב 2 2 1 4 2 706 1
14 combined2b 45 97 אהרון 2 1 1 4 2 665 1
14 combined2b 46 52 לכוד 2 2 1 4 2 2017 1
14 combined2b 47 64 סאמיחה 1 1 1 4 2 1055 1
14 combined2b 48 93 אורן 2 1 1 4 2 729 1
14 combined2b 49 85 מאיה 2 1 1 4 2 506 1
14 combined2b 50 73 סאלים 1 1 1 4 2 557 1
168 146 0
