2 bw 1 20 עבד 1 1 0 3 1 1739 1
2 bw 2 40 שמעון 2 1 0 4 1 1320 1
2 bw 3 7 נור 1 1 0 3 1 1834 1
2 bw 4 46 דויד 2 1 0 4 1 864 1
2 bw 5 49 ישראל 2 1 0 4 1 904 1
2 bw 6 48 יוכבד 2 1 0 4 1 1940 1
2 bw 7 31 משה 2 1 0 4 1 897 1
2 bw 8 3 מדחאת 1 1 0 3 1 1002 1
2 bw 9 21 סאלים 1 1 0 3 1 758 1
2 bw 10 36 ערן 2 1 0 4 1 1239 1
2 bw 11 13 עביר 1 1 0 3 1 1215 1
2 bw 12 24 ראינאן 1 1 0 3 1 2621 2
2 bw 13 2 אחמד 1 1 0 3 1 1147 1
2 bw 14 19 ראניה 1 1 0 3 1 1154 1
2 bw 15 43 עידן 2 1 0 4 1 1385 1
2 bw 16 27 רונן 2 1 0 4 1 611 1
2 bw 17 44 יפעת 2 1 0 4 1 658 1
2 bw 18 47 מיטל 2 1 0 4 1 643 1
2 bw 19 38 עמוס 2 1 0 4 1 731 1
2 bw 20 5 מוסא 1 1 0 3 1 758 1
2 bw 21 18 תייסיר 1 1 0 3 1 1068 1
2 bw 22 11 עזיזה 1 1 0 3 1 1278 1
2 bw 23 29 דני 2 1 0 4 1 870 1
2 bw 24 10 סאמיר 1 1 0 3 1 1385 1
2 bw 25 28 יובל 2 1 0 4 1 723 1
2 bw 26 4 איברהים 1 1 0 3 1 1362 2
2 bw 27 30 אבי 2 1 0 4 1 2091 1
2 bw 28 1 מוחמד 1 1 0 3 1 1010 1
2 bw 29 25 סאמירה 1 1 0 3 1 903 1
2 bw 30 17 עאידה 1 1 0 3 1 693 1
2 bw 31 14 פאטימה 1 1 0 3 1 589 1
2 bw 32 26 יאיר 2 1 0 4 1 622 2
2 bw 33 42 עדי 2 1 0 4 1 1513 2
2 bw 34 23 אשראף 1 1 0 3 1 2368 1
2 bw 35 41 אורן 2 1 0 4 1 954 1
2 bw 36 45 אהרון 2 1 0 4 1 478 1
2 bw 37 37 יאיר 2 1 0 4 1 1038 1
2 bw 38 6 איבתיסאם 1 1 0 3 1 1475 1
2 bw 39 12 סאמיחה 1 1 0 3 1 1412 1
2 bw 40 39 רבקה 2 1 0 4 1 1506 1
2 bw 41 33 מאיה 2 1 0 4 1 727 1
2 bw 42 50 יהודה 2 1 0 4 1 770 1
2 bw 43 35 נעמה 2 1 0 4 1 614 1
2 bw 44 9 ראפיק 1 1 0 3 1 688 2
2 bw 45 15 האדיל 1 1 0 3 1 2527 1
2 bw 46 16 נאדיה 1 1 0 3 1 1503 1
2 bw 47 32 שני 2 1 0 4 1 1023 1
2 bw 48 22 סוילמאן 1 1 0 3 1 863 1
2 bw 49 8 עליאן 1 1 0 3 1 1275 1
2 bw 50 34 נועה 2 1 0 4 1 785 1
3 pu 1 49 רקוב 2 2 0 2 1 3780 1
3 pu 2 32 מוות 2 2 0 2 1 1422 1
3 pu 3 30 חולי 2 2 0 2 1 1122 1
3 pu 4 12 עדין 1 2 0 1 1 1416 1
3 pu 5 20 זריחה 1 2 0 1 1 1512 2
3 pu 6 37 אסון 2 2 0 2 1 1576 1
3 pu 7 7 חבר 1 2 0 1 1 827 1
3 pu 8 13 כנה 1 2 0 1 1 1590 1
3 pu 9 41 פצצה 2 2 0 2 1 1087 1
3 pu 10 43 כלא 2 2 0 2 1 1570 2
3 pu 11 3 בריאות 1 2 0 1 1 2448 1
3 pu 12 5 שלום 1 2 0 1 1 772 1
3 pu 13 50 קיא 2 2 0 2 1 1132 2
3 pu 14 47 רשע 2 2 0 2 1 1826 1
3 pu 15 6 לעודד 1 2 0 1 1 792 2
3 pu 16 17 מתנה 1 2 0 1 1 1022 1
3 pu 17 2 חופש 1 2 0 1 1 712 1
3 pu 18 27 התרסקות 2 2 0 2 1 1151 1
3 pu 19 52 לכוד 2 2 0 2 1 1446 1
3 pu 20 25 חופשה 1 2 0 1 1 868 1
3 pu 21 26 התעללות 2 2 0 2 1 808 1
3 pu 22 4 אהבה 1 2 0 1 1 1227 1
3 pu 23 14 מזל 1 2 0 1 1 878 1
3 pu 24 1 ללטף 1 2 0 1 1 934 1
3 pu 25 28 לכלוך 2 2 0 2 1 928 1
3 pu 26 36 תקיפה 2 2 0 2 1 865 1
3 pu 27 18 כבוד 1 2 0 1 1 821 1
3 pu 28 8 כיף 1 2 0 1 1 777 1
3 pu 29 19 נס 1 2 0 1 1 1261 1
3 pu 30 45 מכוער 2 2 0 2 1 1020 1
3 pu 31 39 זיהום 2 2 0 2 1 755 1
3 pu 32 33 אבל 2 2 0 2 1 668 1
3 pu 33 42 גירושין 2 2 0 2 1 720 1
3 pu 34 38 שנאה 2 2 0 2 1 756 1
3 pu 35 35 סירחון 2 2 0 2 1 1092 1
3 pu 36 9 נאמן 1 2 0 1 1 1268 1
3 pu 37 21 משפחה 1 2 0 1 1 927 1
3 pu 38 24 עילאי 1 2 0 1 1 1496 2
3 pu 39 51 צער 2 2 0 2 1 1368 1
3 pu 40 16 הישג 1 2 0 1 1 1104 1
3 pu 41 40 טרגדיה 2 2 0 2 1 861 1
3 pu 42 29 רצח 2 2 0 2 1 1138 1
3 pu 43 15 קשת 1 2 0 1 1 1551 2
3 pu 44 23 צחוק 1 2 0 1 1 2708 1
3 pu 45 44 עוני 2 2 0 2 1 946 1
3 pu 46 46 סרטן 2 2 0 2 1 1278 1
3 pu 47 10 תענוג 1 2 0 1 1 1051 1
3 pu 48 22 שמחה 1 2 0 1 1 852 1
3 pu 49 34 רעל 2 2 0 2 1 1392 1
3 pu 50 48 להרוג 2 2 0 2 1 821 1
4 combined1 1 44 עוני 2 2 2 2 1 1758 1
4 combined1 2 43 כלא 2 2 2 2 1 1079 1
4 combined1 3 67 האדיל 1 1 2 2 1 929 1
4 combined1 4 48 להרוג 2 2 2 2 1 917 1
4 combined1 5 10 תענוג 1 2 2 2 1 1174 1
4 combined1 6 79 רונן 2 1 2 2 1 937 1
4 combined1 7 49 רקוב 2 2 2 2 1 787 1
4 combined1 8 63 עזיזה 1 1 2 2 1 976 1
4 combined1 9 52 לכוד 2 2 2 2 1 794 1
4 combined1 10 1 ללטף 1 2 2 2 1 1497 2
4 combined1 11 3 בריאות 1 2 2 2 1 1495 1
4 combined1 12 99 מיטל 2 1 2 2 1 943 1
4 combined1 13 33 אבל 2 2 2 2 1 1371 1
4 combined1 14 31 תאונה 2 2 2 2 1 860 1
4 combined1 15 54 אחמד 1 1 2 2 1 642 1
4 combined1 16 37 אסון 2 2 2 2 1 663 1
4 combined1 17 100 יוכבד 2 1 2 2 1 961 1
4 combined1 18 5 שלום 1 2 2 2 1 1168 1
4 combined1 19 57 מוסא 1 1 2 2 1 1265 1
4 combined1 20 6 לעודד 1 2 2 2 1 2646 2
4 combined1 21 9 נאמן 1 2 2 2 1 1139 1
4 combined1 22 90 עמוס 2 1 2 2 1 879 1
4 combined1 23 39 זיהום 2 2 2 2 1 1225 1
4 combined1 24 93 אורן 2 1 2 2 1 843 1
4 combined1 25 25 חופשה 1 2 2 2 1 1690 1
4 combined1 26 91 רבקה 2 1 2 2 1 767 1
4 combined1 27 78 יאיר 2 1 2 2 1 1455 1
4 combined1 28 12 עדין 1 2 2 2 1 1526 1
4 combined1 29 15 קשת 1 2 2 2 1 1094 1
4 combined1 30 61 ראפיק 1 1 2 2 1 780 1
4 combined1 31 60 עליאן 1 1 2 2 1 849 1
4 combined1 32 26 התעללות 2 2 2 2 1 767 1
4 combined1 33 75 אשראף 1 1 2 2 1 867 1
4 combined1 34 19 נס 1 2 2 2 1 1477 2
4 combined1 35 84 שני 2 1 2 2 1 1395 1
4 combined1 36 50 קיא 2 2 2 2 1 1579 1
4 combined1 37 45 מכוער 2 2 2 2 1 1232 1
4 combined1 38 28 לכלוך 2 2 2 2 1 851 1
4 combined1 39 14 מזל 1 2 2 2 1 773 1
4 combined1 40 81 דני 2 1 2 2 1 1162 1
4 combined1 41 4 אהבה 1 2 2 2 1 1047 1
4 combined1 42 53 מוחמד 1 1 2 2 1 878 1
4 combined1 43 94 עדי 2 1 2 2 1 709 1
4 combined1 44 42 גירושין 2 2 2 2 1 1150 1
4 combined1 45 70 תייסיר 1 1 2 2 1 736 1
4 combined1 46 29 רצח 2 2 2 2 1 741 1
4 combined1 47 92 שמעון 2 1 2 2 1 884 1
4 combined1 48 7 חבר 1 2 2 2 1 976 1
4 combined1 49 17 מתנה 1 2 2 2 1 806 1
4 combined1 50 55 מדחאת 1 1 2 2 1 679 1
5 combined1b 1 2 חופש 1 2 2 2 1 1312 1
5 combined1b 2 69 עאידה 1 1 2 2 1 775 1
5 combined1b 3 36 תקיפה 2 2 2 2 1 1163 1
5 combined1b 4 18 כבוד 1 2 2 2 1 776 1
5 combined1b 5 77 סאמירה 1 1 2 2 1 748 1
5 combined1b 6 80 יובל 2 1 2 2 1 880 1
5 combined1b 7 35 סירחון 2 2 2 2 1 866 1
5 combined1b 8 85 מאיה 2 1 2 2 1 802 1
5 combined1b 9 88 ערן 2 1 2 2 1 727 1
5 combined1b 10 20 זריחה 1 2 2 2 1 760 2
5 combined1b 11 66 פאטימה 1 1 2 2 1 890 1
5 combined1b 12 71 ראניה 1 1 2 2 1 665 1
5 combined1b 13 56 איברהים 1 1 2 2 1 622 1
5 combined1b 14 46 סרטן 2 2 2 2 1 2418 1
5 combined1b 15 38 שנאה 2 2 2 2 1 847 1
5 combined1b 16 95 עידן 2 1 2 2 1 995 1
5 combined1b 17 22 שמחה 1 2 2 2 1 659 1
5 combined1b 18 68 נאדיה 1 1 2 2 1 765 1
5 combined1b 19 11 יהלום 1 2 2 2 1 768 2
5 combined1b 20 74 סוילמאן 1 1 2 2 1 1320 1
5 combined1b 21 23 צחוק 1 2 2 2 1 755 1
5 combined1b 22 24 עילאי 1 2 2 2 1 909 2
5 combined1b 23 21 משפחה 1 2 2 2 1 691 1
5 combined1b 24 86 נועה 2 1 2 2 1 922 1
5 combined1b 25 97 אהרון 2 1 2 2 1 575 1
5 combined1b 26 89 יאיר 2 1 2 2 1 631 1
5 combined1b 27 87 נעמה 2 1 2 2 1 518 1
5 combined1b 28 8 כיף 1 2 2 2 1 576 2
5 combined1b 29 62 סאמיר 1 1 2 2 1 658 1
5 combined1b 30 76 ראינאן 1 1 2 2 1 821 1
5 combined1b 31 72 עבד 1 1 2 2 1 1088 1
5 combined1b 32 64 סאמיחה 1 1 2 2 1 1076 1
5 combined1b 33 32 מוות 2 2 2 2 1 712 1
5 combined1b 34 83 משה 2 1 2 2 1 721 1
5 combined1b 35 27 התרסקות 2 2 2 2 1 765 1
5 combined1b 36 58 איבתיסאם 1 1 2 2 1 742 1
5 combined1b 37 73 סאלים 1 1 2 2 1 1272 1
5 combined1b 38 30 חולי 2 2 2 2 1 1096 1
5 combined1b 39 34 רעל 2 2 2 2 1 666 1
5 combined1b 40 47 רשע 2 2 2 2 1 679 1
5 combined1b 41 41 פצצה 2 2 2 2 1 688 1
5 combined1b 42 59 נור 1 1 2 2 1 1498 1
5 combined1b 43 98 דויד 2 1 2 2 1 1520 1
5 combined1b 44 16 הישג 1 2 2 2 1 1324 1
5 combined1b 45 13 כנה 1 2 2 2 1 1012 2
5 combined1b 46 96 יפעת 2 1 2 2 1 1470 1
5 combined1b 47 40 טרגדיה 2 2 2 2 1 966 1
5 combined1b 48 82 אבי 2 1 2 2 1 1134 1
5 combined1b 49 65 עביר 1 1 2 2 1 1098 1
5 combined1b 50 51 צער 2 2 2 2 1 987 1
6 wb 1 5 מוסא 1 1 0 3 2 968 2
6 wb 2 42 עדי 2 1 0 4 2 1234 1
6 wb 3 23 אשראף 1 1 0 3 2 593 2
6 wb 4 26 יאיר 2 1 0 4 2 1029 2
6 wb 5 20 עבד 1 1 0 3 2 1370 2
6 wb 6 37 יאיר 2 1 0 4 2 2441 2
6 wb 7 14 פאטימה 1 1 0 3 2 757 2
6 wb 8 46 דויד 2 1 0 4 2 871 2
6 wb 9 16 נאדיה 1 1 0 3 2 868 2
6 wb 10 36 ערן 2 1 0 4 2 2364 1
6 wb 11 49 ישראל 2 1 0 4 2 1294 1
6 wb 12 19 ראניה 1 1 0 3 2 741 1
6 wb 13 31 משה 2 1 0 4 2 745 2
6 wb 14 1 מוחמד 1 1 0 3 2 3101 1
6 wb 15 18 תייסיר 1 1 0 3 2 708 1
6 wb 16 24 ראינאן 1 1 0 3 2 828 1
6 wb 17 27 רונן 2 1 0 4 2 1275 1
6 wb 18 32 שני 2 1 0 4 2 791 1
6 wb 19 4 איברהים 1 1 0 3 2 1047 1
6 wb 20 50 יהודה 2 1 0 4 2 971 1
6 wb 21 11 עזיזה 1 1 0 3 2 1249 1
6 wb 22 9 ראפיק 1 1 0 3 2 699 1
6 wb 23 8 עליאן 1 1 0 3 2 1356 1
6 wb 24 12 סאמיחה 1 1 0 3 2 541 1
6 wb 25 17 עאידה 1 1 0 3 2 573 1
6 wb 26 45 אהרון 2 1 0 4 2 812 2
6 wb 27 7 נור 1 1 0 3 2 938 1
6 wb 28 41 אורן 2 1 0 4 2 705 1
6 wb 29 3 מדחאת 1 1 0 3 2 722 1
6 wb 30 25 סאמירה 1 1 0 3 2 549 1
6 wb 31 2 אחמד 1 1 0 3 2 641 1
6 wb 32 13 עביר 1 1 0 3 2 884 1
6 wb 33 38 עמוס 2 1 0 4 2 1141 1
6 wb 34 39 רבקה 2 1 0 4 2 766 1
6 wb 35 6 איבתיסאם 1 1 0 3 2 954 2
6 wb 36 29 דני 2 1 0 4 2 887 1
6 wb 37 35 נעמה 2 1 0 4 2 652 1
6 wb 38 48 יוכבד 2 1 0 4 2 629 1
6 wb 39 22 סוילמאן 1 1 0 3 2 876 1
6 wb 40 10 סאמיר 1 1 0 3 2 740 1
6 wb 41 30 אבי 2 1 0 4 2 670 1
6 wb 42 43 עידן 2 1 0 4 2 989 1
6 wb 43 34 נועה 2 1 0 4 2 679 1
6 wb 44 40 שמעון 2 1 0 4 2 749 1
6 wb 45 47 מיטל 2 1 0 4 2 596 1
6 wb 46 44 יפעת 2 1 0 4 2 646 1
6 wb 47 15 האדיל 1 1 0 3 2 511 2
6 wb 48 28 יובל 2 1 0 4 2 821 1
6 wb 49 21 סאלים 1 1 0 3 2 612 1
6 wb 50 33 מאיה 2 1 0 4 2 845 2
7 combined2 1 23 צחוק 1 2 1 4 2 4677 1
7 combined2 2 2 חופש 1 2 1 4 2 839 1
7 combined2 3 51 צער 2 2 1 4 2 2813 1
7 combined2 4 65 עביר 1 1 1 4 2 870 2
7 combined2 5 98 דויד 2 1 1 4 2 1698 1
7 combined2 6 20 זריחה 1 2 1 4 2 758 1
7 combined2 7 60 עליאן 1 1 1 4 2 947 2
7 combined2 8 91 רבקה 2 1 1 4 2 2985 2
7 combined2 9 14 מזל 1 2 1 4 2 2889 1
7 combined2 10 44 עוני 2 2 1 4 2 1112 1
7 combined2 11 52 לכוד 2 2 1 4 2 629 2
7 combined2 12 58 איבתיסאם 1 1 1 4 2 1219 1
7 combined2 13 31 תאונה 2 2 1 4 2 2361 1
7 combined2 14 9 נאמן 1 2 1 4 2 1788 1
7 combined2 15 97 אהרון 2 1 1 4 2 1247 1
7 combined2 16 19 נס 1 2 1 4 2 983 2
7 combined2 17 13 כנה 1 2 1 4 2 1415 2
7 combined2 18 77 סאמירה 1 1 1 4 2 917 1
7 combined2 19 10 תענוג 1 2 1 4 2 1517 1
7 combined2 20 72 עבד 1 1 1 4 2 2203 1
7 combined2 21 1 ללטף 1 2 1 4 2 1097 1
7 combined2 22 64 סאמיחה 1 1 1 4 2 883 2
7 combined2 23 4 אהבה 1 2 1 4 2 6340 1
7 combined2 24 43 כלא 2 2 1 4 2 938 1
7 combined2 25 61 ראפיק 1 1 1 4 2 931 1
7 combined2 26 93 אורן 2 1 1 4 2 1168 1
7 combined2 27 39 זיהום 2 2 1 4 2 1122 1
7 combined2 28 74 סוילמאן 1 1 1 4 2 865 1
7 combined2 29 76 ראינאן 1 1 1 4 2 1029 2
7 combined2 30 46 סרטן 2 2 1 4 2 1802 1
7 combined2 31 15 קשת 1 2 1 4 2 1256 1
7 combined2 32 78 יאיר 2 1 1 4 2 976 1
7 combined2 33 55 מדחאת 1 1 1 4 2 882 1
7 combined2 34 6 לעודד 1 2 1 4 2 994 2
7 combined2 35 86 נועה 2 1 1 4 2 1462 2
7 combined2 36 41 פצצה 2 2 1 4 2 1031 2
7 combined2 37 3 בריאות 1 2 1 4 2 1782 1
7 combined2 38 16 הישג 1 2 1 4 2 934 2
7 combined2 39 63 עזיזה 1 1 1 4 2 769 1
7 combined2 40 89 יאיר 2 1 1 4 2 720 1
7 combined2 41 33 אבל 2 2 1 4 2 995 1
7 combined2 42 83 משה 2 1 1 4 2 967 1
7 combined2 43 36 תקיפה 2 2 1 4 2 787 1
7 combined2 44 95 עידן 2 1 1 4 2 1096 1
7 combined2 45 92 שמעון 2 1 1 4 2 746 1
7 combined2 46 100 יוכבד 2 1 1 4 2 767 1
7 combined2 47 40 טרגדיה 2 2 1 4 2 857 1
7 combined2 48 49 רקוב 2 2 1 4 2 1294 1
7 combined2 49 32 מוות 2 2 1 4 2 701 1
7 combined2 50 50 קיא 2 2 1 4 2 936 1
8 combined2b 1 70 תייסיר 1 1 1 4 2 2601 1
8 combined2b 2 80 יובל 2 1 1 4 2 781 1
8 combined2b 3 56 איברהים 1 1 1 4 2 862 2
8 combined2b 4 22 שמחה 1 2 1 4 2 2417 1
8 combined2b 5 30 חולי 2 2 1 4 2 2184 1
8 combined2b 6 26 התעללות 2 2 1 4 2 673 1
8 combined2b 7 28 לכלוך 2 2 1 4 2 731 1
8 combined2b 8 54 אחמד 1 1 1 4 2 791 1
8 combined2b 9 53 מוחמד 1 1 1 4 2 541 1
8 combined2b 10 21 משפחה 1 2 1 4 2 968 1
8 combined2b 11 57 מוסא 1 1 1 4 2 739 2
8 combined2b 12 37 אסון 2 2 1 4 2 1061 1
8 combined2b 13 24 עילאי 1 2 1 4 2 1384 2
8 combined2b 14 12 עדין 1 2 1 4 2 2827 1
8 combined2b 15 48 להרוג 2 2 1 4 2 1996 1
8 combined2b 16 34 רעל 2 2 1 4 2 1171 1
8 combined2b 17 82 אבי 2 1 1 4 2 783 2
8 combined2b 18 66 פאטימה 1 1 1 4 2 2265 1
8 combined2b 19 96 יפעת 2 1 1 4 2 805 1
8 combined2b 20 59 נור 1 1 1 4 2 1399 1
8 combined2b 21 8 כיף 1 2 1 4 2 1046 1
8 combined2b 22 71 ראניה 1 1 1 4 2 1171 1
8 combined2b 23 38 שנאה 2 2 1 4 2 2145 1
8 combined2b 24 18 כבוד 1 2 1 4 2 1101 1
8 combined2b 25 62 סאמיר 1 1 1 4 2 888 2
8 combined2b 26 85 מאיה 2 1 1 4 2 1148 1
8 combined2b 27 5 שלום 1 2 1 4 2 821 1
8 combined2b 28 87 נעמה 2 1 1 4 2 730 1
8 combined2b 29 90 עמוס 2 1 1 4 2 1146 1
8 combined2b 30 84 שני 2 1 1 4 2 787 1
8 combined2b 31 99 מיטל 2 1 1 4 2 797 1
8 combined2b 32 11 יהלום 1 2 1 4 2 812 1
8 combined2b 33 35 סירחון 2 2 1 4 2 987 1
8 combined2b 34 79 רונן 2 1 1 4 2 1125 1
8 combined2b 35 67 האדיל 1 1 1 4 2 833 1
8 combined2b 36 68 נאדיה 1 1 1 4 2 853 1
8 combined2b 37 17 מתנה 1 2 1 4 2 1790 1
8 combined2b 38 7 חבר 1 2 1 4 2 994 1
8 combined2b 39 94 עדי 2 1 1 4 2 888 1
8 combined2b 40 69 עאידה 1 1 1 4 2 964 1
8 combined2b 41 25 חופשה 1 2 1 4 2 934 1
8 combined2b 42 45 מכוער 2 2 1 4 2 884 1
8 combined2b 43 27 התרסקות 2 2 1 4 2 771 1
8 combined2b 44 29 רצח 2 2 1 4 2 696 1
8 combined2b 45 81 דני 2 1 1 4 2 1574 1
8 combined2b 46 42 גירושין 2 2 1 4 2 824 1
8 combined2b 47 88 ערן 2 1 1 4 2 1026 1
8 combined2b 48 73 סאלים 1 1 1 4 2 1240 1
8 combined2b 49 47 רשע 2 2 1 4 2 656 2
8 combined2b 50 75 אשראף 1 1 1 4 2 2568 1
9 wb 1 49 ישראל 2 1 0 4 2 1550 1
9 wb 2 9 ראפיק 1 1 0 3 2 748 1
9 wb 3 47 מיטל 2 1 0 4 2 802 1
9 wb 4 28 יובל 2 1 0 4 2 853 1
9 wb 5 5 מוסא 1 1 0 3 2 743 1
9 wb 6 41 אורן 2 1 0 4 2 766 1
9 wb 7 15 האדיל 1 1 0 3 2 664 1
9 wb 8 8 עליאן 1 1 0 3 2 783 2
9 wb 9 21 סאלים 1 1 0 3 2 1293 1
9 wb 10 33 מאיה 2 1 0 4 2 1108 1
9 wb 11 45 אהרון 2 1 0 4 2 613 1
9 wb 12 48 יוכבד 2 1 0 4 2 605 1
9 wb 13 23 אשראף 1 1 0 3 2 635 1
9 wb 14 11 עזיזה 1 1 0 3 2 562 1
9 wb 15 38 עמוס 2 1 0 4 2 582 2
9 wb 16 7 נור 1 1 0 3 2 1185 1
9 wb 17 26 יאיר 2 1 0 4 2 1095 1
9 wb 18 40 שמעון 2 1 0 4 2 991 1
9 wb 19 29 דני 2 1 0 4 2 687 1
9 wb 20 37 יאיר 2 1 0 4 2 673 1
9 wb 21 22 סוילמאן 1 1 0 3 2 757 1
9 wb 22 42 עדי 2 1 0 4 2 626 2
9 wb 23 10 סאמיר 1 1 0 3 2 1664 1
9 wb 24 3 מדחאת 1 1 0 3 2 719 2
9 wb 25 14 פאטימה 1 1 0 3 2 727 1
9 wb 26 12 סאמיחה 1 1 0 3 2 803 1
9 wb 27 34 נועה 2 1 0 4 2 481 2
9 wb 28 20 עבד 1 1 0 3 2 694 2
9 wb 29 36 ערן 2 1 0 4 2 1357 1
9 wb 30 17 עאידה 1 1 0 3 2 772 1
9 wb 31 39 רבקה 2 1 0 4 2 1222 1
9 wb 32 35 נעמה 2 1 0 4 2 885 1
9 wb 33 31 משה 2 1 0 4 2 606 1
9 wb 34 18 תייסיר 1 1 0 3 2 647 1
9 wb 35 1 מוחמד 1 1 0 3 2 535 1
9 wb 36 30 אבי 2 1 0 4 2 726 1
9 wb 37 4 איברהים 1 1 0 3 2 554 1
9 wb 38 16 נאדיה 1 1 0 3 2 655 1
9 wb 39 25 סאמירה 1 1 0 3 2 617 1
9 wb 40 43 עידן 2 1 0 4 2 691 1
9 wb 41 13 עביר 1 1 0 3 2 550 2
9 wb 42 46 דויד 2 1 0 4 2 872 1
9 wb 43 50 יהודה 2 1 0 4 2 809 2
9 wb 44 27 רונן 2 1 0 4 2 690 1
9 wb 45 44 יפעת 2 1 0 4 2 600 1
9 wb 46 19 ראניה 1 1 0 3 2 560 2
9 wb 47 2 אחמד 1 1 0 3 2 589 1
9 wb 48 32 שני 2 1 0 4 2 562 1
9 wb 49 6 איבתיסאם 1 1 0 3 2 490 1
9 wb 50 24 ראינאן 1 1 0 3 2 779 1
10 combined2 1 90 עמוס 2 1 1 3 2 1485 2
10 combined2 2 10 תענוג 1 2 1 3 2 4329 1
10 combined2 3 84 שני 2 1 1 3 2 716 1
10 combined2 4 22 שמחה 1 2 1 3 2 685 1
10 combined2 5 12 עדין 1 2 1 3 2 1063 1
10 combined2 6 79 רונן 2 1 1 3 2 1018 1
10 combined2 7 34 רעל 2 2 1 3 2 922 2
10 combined2 8 39 זיהום 2 2 1 3 2 2235 1
10 combined2 9 74 סוילמאן 1 1 1 3 2 657 1
10 combined2 10 17 מתנה 1 2 1 3 2 1166 1
10 combined2 11 8 כיף 1 2 1 3 2 774 1
10 combined2 12 65 עביר 1 1 1 3 2 670 1
10 combined2 13 23 צחוק 1 2 1 3 2 1034 1
10 combined2 14 33 אבל 2 2 1 3 2 865 1
10 combined2 15 44 עוני 2 2 1 3 2 623 2
10 combined2 16 97 אהרון 2 1 1 3 2 1192 1
10 combined2 17 53 מוחמד 1 1 1 3 2 811 1
10 combined2 18 14 מזל 1 2 1 3 2 787 1
10 combined2 19 82 אבי 2 1 1 3 2 656 2
10 combined2 20 75 אשראף 1 1 1 3 2 1192 1
10 combined2 21 98 דויד 2 1 1 3 2 931 2
10 combined2 22 83 משה 2 1 1 3 2 840 1
10 combined2 23 71 ראניה 1 1 1 3 2 787 1
10 combined2 24 18 כבוד 1 2 1 3 2 1454 1
10 combined2 25 77 סאמירה 1 1 1 3 2 709 1
10 combined2 26 69 עאידה 1 1 1 3 2 988 1
10 combined2 27 45 מכוער 2 2 1 3 2 2294 1
10 combined2 28 85 מאיה 2 1 1 3 2 1396 1
10 combined2 29 87 נעמה 2 1 1 3 2 1070 1
10 combined2 30 95 עידן 2 1 1 3 2 777 1
10 combined2 31 7 חבר 1 2 1 3 2 1102 1
10 combined2 32 49 רקוב 2 2 1 3 2 3521 1
10 combined2 33 26 התעללות 2 2 1 3 2 656 1
10 combined2 34 47 רשע 2 2 1 3 2 729 1
10 combined2 35 93 אורן 2 1 1 3 2 895 2
10 combined2 36 43 כלא 2 2 1 3 2 1029 1
10 combined2 37 30 חולי 2 2 1 3 2 816 1
10 combined2 38 76 ראינאן 1 1 1 3 2 793 2
10 combined2 39 73 סאלים 1 1 1 3 2 828 1
10 combined2 40 9 נאמן 1 2 1 3 2 1352 1
10 combined2 41 31 תאונה 2 2 1 3 2 1133 1
10 combined2 42 24 עילאי 1 2 1 3 2 1408 2
10 combined2 43 94 עדי 2 1 1 3 2 746 1
10 combined2 44 80 יובל 2 1 1 3 2 977 1
10 combined2 45 63 עזיזה 1 1 1 3 2 803 1
10 combined2 46 61 ראפיק 1 1 1 3 2 915 1
10 combined2 47 60 עליאן 1 1 1 3 2 863 2
10 combined2 48 3 בריאות 1 2 1 3 2 1330 1
10 combined2 49 62 סאמיר 1 1 1 3 2 668 1
10 combined2 50 57 מוסא 1 1 1 3 2 773 1
11 combined2b 1 52 לכוד 2 2 1 3 2 1783 1
11 combined2b 2 59 נור 1 1 1 3 2 2281 1
11 combined2b 3 86 נועה 2 1 1 3 2 878 1
11 combined2b 4 2 חופש 1 2 1 3 2 4212 1
11 combined2b 5 35 סירחון 2 2 1 3 2 1283 1
11 combined2b 6 99 מיטל 2 1 1 3 2 974 1
11 combined2b 7 5 שלום 1 2 1 3 2 929 1
11 combined2b 8 92 שמעון 2 1 1 3 2 1189 1
11 combined2b 9 89 יאיר 2 1 1 3 2 658 1
11 combined2b 10 66 פאטימה 1 1 1 3 2 599 1
11 combined2b 11 70 תייסיר 1 1 1 3 2 658 1
11 combined2b 12 6 לעודד 1 2 1 3 2 1172 2
11 combined2b 13 46 סרטן 2 2 1 3 2 937 1
11 combined2b 14 78 יאיר 2 1 1 3 2 757 1
11 combined2b 15 19 נס 1 2 1 3 2 578 1
11 combined2b 16 72 עבד 1 1 1 3 2 1297 1
11 combined2b 17 68 נאדיה 1 1 1 3 2 680 2
11 combined2b 18 4 אהבה 1 2 1 3 2 890 1
11 combined2b 19 100 יוכבד 2 1 1 3 2 781 1
11 combined2b 20 16 הישג 1 2 1 3 2 4749 1
11 combined2b 21 27 התרסקות 2 2 1 3 2 652 1
11 combined2b 22 58 איבתיסאם 1 1 1 3 2 874 1
11 combined2b 23 25 חופשה 1 2 1 3 2 939 1
11 combined2b 24 51 צער 2 2 1 3 2 2310 2
11 combined2b 25 32 מוות 2 2 1 3 2 2268 1
11 combined2b 26 55 מדחאת 1 1 1 3 2 1087 1
11 combined2b 27 13 כנה 1 2 1 3 2 1215 2
11 combined2b 28 36 תקיפה 2 2 1 3 2 1573 1
11 combined2b 29 54 אחמד 1 1 1 3 2 654 1
11 combined2b 30 28 לכלוך 2 2 1 3 2 3267 1
11 combined2b 31 15 קשת 1 2 1 3 2 860 2
11 combined2b 32 1 ללטף 1 2 1 3 2 735 2
11 combined2b 33 64 סאמיחה 1 1 1 3 2 688 1
11 combined2b 34 56 איברהים 1 1 1 3 2 754 1
11 combined2b 35 37 אסון 2 2 1 3 2 718 2
11 combined2b 36 21 משפחה 1 2 1 3 2 1014 2
11 combined2b 37 91 רבקה 2 1 1 3 2 738 1
11 combined2b 38 81 דני 2 1 1 3 2 1101 1
11 combined2b 39 88 ערן 2 1 1 3 2 495 1
11 combined2b 40 48 להרוג 2 2 1 3 2 905 2
11 combined2b 41 40 טרגדיה 2 2 1 3 2 626 1
11 combined2b 42 38 שנאה 2 2 1 3 2 642 1
11 combined2b 43 96 יפעת 2 1 1 3 2 650 2
11 combined2b 44 42 גירושין 2 2 1 3 2 939 1
11 combined2b 45 41 פצצה 2 2 1 3 2 1014 1
11 combined2b 46 11 יהלום 1 2 1 3 2 1310 1
11 combined2b 47 29 רצח 2 2 1 3 2 1626 1
11 combined2b 48 67 האדיל 1 1 1 3 2 740 1
11 combined2b 49 20 זריחה 1 2 1 3 2 1317 1
11 combined2b 50 50 קיא 2 2 1 3 2 1211 1
12 bw 1 19 ראניה 1 1 0 3 1 2887 1
12 bw 2 5 מוסא 1 1 0 3 1 843 1
12 bw 3 42 עדי 2 1 0 4 1 848 2
12 bw 4 47 מיטל 2 1 0 4 1 922 1
12 bw 5 32 שני 2 1 0 4 1 745 1
12 bw 6 3 מדחאת 1 1 0 3 1 507 2
12 bw 7 45 אהרון 2 1 0 4 1 68 2
12 bw 8 20 עבד 1 1 0 3 1 50 2
12 bw 9 37 יאיר 2 1 0 4 1 288 1
12 bw 10 36 ערן 2 1 0 4 1 193 1
12 bw 11 39 רבקה 2 1 0 4 1 17 1
12 bw 12 30 אבי 2 1 0 4 1 3 1
12 bw 13 25 סאמירה 1 1 0 3 1 134 2
12 bw 14 22 סוילמאן 1 1 0 3 1 374 1
12 bw 15 17 עאידה 1 1 0 3 1 815 1
12 bw 16 6 איבתיסאם 1 1 0 3 1 690 1
12 bw 17 49 ישראל 2 1 0 4 1 620 1
12 bw 18 46 דויד 2 1 0 4 1 518 1
12 bw 19 26 יאיר 2 1 0 4 1 359 1
12 bw 20 7 נור 1 1 0 3 1 401 2
12 bw 21 44 יפעת 2 1 0 4 1 1212 1
12 bw 22 34 נועה 2 1 0 4 1 1371 1
12 bw 23 29 דני 2 1 0 4 1 527 1
12 bw 24 16 נאדיה 1 1 0 3 1 506 2
12 bw 25 27 רונן 2 1 0 4 1 581 1
12 bw 26 40 שמעון 2 1 0 4 1 598 1
12 bw 27 15 האדיל 1 1 0 3 1 413 2
12 bw 28 9 ראפיק 1 1 0 3 1 557 2
12 bw 29 12 סאמיחה 1 1 0 3 1 770 1
12 bw 30 35 נעמה 2 1 0 4 1 970 2
12 bw 31 2 אחמד 1 1 0 3 1 858 1
12 bw 32 38 עמוס 2 1 0 4 1 679 1
12 bw 33 33 מאיה 2 1 0 4 1 821 1
12 bw 34 14 פאטימה 1 1 0 3 1 867 1
12 bw 35 10 סאמיר 1 1 0 3 1 995 1
12 bw 36 41 אורן 2 1 0 4 1 752 1
12 bw 37 21 סאלים 1 1 0 3 1 767 1
12 bw 38 28 יובל 2 1 0 4 1 750 1
12 bw 39 48 יוכבד 2 1 0 4 1 516 1
12 bw 40 50 יהודה 2 1 0 4 1 456 1
12 bw 41 31 משה 2 1 0 4 1 416 1
12 bw 42 23 אשראף 1 1 0 3 1 335 2
12 bw 43 18 תייסיר 1 1 0 3 1 639 1
12 bw 44 8 עליאן 1 1 0 3 1 825 1
12 bw 45 13 עביר 1 1 0 3 1 802 1
12 bw 46 11 עזיזה 1 1 0 3 1 523 1
12 bw 47 43 עידן 2 1 0 4 1 443 2
12 bw 48 1 מוחמד 1 1 0 3 1 802 1
12 bw 49 24 ראינאן 1 1 0 3 1 687 1
12 bw 50 4 איברהים 1 1 0 3 1 1477 1
13 combined1 1 100 יוכבד 2 1 2 3 1 1366 2
13 combined1 2 56 איברהים 1 1 2 3 1 2935 1
13 combined1 3 50 קיא 2 2 2 3 1 863 1
13 combined1 4 74 סוילמאן 1 1 2 3 1 1556 1
13 combined1 5 77 סאמירה 1 1 2 3 1 758 1
13 combined1 6 68 נאדיה 1 1 2 3 1 735 1
13 combined1 7 86 נועה 2 1 2 3 1 804 2
13 combined1 8 29 רצח 2 2 2 3 1 741 1
13 combined1 9 37 אסון 2 2 2 3 1 1178 1
13 combined1 10 63 עזיזה 1 1 2 3 1 692 1
13 combined1 11 58 איבתיסאם 1 1 2 3 1 912 1
13 combined1 12 54 אחמד 1 1 2 3 1 712 1
13 combined1 13 39 זיהום 2 2 2 3 1 753 1
13 combined1 14 65 עביר 1 1 2 3 1 796 2
13 combined1 15 59 נור 1 1 2 3 1 1074 1
13 combined1 16 51 צער 2 2 2 3 1 665 1
13 combined1 17 10 תענוג 1 2 2 3 1 1110 2
13 combined1 18 11 יהלום 1 2 2 3 1 2070 1
13 combined1 19 22 שמחה 1 2 2 3 1 1356 1
13 combined1 20 99 מיטל 2 1 2 3 1 836 1
13 combined1 21 18 כבוד 1 2 2 3 1 988 1
13 combined1 22 19 נס 1 2 2 3 1 785 2
13 combined1 23 15 קשת 1 2 2 3 1 1155 2
13 combined1 24 87 נעמה 2 1 2 3 1 1035 1
13 combined1 25 33 אבל 2 2 2 3 1 1040 1
13 combined1 26 97 אהרון 2 1 2 3 1 881 1
13 combined1 27 38 שנאה 2 2 2 3 1 751 1
13 combined1 28 7 חבר 1 2 2 3 1 1243 1
13 combined1 29 78 יאיר 2 1 2 3 1 830 1
13 combined1 30 81 דני 2 1 2 3 1 699 1
13 combined1 31 76 ראינאן 1 1 2 3 1 830 1
13 combined1 32 27 התרסקות 2 2 2 3 1 1376 1
13 combined1 33 75 אשראף 1 1 2 3 1 810 1
13 combined1 34 53 מוחמד 1 1 2 3 1 836 1
13 combined1 35 34 רעל 2 2 2 3 1 646 1
13 combined1 36 48 להרוג 2 2 2 3 1 737 1
13 combined1 37 36 תקיפה 2 2 2 3 1 951 1
13 combined1 38 46 סרטן 2 2 2 3 1 694 1
13 combined1 39 61 ראפיק 1 1 2 3 1 540 2
13 combined1 40 25 חופשה 1 2 2 3 1 1324 1
13 combined1 41 80 יובל 2 1 2 3 1 738 1
13 combined1 42 66 פאטימה 1 1 2 3 1 928 1
13 combined1 43 20 זריחה 1 2 2 3 1 831 2
13 combined1 44 67 האדיל 1 1 2 3 1 768 2
13 combined1 45 9 נאמן 1 2 2 3 1 878 2
13 combined1 46 8 כיף 1 2 2 3 1 842 2
13 combined1 47 82 אבי 2 1 2 3 1 1207 1
13 combined1 48 12 עדין 1 2 2 3 1 1165 2
13 combined1 49 62 סאמיר 1 1 2 3 1 659 1
13 combined1 50 95 עידן 2 1 2 3 1 963 1
14 combined1b 1 91 רבקה 2 1 2 3 1 377 1
14 combined1b 2 72 עבד 1 1 2 3 1 60 1
14 combined1b 3 40 טרגדיה 2 2 2 3 1 13 1
14 combined1b 4 24 עילאי 1 2 2 3 1 566 1
14 combined1b 5 93 אורן 2 1 2 3 1 2372 1
14 combined1b 6 90 עמוס 2 1 2 3 1 718 1
14 combined1b 7 49 רקוב 2 2 2 3 1 714 1
14 combined1b 8 30 חולי 2 2 2 3 1 709 1
14 combined1b 9 94 עדי 2 1 2 3 1 943 2
14 combined1b 10 14 מזל 1 2 2 3 1 901 1
14 combined1b 11 26 התעללות 2 2 2 3 1 633 1
14 combined1b 12 57 מוסא 1 1 2 3 1 600 1
14 combined1b 13 16 הישג 1 2 2 3 1 707 2
14 combined1b 14 44 עוני 2 2 2 3 1 760 1
14 combined1b 15 69 עאידה 1 1 2 3 1 734 1
14 combined1b 16 5 שלום 1 2 2 3 1 846 1
14 combined1b 17 42 גירושין 2 2 2 3 1 798 1
14 combined1b 18 83 משה 2 1 2 3 1 997 1
14 combined1b 19 21 משפחה 1 2 2 3 1 1011 1
14 combined1b 20 3 בריאות 1 2 2 3 1 861 1
14 combined1b 21 28 לכלוך 2 2 2 3 1 1005 1
14 combined1b 22 55 מדחאת 1 1 2 3 1 692 1
14 combined1b 23 84 שני 2 1 2 3 1 818 1
14 combined1b 24 92 שמעון 2 1 2 3 1 772 1
14 combined1b 25 45 מכוער 2 2 2 3 1 485 1
14 combined1b 26 73 סאלים 1 1 2 3 1 466 2
14 combined1b 27 89 יאיר 2 1 2 3 1 1198 1
14 combined1b 28 71 ראניה 1 1 2 3 1 1524 1
14 combined1b 29 13 כנה 1 2 2 3 1 569 2
14 combined1b 30 96 יפעת 2 1 2 3 1 1212 1
14 combined1b 31 52 לכוד 2 2 2 3 1 684 1
14 combined1b 32 79 רונן 2 1 2 3 1 903 1
14 combined1b 33 6 לעודד 1 2 2 3 1 674 2
14 combined1b 34 43 כלא 2 2 2 3 1 1090 1
14 combined1b 35 88 ערן 2 1 2 3 1 763 1
14 combined1b 36 4 אהבה 1 2 2 3 1 810 1
14 combined1b 37 70 תייסיר 1 1 2 3 1 848 1
14 combined1b 38 32 מוות 2 2 2 3 1 647 1
14 combined1b 39 98 דויד 2 1 2 3 1 1014 1
14 combined1b 40 35 סירחון 2 2 2 3 1 840 1
14 combined1b 41 47 רשע 2 2 2 3 1 562 1
14 combined1b 42 60 עליאן 1 1 2 3 1 532 2
14 combined1b 43 2 חופש 1 2 2 3 1 877 1
14 combined1b 44 1 ללטף 1 2 2 3 1 1194 1
14 combined1b 45 31 תאונה 2 2 2 3 1 2299 1
14 combined1b 46 85 מאיה 2 1 2 3 1 1231 2
14 combined1b 47 41 פצצה 2 2 2 3 1 865 1
14 combined1b 48 23 צחוק 1 2 2 3 1 1161 1
14 combined1b 49 17 מתנה 1 2 2 3 1 1173 1
14 combined1b 50 64 סאמיחה 1 1 2 3 1 737 1
-139 -305 1
