2 bw 1 42 עדי 2 1 0 4 1 2153 1
2 bw 2 10 סאמיר 1 1 0 3 1 1036 1
2 bw 3 26 יאיר 2 1 0 4 1 635 1
2 bw 4 47 מיטל 2 1 0 4 1 708 1
2 bw 5 1 מוחמד 1 1 0 3 1 619 1
2 bw 6 24 ראינאן 1 1 0 3 1 831 1
2 bw 7 18 תייסיר 1 1 0 3 1 618 1
2 bw 8 22 סוילמאן 1 1 0 3 1 625 1
2 bw 9 49 ישראל 2 1 0 4 1 671 1
2 bw 10 41 אורן 2 1 0 4 1 918 1
2 bw 11 19 ראניה 1 1 0 3 1 770 1
2 bw 12 13 עביר 1 1 0 3 1 733 1
2 bw 13 29 דני 2 1 0 4 1 703 1
2 bw 14 4 איברהים 1 1 0 3 1 699 1
2 bw 15 35 נעמה 2 1 0 4 1 774 1
2 bw 16 20 עבד 1 1 0 3 1 659 1
2 bw 17 5 מוסא 1 1 0 3 1 541 1
2 bw 18 23 אשראף 1 1 0 3 1 1233 1
2 bw 19 3 מדחאת 1 1 0 3 1 635 1
2 bw 20 37 יאיר 2 1 0 4 1 591 1
2 bw 21 27 רונן 2 1 0 4 1 618 1
2 bw 22 15 האדיל 1 1 0 3 1 2228 1
2 bw 23 50 יהודה 2 1 0 4 1 763 1
2 bw 24 34 נועה 2 1 0 4 1 731 1
2 bw 25 25 סאמירה 1 1 0 3 1 607 1
2 bw 26 31 משה 2 1 0 4 1 2165 1
2 bw 27 30 אבי 2 1 0 4 1 757 1
2 bw 28 6 איבתיסאם 1 1 0 3 1 625 1
2 bw 29 39 רבקה 2 1 0 4 1 974 1
2 bw 30 7 נור 1 1 0 3 1 1150 1
2 bw 31 48 יוכבד 2 1 0 4 1 717 1
2 bw 32 12 סאמיחה 1 1 0 3 1 572 1
2 bw 33 17 עאידה 1 1 0 3 1 879 2
2 bw 34 16 נאדיה 1 1 0 3 1 2421 1
2 bw 35 44 יפעת 2 1 0 4 1 900 1
2 bw 36 8 עליאן 1 1 0 3 1 1189 1
2 bw 37 11 עזיזה 1 1 0 3 1 1849 1
2 bw 38 46 דויד 2 1 0 4 1 634 1
2 bw 39 43 עידן 2 1 0 4 1 652 1
2 bw 40 2 אחמד 1 1 0 3 1 662 1
2 bw 41 40 שמעון 2 1 0 4 1 828 1
2 bw 42 32 שני 2 1 0 4 1 697 1
2 bw 43 45 אהרון 2 1 0 4 1 725 1
2 bw 44 21 סאלים 1 1 0 3 1 607 1
2 bw 45 28 יובל 2 1 0 4 1 743 1
2 bw 46 36 ערן 2 1 0 4 1 843 1
2 bw 47 38 עמוס 2 1 0 4 1 932 1
2 bw 48 33 מאיה 2 1 0 4 1 717 1
2 bw 49 14 פאטימה 1 1 0 3 1 948 1
2 bw 50 9 ראפיק 1 1 0 3 1 879 1
3 pu 1 11 יהלום 1 2 0 1 1 2804 2
3 pu 2 39 זיהום 2 2 0 2 1 1857 1
3 pu 3 16 הישג 1 2 0 1 1 1908 1
3 pu 4 32 מוות 2 2 0 2 1 1033 1
3 pu 5 35 סירחון 2 2 0 2 1 1318 1
3 pu 6 51 צער 2 2 0 2 1 972 1
3 pu 7 7 חבר 1 2 0 1 1 1052 1
3 pu 8 1 ללטף 1 2 0 1 1 759 1
3 pu 9 10 תענוג 1 2 0 1 1 764 1
3 pu 10 28 לכלוך 2 2 0 2 1 707 1
3 pu 11 20 זריחה 1 2 0 1 1 1007 1
3 pu 12 21 משפחה 1 2 0 1 1 900 1
3 pu 13 12 עדין 1 2 0 1 1 717 1
3 pu 14 48 להרוג 2 2 0 2 1 725 1
3 pu 15 36 תקיפה 2 2 0 2 1 817 1
3 pu 16 17 מתנה 1 2 0 1 1 970 1
3 pu 17 19 נס 1 2 0 1 1 660 1
3 pu 18 50 קיא 2 2 0 2 1 742 1
3 pu 19 38 שנאה 2 2 0 2 1 1210 1
3 pu 20 15 קשת 1 2 0 1 1 1293 1
3 pu 21 37 אסון 2 2 0 2 1 1161 1
3 pu 22 13 כנה 1 2 0 1 1 1875 1
3 pu 23 33 אבל 2 2 0 2 1 1013 1
3 pu 24 18 כבוד 1 2 0 1 1 657 1
3 pu 25 29 רצח 2 2 0 2 1 688 1
3 pu 26 44 עוני 2 2 0 2 1 869 1
3 pu 27 26 התעללות 2 2 0 2 1 681 1
3 pu 28 23 צחוק 1 2 0 1 1 686 1
3 pu 29 49 רקוב 2 2 0 2 1 794 1
3 pu 30 34 רעל 2 2 0 2 1 2776 1
3 pu 31 25 חופשה 1 2 0 1 1 791 1
3 pu 32 46 סרטן 2 2 0 2 1 1089 1
3 pu 33 30 חולי 2 2 0 2 1 1017 1
3 pu 34 43 כלא 2 2 0 2 1 3169 1
3 pu 35 42 גירושין 2 2 0 2 1 794 1
3 pu 36 52 לכוד 2 2 0 2 1 918 1
3 pu 37 9 נאמן 1 2 0 1 1 1509 1
3 pu 38 2 חופש 1 2 0 1 1 816 1
3 pu 39 3 בריאות 1 2 0 1 1 574 1
3 pu 40 27 התרסקות 2 2 0 2 1 967 1
3 pu 41 14 מזל 1 2 0 1 1 1052 1
3 pu 42 45 מכוער 2 2 0 2 1 1407 1
3 pu 43 40 טרגדיה 2 2 0 2 1 935 2
3 pu 44 8 כיף 1 2 0 1 1 1136 1
3 pu 45 24 עילאי 1 2 0 1 1 1215 1
3 pu 46 41 פצצה 2 2 0 2 1 707 1
3 pu 47 31 תאונה 2 2 0 2 1 2519 1
3 pu 48 6 לעודד 1 2 0 1 1 1391 1
3 pu 49 22 שמחה 1 2 0 1 1 723 1
3 pu 50 47 רשע 2 2 0 2 1 813 1
4 combined1 1 19 נס 1 2 2 2 1 4544 2
4 combined1 2 29 רצח 2 2 2 2 1 1494 1
4 combined1 3 33 אבל 2 2 2 2 1 2524 1
4 combined1 4 87 נעמה 2 1 2 2 1 1069 1
4 combined1 5 6 לעודד 1 2 2 2 1 1785 1
4 combined1 6 30 חולי 2 2 2 2 1 1313 1
4 combined1 7 38 שנאה 2 2 2 2 1 2008 1
4 combined1 8 36 תקיפה 2 2 2 2 1 1988 2
4 combined1 9 80 יובל 2 1 2 2 1 1767 1
4 combined1 10 74 סוילמאן 1 1 2 2 1 934 1
4 combined1 11 75 אשראף 1 1 2 2 1 2356 1
4 combined1 12 46 סרטן 2 2 2 2 1 1140 1
4 combined1 13 85 מאיה 2 1 2 2 1 2894 1
4 combined1 14 77 סאמירה 1 1 2 2 1 940 1
4 combined1 15 94 עדי 2 1 2 2 1 1179 1
4 combined1 16 22 שמחה 1 2 2 2 1 3434 1
4 combined1 17 88 ערן 2 1 2 2 1 1170 1
4 combined1 18 26 התעללות 2 2 2 2 1 3408 1
4 combined1 19 55 מדחאת 1 1 2 2 1 4424 1
4 combined1 20 10 תענוג 1 2 2 2 1 2799 1
4 combined1 21 51 צער 2 2 2 2 1 3410 1
4 combined1 22 68 נאדיה 1 1 2 2 1 3597 1
4 combined1 23 1 ללטף 1 2 2 2 1 1581 1
4 combined1 24 23 צחוק 1 2 2 2 1 5992 1
4 combined1 25 61 ראפיק 1 1 2 2 1 3122 1
4 combined1 26 89 יאיר 2 1 2 2 1 2235 1
4 combined1 27 7 חבר 1 2 2 2 1 740 1
4 combined1 28 18 כבוד 1 2 2 2 1 2580 1
4 combined1 29 27 התרסקות 2 2 2 2 1 2308 1
4 combined1 30 42 גירושין 2 2 2 2 1 646 1
4 combined1 31 69 עאידה 1 1 2 2 1 918 1
4 combined1 32 95 עידן 2 1 2 2 1 1215 2
4 combined1 33 62 סאמיר 1 1 2 2 1 769 1
4 combined1 34 9 נאמן 1 2 2 2 1 2806 1
4 combined1 35 13 כנה 1 2 2 2 1 1026 1
4 combined1 36 15 קשת 1 2 2 2 1 1722 2
4 combined1 37 3 בריאות 1 2 2 2 1 2715 1
4 combined1 38 17 מתנה 1 2 2 2 1 1735 1
4 combined1 39 91 רבקה 2 1 2 2 1 1064 1
4 combined1 40 11 יהלום 1 2 2 2 1 2963 2
4 combined1 41 90 עמוס 2 1 2 2 1 2968 1
4 combined1 42 86 נועה 2 1 2 2 1 2721 1
4 combined1 43 37 אסון 2 2 2 2 1 1218 1
4 combined1 44 47 רשע 2 2 2 2 1 219 1
4 combined1 45 56 איברהים 1 1 2 2 1 1687 1
4 combined1 46 41 פצצה 2 2 2 2 1 929 2
4 combined1 47 49 רקוב 2 2 2 2 1 3638 1
4 combined1 48 58 איבתיסאם 1 1 2 2 1 815 1
4 combined1 49 21 משפחה 1 2 2 2 1 810 1
4 combined1 50 66 פאטימה 1 1 2 2 1 1846 1
5 combined1b 1 28 לכלוך 2 2 2 2 1 1333 1
5 combined1b 2 53 מוחמד 1 1 2 2 1 1500 1
5 combined1b 3 72 עבד 1 1 2 2 1 2202 1
5 combined1b 4 78 יאיר 2 1 2 2 1 610 1
5 combined1b 5 93 אורן 2 1 2 2 1 710 1
5 combined1b 6 67 האדיל 1 1 2 2 1 832 1
5 combined1b 7 48 להרוג 2 2 2 2 1 2518 1
5 combined1b 8 60 עליאן 1 1 2 2 1 864 1
5 combined1b 9 98 דויד 2 1 2 2 1 1493 1
5 combined1b 10 63 עזיזה 1 1 2 2 1 716 1
5 combined1b 11 99 מיטל 2 1 2 2 1 1066 1
5 combined1b 12 100 יוכבד 2 1 2 2 1 678 1
5 combined1b 13 57 מוסא 1 1 2 2 1 557 1
5 combined1b 14 84 שני 2 1 2 2 1 1683 1
5 combined1b 15 83 משה 2 1 2 2 1 559 1
5 combined1b 16 34 רעל 2 2 2 2 1 676 1
5 combined1b 17 81 דני 2 1 2 2 1 504 1
5 combined1b 18 35 סירחון 2 2 2 2 1 2399 1
5 combined1b 19 71 ראניה 1 1 2 2 1 629 1
5 combined1b 20 73 סאלים 1 1 2 2 1 1265 1
5 combined1b 21 25 חופשה 1 2 2 2 1 1462 1
5 combined1b 22 59 נור 1 1 2 2 1 1475 1
5 combined1b 23 82 אבי 2 1 2 2 1 520 2
5 combined1b 24 16 הישג 1 2 2 2 1 1499 1
5 combined1b 25 20 זריחה 1 2 2 2 1 801 1
5 combined1b 26 64 סאמיחה 1 1 2 2 1 1091 1
5 combined1b 27 79 רונן 2 1 2 2 1 732 1
5 combined1b 28 65 עביר 1 1 2 2 1 612 1
5 combined1b 29 43 כלא 2 2 2 2 1 658 1
5 combined1b 30 96 יפעת 2 1 2 2 1 1188 1
5 combined1b 31 2 חופש 1 2 2 2 1 874 1
5 combined1b 32 44 עוני 2 2 2 2 1 720 1
5 combined1b 33 40 טרגדיה 2 2 2 2 1 890 1
5 combined1b 34 97 אהרון 2 1 2 2 1 712 2
5 combined1b 35 31 תאונה 2 2 2 2 1 1352 1
5 combined1b 36 50 קיא 2 2 2 2 1 2874 1
5 combined1b 37 8 כיף 1 2 2 2 1 744 1
5 combined1b 38 5 שלום 1 2 2 2 1 1149 1
5 combined1b 39 54 אחמד 1 1 2 2 1 578 1
5 combined1b 40 39 זיהום 2 2 2 2 1 1830 1
5 combined1b 41 92 שמעון 2 1 2 2 1 754 1
5 combined1b 42 76 ראינאן 1 1 2 2 1 654 1
5 combined1b 43 4 אהבה 1 2 2 2 1 1039 1
5 combined1b 44 12 עדין 1 2 2 2 1 688 1
5 combined1b 45 24 עילאי 1 2 2 2 1 632 2
5 combined1b 46 70 תייסיר 1 1 2 2 1 1727 1
5 combined1b 47 45 מכוער 2 2 2 2 1 1914 1
5 combined1b 48 14 מזל 1 2 2 2 1 874 1
5 combined1b 49 32 מוות 2 2 2 2 1 2284 1
5 combined1b 50 52 לכוד 2 2 2 2 1 703 1
6 wb 1 38 עמוס 2 1 0 4 2 3169 1
6 wb 2 36 ערן 2 1 0 4 2 604 1
6 wb 3 16 נאדיה 1 1 0 3 2 1038 1
6 wb 4 50 יהודה 2 1 0 4 2 836 1
6 wb 5 37 יאיר 2 1 0 4 2 991 1
6 wb 6 15 האדיל 1 1 0 3 2 868 1
6 wb 7 28 יובל 2 1 0 4 2 666 1
6 wb 8 34 נועה 2 1 0 4 2 1173 1
6 wb 9 26 יאיר 2 1 0 4 2 1899 1
6 wb 10 29 דני 2 1 0 4 2 694 1
6 wb 11 9 ראפיק 1 1 0 3 2 617 1
6 wb 12 23 אשראף 1 1 0 3 2 1276 1
6 wb 13 1 מוחמד 1 1 0 3 2 2893 1
6 wb 14 21 סאלים 1 1 0 3 2 615 1
6 wb 15 44 יפעת 2 1 0 4 2 868 2
6 wb 16 8 עליאן 1 1 0 3 2 949 1
6 wb 17 35 נעמה 2 1 0 4 2 749 1
6 wb 18 47 מיטל 2 1 0 4 2 890 1
6 wb 19 30 אבי 2 1 0 4 2 884 1
6 wb 20 5 מוסא 1 1 0 3 2 604 1
6 wb 21 22 סוילמאן 1 1 0 3 2 1228 1
6 wb 22 41 אורן 2 1 0 4 2 559 1
6 wb 23 4 איברהים 1 1 0 3 2 483 2
6 wb 24 11 עזיזה 1 1 0 3 2 2459 1
6 wb 25 18 תייסיר 1 1 0 3 2 778 1
6 wb 26 12 סאמיחה 1 1 0 3 2 660 1
6 wb 27 32 שני 2 1 0 4 2 644 1
6 wb 28 14 פאטימה 1 1 0 3 2 663 1
6 wb 29 19 ראניה 1 1 0 3 2 749 1
6 wb 30 3 מדחאת 1 1 0 3 2 573 1
6 wb 31 46 דויד 2 1 0 4 2 572 1
6 wb 32 25 סאמירה 1 1 0 3 2 883 1
6 wb 33 45 אהרון 2 1 0 4 2 596 1
6 wb 34 48 יוכבד 2 1 0 4 2 853 2
6 wb 35 20 עבד 1 1 0 3 2 577 1
6 wb 36 49 ישראל 2 1 0 4 2 803 1
6 wb 37 40 שמעון 2 1 0 4 2 594 1
6 wb 38 6 איבתיסאם 1 1 0 3 2 529 1
6 wb 39 2 אחמד 1 1 0 3 2 659 1
6 wb 40 43 עידן 2 1 0 4 2 691 1
6 wb 41 33 מאיה 2 1 0 4 2 1340 1
6 wb 42 27 רונן 2 1 0 4 2 782 1
6 wb 43 10 סאמיר 1 1 0 3 2 616 1
6 wb 44 42 עדי 2 1 0 4 2 516 1
6 wb 45 39 רבקה 2 1 0 4 2 487 1
6 wb 46 17 עאידה 1 1 0 3 2 461 2
6 wb 47 13 עביר 1 1 0 3 2 4184 1
6 wb 48 31 משה 2 1 0 4 2 556 1
6 wb 49 7 נור 1 1 0 3 2 828 1
6 wb 50 24 ראינאן 1 1 0 3 2 780 1
7 combined2 1 23 צחוק 1 2 1 3 2 2196 1
7 combined2 2 75 אשראף 1 1 1 3 2 1195 1
7 combined2 3 35 סירחון 2 2 1 3 2 840 1
7 combined2 4 83 משה 2 1 1 3 2 2389 1
7 combined2 5 7 חבר 1 2 1 3 2 779 1
7 combined2 6 89 יאיר 2 1 1 3 2 714 1
7 combined2 7 3 בריאות 1 2 1 3 2 1328 1
7 combined2 8 22 שמחה 1 2 1 3 2 915 1
7 combined2 9 82 אבי 2 1 1 3 2 1521 1
7 combined2 10 8 כיף 1 2 1 3 2 1079 1
7 combined2 11 16 הישג 1 2 1 3 2 1166 1
7 combined2 12 66 פאטימה 1 1 1 3 2 651 1
7 combined2 13 19 נס 1 2 1 3 2 1161 1
7 combined2 14 58 איבתיסאם 1 1 1 3 2 606 1
7 combined2 15 96 יפעת 2 1 1 3 2 821 1
7 combined2 16 94 עדי 2 1 1 3 2 2344 1
7 combined2 17 64 סאמיחה 1 1 1 3 2 1176 1
7 combined2 18 56 איברהים 1 1 1 3 2 679 1
7 combined2 19 85 מאיה 2 1 1 3 2 688 1
7 combined2 20 25 חופשה 1 2 1 3 2 1735 1
7 combined2 21 95 עידן 2 1 1 3 2 2265 1
7 combined2 22 39 זיהום 2 2 1 3 2 686 1
7 combined2 23 38 שנאה 2 2 1 3 2 3179 1
7 combined2 24 49 רקוב 2 2 1 3 2 1120 1
7 combined2 25 46 סרטן 2 2 1 3 2 824 1
7 combined2 26 71 ראניה 1 1 1 3 2 2082 1
7 combined2 27 99 מיטל 2 1 1 3 2 719 1
7 combined2 28 77 סאמירה 1 1 1 3 2 2680 1
7 combined2 29 40 טרגדיה 2 2 1 3 2 685 1
7 combined2 30 30 חולי 2 2 1 3 2 1140 1
7 combined2 31 43 כלא 2 2 1 3 2 642 1
7 combined2 32 12 עדין 1 2 1 3 2 1233 1
7 combined2 33 55 מדחאת 1 1 1 3 2 595 1
7 combined2 34 29 רצח 2 2 1 3 2 807 1
7 combined2 35 80 יובל 2 1 1 3 2 913 1
7 combined2 36 26 התעללות 2 2 1 3 2 1892 1
7 combined2 37 20 זריחה 1 2 1 3 2 751 1
7 combined2 38 10 תענוג 1 2 1 3 2 593 1
7 combined2 39 91 רבקה 2 1 1 3 2 658 1
7 combined2 40 27 התרסקות 2 2 1 3 2 1020 1
7 combined2 41 73 סאלים 1 1 1 3 2 547 1
7 combined2 42 47 רשע 2 2 1 3 2 1092 1
7 combined2 43 72 עבד 1 1 1 3 2 975 1
7 combined2 44 57 מוסא 1 1 1 3 2 596 1
7 combined2 45 59 נור 1 1 1 3 2 672 1
7 combined2 46 5 שלום 1 2 1 3 2 1107 2
7 combined2 47 86 נועה 2 1 1 3 2 2130 1
7 combined2 48 78 יאיר 2 1 1 3 2 1179 1
7 combined2 49 74 סוילמאן 1 1 1 3 2 540 1
7 combined2 50 98 דויד 2 1 1 3 2 2095 1
8 combined2b 1 6 לעודד 1 2 1 3 2 1337 1
8 combined2b 2 60 עליאן 1 1 1 3 2 762 1
8 combined2b 3 34 רעל 2 2 1 3 2 1414 1
8 combined2b 4 53 מוחמד 1 1 1 3 2 558 1
8 combined2b 5 65 עביר 1 1 1 3 2 837 1
8 combined2b 6 63 עזיזה 1 1 1 3 2 589 1
8 combined2b 7 48 להרוג 2 2 1 3 2 1146 1
8 combined2b 8 88 ערן 2 1 1 3 2 642 1
8 combined2b 9 61 ראפיק 1 1 1 3 2 813 1
8 combined2b 10 68 נאדיה 1 1 1 3 2 1102 1
8 combined2b 11 17 מתנה 1 2 1 3 2 1082 1
8 combined2b 12 13 כנה 1 2 1 3 2 848 1
8 combined2b 13 14 מזל 1 2 1 3 2 1593 1
8 combined2b 14 69 עאידה 1 1 1 3 2 2162 1
8 combined2b 15 4 אהבה 1 2 1 3 2 2115 1
8 combined2b 16 100 יוכבד 2 1 1 3 2 585 2
8 combined2b 17 37 אסון 2 2 1 3 2 620 1
8 combined2b 18 52 לכוד 2 2 1 3 2 1896 1
8 combined2b 19 93 אורן 2 1 1 3 2 578 1
8 combined2b 20 50 קיא 2 2 1 3 2 740 1
8 combined2b 21 97 אהרון 2 1 1 3 2 611 1
8 combined2b 22 90 עמוס 2 1 1 3 2 702 1
8 combined2b 23 44 עוני 2 2 1 3 2 655 1
8 combined2b 24 51 צער 2 2 1 3 2 1125 1
8 combined2b 25 84 שני 2 1 1 3 2 658 1
8 combined2b 26 36 תקיפה 2 2 1 3 2 553 1
8 combined2b 27 87 נעמה 2 1 1 3 2 1070 1
8 combined2b 28 2 חופש 1 2 1 3 2 1361 2
8 combined2b 29 76 ראינאן 1 1 1 3 2 800 1
8 combined2b 30 9 נאמן 1 2 1 3 2 437 2
8 combined2b 31 79 רונן 2 1 1 3 2 741 2
8 combined2b 32 81 דני 2 1 1 3 2 722 1
8 combined2b 33 11 יהלום 1 2 1 3 2 665 1
8 combined2b 34 67 האדיל 1 1 1 3 2 778 2
8 combined2b 35 41 פצצה 2 2 1 3 2 2094 1
8 combined2b 36 70 תייסיר 1 1 1 3 2 2194 1
8 combined2b 37 32 מוות 2 2 1 3 2 1040 1
8 combined2b 38 21 משפחה 1 2 1 3 2 631 1
8 combined2b 39 31 תאונה 2 2 1 3 2 714 1
8 combined2b 40 15 קשת 1 2 1 3 2 591 1
8 combined2b 41 18 כבוד 1 2 1 3 2 541 1
8 combined2b 42 33 אבל 2 2 1 3 2 769 1
8 combined2b 43 28 לכלוך 2 2 1 3 2 2359 1
8 combined2b 44 24 עילאי 1 2 1 3 2 969 2
8 combined2b 45 42 גירושין 2 2 1 3 2 617 1
8 combined2b 46 54 אחמד 1 1 1 3 2 852 1
8 combined2b 47 45 מכוער 2 2 1 3 2 777 1
8 combined2b 48 92 שמעון 2 1 1 3 2 487 1
8 combined2b 49 62 סאמיר 1 1 1 3 2 594 1
8 combined2b 50 1 ללטף 1 2 1 3 2 676 1
9 wb 1 42 עדי 2 1 0 4 2 1365 1
9 wb 2 16 נאדיה 1 1 0 3 2 840 1
9 wb 3 26 יאיר 2 1 0 4 2 772 1
9 wb 4 23 אשראף 1 1 0 3 2 627 1
9 wb 5 40 שמעון 2 1 0 4 2 801 2
9 wb 6 43 עידן 2 1 0 4 2 751 1
9 wb 7 46 דויד 2 1 0 4 2 585 1
9 wb 8 28 יובל 2 1 0 4 2 532 1
9 wb 9 45 אהרון 2 1 0 4 2 872 1
9 wb 10 1 מוחמד 1 1 0 3 2 1479 1
9 wb 11 7 נור 1 1 0 3 2 704 1
9 wb 12 3 מדחאת 1 1 0 3 2 584 1
9 wb 13 9 ראפיק 1 1 0 3 2 726 1
9 wb 14 35 נעמה 2 1 0 4 2 774 1
9 wb 15 20 עבד 1 1 0 3 2 1014 2
9 wb 16 19 ראניה 1 1 0 3 2 818 1
9 wb 17 13 עביר 1 1 0 3 2 617 1
9 wb 18 21 סאלים 1 1 0 3 2 1614 1
9 wb 19 4 איברהים 1 1 0 3 2 874 1
9 wb 20 14 פאטימה 1 1 0 3 2 914 1
9 wb 21 30 אבי 2 1 0 4 2 1560 1
9 wb 22 34 נועה 2 1 0 4 2 736 1
9 wb 23 33 מאיה 2 1 0 4 2 536 1
9 wb 24 44 יפעת 2 1 0 4 2 702 1
9 wb 25 8 עליאן 1 1 0 3 2 579 1
9 wb 26 32 שני 2 1 0 4 2 593 1
9 wb 27 12 סאמיחה 1 1 0 3 2 579 1
9 wb 28 41 אורן 2 1 0 4 2 587 1
9 wb 29 50 יהודה 2 1 0 4 2 1037 1
9 wb 30 15 האדיל 1 1 0 3 2 733 1
9 wb 31 5 מוסא 1 1 0 3 2 600 1
9 wb 32 47 מיטל 2 1 0 4 2 592 1
9 wb 33 39 רבקה 2 1 0 4 2 796 1
9 wb 34 29 דני 2 1 0 4 2 658 1
9 wb 35 22 סוילמאן 1 1 0 3 2 758 1
9 wb 36 48 יוכבד 2 1 0 4 2 644 1
9 wb 37 38 עמוס 2 1 0 4 2 659 1
9 wb 38 6 איבתיסאם 1 1 0 3 2 555 1
9 wb 39 25 סאמירה 1 1 0 3 2 694 1
9 wb 40 27 רונן 2 1 0 4 2 518 1
9 wb 41 24 ראינאן 1 1 0 3 2 618 1
9 wb 42 18 תייסיר 1 1 0 3 2 569 1
9 wb 43 37 יאיר 2 1 0 4 2 694 1
9 wb 44 49 ישראל 2 1 0 4 2 583 1
9 wb 45 11 עזיזה 1 1 0 3 2 512 1
9 wb 46 31 משה 2 1 0 4 2 775 1
9 wb 47 2 אחמד 1 1 0 3 2 624 2
9 wb 48 17 עאידה 1 1 0 3 2 695 1
9 wb 49 36 ערן 2 1 0 4 2 545 1
9 wb 50 10 סאמיר 1 1 0 3 2 553 1
10 combined2 1 86 נועה 2 1 1 3 2 1171 1
10 combined2 2 20 זריחה 1 2 1 3 2 585 1
10 combined2 3 32 מוות 2 2 1 3 2 625 1
10 combined2 4 44 עוני 2 2 1 3 2 1140 1
10 combined2 5 4 אהבה 1 2 1 3 2 1680 1
10 combined2 6 72 עבד 1 1 1 3 2 866 1
10 combined2 7 7 חבר 1 2 1 3 2 679 1
10 combined2 8 17 מתנה 1 2 1 3 2 745 1
10 combined2 9 50 קיא 2 2 1 3 2 1123 1
10 combined2 10 43 כלא 2 2 1 3 2 512 1
10 combined2 11 60 עליאן 1 1 1 3 2 826 1
10 combined2 12 40 טרגדיה 2 2 1 3 2 1344 1
10 combined2 13 100 יוכבד 2 1 1 3 2 636 1
10 combined2 14 82 אבי 2 1 1 3 2 572 1
10 combined2 15 95 עידן 2 1 1 3 2 693 1
10 combined2 16 18 כבוד 1 2 1 3 2 554 1
10 combined2 17 59 נור 1 1 1 3 2 590 2
10 combined2 18 3 בריאות 1 2 1 3 2 517 1
10 combined2 19 8 כיף 1 2 1 3 2 624 1
10 combined2 20 58 איבתיסאם 1 1 1 3 2 465 1
10 combined2 21 24 עילאי 1 2 1 3 2 919 1
10 combined2 22 39 זיהום 2 2 1 3 2 1326 1
10 combined2 23 69 עאידה 1 1 1 3 2 873 1
10 combined2 24 84 שני 2 1 1 3 2 789 2
10 combined2 25 92 שמעון 2 1 1 3 2 823 1
10 combined2 26 57 מוסא 1 1 1 3 2 845 1
10 combined2 27 16 הישג 1 2 1 3 2 1781 1
10 combined2 28 6 לעודד 1 2 1 3 2 606 1
10 combined2 29 99 מיטל 2 1 1 3 2 565 1
10 combined2 30 12 עדין 1 2 1 3 2 505 1
10 combined2 31 73 סאלים 1 1 1 3 2 518 1
10 combined2 32 19 נס 1 2 1 3 2 601 1
10 combined2 33 83 משה 2 1 1 3 2 669 1
10 combined2 34 28 לכלוך 2 2 1 3 2 688 1
10 combined2 35 54 אחמד 1 1 1 3 2 1000 1
10 combined2 36 46 סרטן 2 2 1 3 2 731 1
10 combined2 37 21 משפחה 1 2 1 3 2 1090 2
10 combined2 38 9 נאמן 1 2 1 3 2 680 2
10 combined2 39 65 עביר 1 1 1 3 2 779 1
10 combined2 40 74 סוילמאן 1 1 1 3 2 640 1
10 combined2 41 2 חופש 1 2 1 3 2 657 1
10 combined2 42 98 דויד 2 1 1 3 2 493 1
10 combined2 43 41 פצצה 2 2 1 3 2 692 1
10 combined2 44 48 להרוג 2 2 1 3 2 1081 1
10 combined2 45 35 סירחון 2 2 1 3 2 596 1
10 combined2 46 38 שנאה 2 2 1 3 2 614 1
10 combined2 47 22 שמחה 1 2 1 3 2 530 2
10 combined2 48 45 מכוער 2 2 1 3 2 1189 1
10 combined2 49 91 רבקה 2 1 1 3 2 993 1
10 combined2 50 88 ערן 2 1 1 3 2 631 1
11 combined2b 1 31 תאונה 2 2 1 3 2 1944 1
11 combined2b 2 23 צחוק 1 2 1 3 2 1358 1
11 combined2b 3 1 ללטף 1 2 1 3 2 592 1
11 combined2b 4 71 ראניה 1 1 1 3 2 574 1
11 combined2b 5 5 שלום 1 2 1 3 2 675 1
11 combined2b 6 87 נעמה 2 1 1 3 2 949 1
11 combined2b 7 67 האדיל 1 1 1 3 2 620 1
11 combined2b 8 75 אשראף 1 1 1 3 2 1306 1
11 combined2b 9 80 יובל 2 1 1 3 2 738 2
11 combined2b 10 42 גירושין 2 2 1 3 2 890 1
11 combined2b 11 76 ראינאן 1 1 1 3 2 740 1
11 combined2b 12 33 אבל 2 2 1 3 2 710 1
11 combined2b 13 97 אהרון 2 1 1 3 2 590 1
11 combined2b 14 89 יאיר 2 1 1 3 2 575 1
11 combined2b 15 36 תקיפה 2 2 1 3 2 589 1
11 combined2b 16 15 קשת 1 2 1 3 2 786 1
11 combined2b 17 49 רקוב 2 2 1 3 2 721 1
11 combined2b 18 79 רונן 2 1 1 3 2 1354 1
11 combined2b 19 25 חופשה 1 2 1 3 2 559 1
11 combined2b 20 78 יאיר 2 1 1 3 2 651 1
11 combined2b 21 93 אורן 2 1 1 3 2 618 1
11 combined2b 22 26 התעללות 2 2 1 3 2 560 1
11 combined2b 23 55 מדחאת 1 1 1 3 2 762 1
11 combined2b 24 30 חולי 2 2 1 3 2 767 1
11 combined2b 25 14 מזל 1 2 1 3 2 702 1
11 combined2b 26 37 אסון 2 2 1 3 2 703 1
11 combined2b 27 27 התרסקות 2 2 1 3 2 589 1
11 combined2b 28 61 ראפיק 1 1 1 3 2 686 1
11 combined2b 29 90 עמוס 2 1 1 3 2 871 2
11 combined2b 30 81 דני 2 1 1 3 2 356 2
11 combined2b 31 13 כנה 1 2 1 3 2 632 1
11 combined2b 32 64 סאמיחה 1 1 1 3 2 550 1
11 combined2b 33 70 תייסיר 1 1 1 3 2 528 1
11 combined2b 34 94 עדי 2 1 1 3 2 588 1
11 combined2b 35 29 רצח 2 2 1 3 2 950 2
11 combined2b 36 66 פאטימה 1 1 1 3 2 1305 1
11 combined2b 37 10 תענוג 1 2 1 3 2 1023 1
11 combined2b 38 63 עזיזה 1 1 1 3 2 659 1
11 combined2b 39 52 לכוד 2 2 1 3 2 686 1
11 combined2b 40 47 רשע 2 2 1 3 2 518 1
11 combined2b 41 11 יהלום 1 2 1 3 2 647 1
11 combined2b 42 77 סאמירה 1 1 1 3 2 623 1
11 combined2b 43 96 יפעת 2 1 1 3 2 1637 2
11 combined2b 44 68 נאדיה 1 1 1 3 2 2053 1
11 combined2b 45 85 מאיה 2 1 1 3 2 694 1
11 combined2b 46 51 צער 2 2 1 3 2 990 1
11 combined2b 47 56 איברהים 1 1 1 3 2 807 1
11 combined2b 48 34 רעל 2 2 1 3 2 1508 1
11 combined2b 49 53 מוחמד 1 1 1 3 2 471 1
11 combined2b 50 62 סאמיר 1 1 1 3 2 556 1
12 bw 1 38 עמוס 2 1 0 4 1 1723 1
12 bw 2 33 מאיה 2 1 0 4 1 848 1
12 bw 3 1 מוחמד 1 1 0 3 1 1091 2
12 bw 4 49 ישראל 2 1 0 4 1 700 1
12 bw 5 50 יהודה 2 1 0 4 1 810 1
12 bw 6 5 מוסא 1 1 0 3 1 510 1
12 bw 7 17 עאידה 1 1 0 3 1 600 1
12 bw 8 36 ערן 2 1 0 4 1 665 1
12 bw 9 24 ראינאן 1 1 0 3 1 785 1
12 bw 10 23 אשראף 1 1 0 3 1 710 1
12 bw 11 39 רבקה 2 1 0 4 1 699 1
12 bw 12 8 עליאן 1 1 0 3 1 733 1
12 bw 13 40 שמעון 2 1 0 4 1 1351 1
12 bw 14 30 אבי 2 1 0 4 1 821 2
12 bw 15 41 אורן 2 1 0 4 1 933 1
12 bw 16 18 תייסיר 1 1 0 3 1 695 1
12 bw 17 11 עזיזה 1 1 0 3 1 838 2
12 bw 18 15 האדיל 1 1 0 3 1 1026 1
12 bw 19 4 איברהים 1 1 0 3 1 1084 1
12 bw 20 28 יובל 2 1 0 4 1 631 1
12 bw 21 25 סאמירה 1 1 0 3 1 1260 1
12 bw 22 20 עבד 1 1 0 3 1 1012 1
12 bw 23 26 יאיר 2 1 0 4 1 1992 1
12 bw 24 3 מדחאת 1 1 0 3 1 1024 1
12 bw 25 13 עביר 1 1 0 3 1 647 1
12 bw 26 44 יפעת 2 1 0 4 1 729 1
12 bw 27 43 עידן 2 1 0 4 1 681 1
12 bw 28 7 נור 1 1 0 3 1 607 2
12 bw 29 27 רונן 2 1 0 4 1 819 1
12 bw 30 14 פאטימה 1 1 0 3 1 450 1
12 bw 31 10 סאמיר 1 1 0 3 1 1012 1
12 bw 32 47 מיטל 2 1 0 4 1 609 2
12 bw 33 32 שני 2 1 0 4 1 754 1
12 bw 34 37 יאיר 2 1 0 4 1 517 1
12 bw 35 42 עדי 2 1 0 4 1 889 1
12 bw 36 22 סוילמאן 1 1 0 3 1 593 1
12 bw 37 19 ראניה 1 1 0 3 1 1232 1
12 bw 38 6 איבתיסאם 1 1 0 3 1 641 1
12 bw 39 35 נעמה 2 1 0 4 1 901 1
12 bw 40 21 סאלים 1 1 0 3 1 684 1
12 bw 41 9 ראפיק 1 1 0 3 1 676 2
12 bw 42 46 דויד 2 1 0 4 1 724 1
12 bw 43 12 סאמיחה 1 1 0 3 1 688 1
12 bw 44 29 דני 2 1 0 4 1 506 2
12 bw 45 16 נאדיה 1 1 0 3 1 490 1
12 bw 46 48 יוכבד 2 1 0 4 1 551 1
12 bw 47 2 אחמד 1 1 0 3 1 635 2
12 bw 48 31 משה 2 1 0 4 1 455 1
12 bw 49 45 אהרון 2 1 0 4 1 2624 1
12 bw 50 34 נועה 2 1 0 4 1 663 1
13 combined1 1 89 יאיר 2 1 2 4 1 2115 2
13 combined1 2 95 עידן 2 1 2 4 1 2101 1
13 combined1 3 6 לעודד 1 2 2 4 1 1084 1
13 combined1 4 68 נאדיה 1 1 2 4 1 1918 1
13 combined1 5 56 איברהים 1 1 2 4 1 616 1
13 combined1 6 52 לכוד 2 2 2 4 1 1644 1
13 combined1 7 61 ראפיק 1 1 2 4 1 1715 1
13 combined1 8 13 כנה 1 2 2 4 1 715 2
13 combined1 9 73 סאלים 1 1 2 4 1 877 1
13 combined1 10 85 מאיה 2 1 2 4 1 700 1
13 combined1 11 72 עבד 1 1 2 4 1 868 1
13 combined1 12 9 נאמן 1 2 2 4 1 857 1
13 combined1 13 23 צחוק 1 2 2 4 1 1854 1
13 combined1 14 46 סרטן 2 2 2 4 1 999 1
13 combined1 15 30 חולי 2 2 2 4 1 793 1
13 combined1 16 63 עזיזה 1 1 2 4 1 671 1
13 combined1 17 12 עדין 1 2 2 4 1 990 1
13 combined1 18 53 מוחמד 1 1 2 4 1 643 1
13 combined1 19 47 רשע 2 2 2 4 1 1397 1
13 combined1 20 76 ראינאן 1 1 2 4 1 674 1
13 combined1 21 49 רקוב 2 2 2 4 1 1261 1
13 combined1 22 92 שמעון 2 1 2 4 1 828 1
13 combined1 23 69 עאידה 1 1 2 4 1 681 1
13 combined1 24 78 יאיר 2 1 2 4 1 804 1
13 combined1 25 67 האדיל 1 1 2 4 1 1097 1
13 combined1 26 20 זריחה 1 2 2 4 1 785 1
13 combined1 27 45 מכוער 2 2 2 4 1 630 1
13 combined1 28 54 אחמד 1 1 2 4 1 809 1
13 combined1 29 93 אורן 2 1 2 4 1 1830 1
13 combined1 30 57 מוסא 1 1 2 4 1 2658 1
13 combined1 31 8 כיף 1 2 2 4 1 812 1
13 combined1 32 79 רונן 2 1 2 4 1 584 1
13 combined1 33 59 נור 1 1 2 4 1 2086 1
13 combined1 34 62 סאמיר 1 1 2 4 1 1313 1
13 combined1 35 29 רצח 2 2 2 4 1 565 1
13 combined1 36 39 זיהום 2 2 2 4 1 1542 1
13 combined1 37 90 עמוס 2 1 2 4 1 834 1
13 combined1 38 77 סאמירה 1 1 2 4 1 661 1
13 combined1 39 11 יהלום 1 2 2 4 1 955 1
13 combined1 40 14 מזל 1 2 2 4 1 1377 2
13 combined1 41 71 ראניה 1 1 2 4 1 2220 1
13 combined1 42 36 תקיפה 2 2 2 4 1 2588 1
13 combined1 43 55 מדחאת 1 1 2 4 1 2102 1
13 combined1 44 98 דויד 2 1 2 4 1 633 1
13 combined1 45 42 גירושין 2 2 2 4 1 1155 1
13 combined1 46 50 קיא 2 2 2 4 1 1992 1
13 combined1 47 99 מיטל 2 1 2 4 1 791 1
13 combined1 48 37 אסון 2 2 2 4 1 1411 1
13 combined1 49 33 אבל 2 2 2 4 1 755 1
13 combined1 50 3 בריאות 1 2 2 4 1 917 2
14 combined1b 1 64 סאמיחה 1 1 2 4 1 1396 1
14 combined1b 2 2 חופש 1 2 2 4 1 917 1
14 combined1b 3 41 פצצה 2 2 2 4 1 1200 1
14 combined1b 4 27 התרסקות 2 2 2 4 1 632 1
14 combined1b 5 35 סירחון 2 2 2 4 1 626 1
14 combined1b 6 80 יובל 2 1 2 4 1 625 1
14 combined1b 7 66 פאטימה 1 1 2 4 1 595 1
14 combined1b 8 17 מתנה 1 2 2 4 1 2225 1
14 combined1b 9 83 משה 2 1 2 4 1 583 1
14 combined1b 10 26 התעללות 2 2 2 4 1 723 1
14 combined1b 11 4 אהבה 1 2 2 4 1 1543 1
14 combined1b 12 16 הישג 1 2 2 4 1 2050 1
14 combined1b 13 5 שלום 1 2 2 4 1 610 1
14 combined1b 14 43 כלא 2 2 2 4 1 714 1
14 combined1b 15 87 נעמה 2 1 2 4 1 754 1
14 combined1b 16 88 ערן 2 1 2 4 1 514 1
14 combined1b 17 82 אבי 2 1 2 4 1 560 1
14 combined1b 18 91 רבקה 2 1 2 4 1 555 1
14 combined1b 19 75 אשראף 1 1 2 4 1 541 1
14 combined1b 20 74 סוילמאן 1 1 2 4 1 535 1
14 combined1b 21 97 אהרון 2 1 2 4 1 693 1
14 combined1b 22 32 מוות 2 2 2 4 1 859 1
14 combined1b 23 19 נס 1 2 2 4 1 1017 1
14 combined1b 24 60 עליאן 1 1 2 4 1 800 1
14 combined1b 25 48 להרוג 2 2 2 4 1 1015 1
14 combined1b 26 38 שנאה 2 2 2 4 1 2673 2
14 combined1b 27 94 עדי 2 1 2 4 1 807 1
14 combined1b 28 24 עילאי 1 2 2 4 1 1682 2
14 combined1b 29 44 עוני 2 2 2 4 1 1972 1
14 combined1b 30 28 לכלוך 2 2 2 4 1 679 1
14 combined1b 31 25 חופשה 1 2 2 4 1 2445 1
14 combined1b 32 34 רעל 2 2 2 4 1 684 1
14 combined1b 33 65 עביר 1 1 2 4 1 1395 1
14 combined1b 34 51 צער 2 2 2 4 1 1235 1
14 combined1b 35 40 טרגדיה 2 2 2 4 1 1534 1
14 combined1b 36 31 תאונה 2 2 2 4 1 768 1
14 combined1b 37 100 יוכבד 2 1 2 4 1 1999 1
14 combined1b 38 15 קשת 1 2 2 4 1 913 1
14 combined1b 39 21 משפחה 1 2 2 4 1 790 1
14 combined1b 40 81 דני 2 1 2 4 1 905 1
14 combined1b 41 7 חבר 1 2 2 4 1 2917 1
14 combined1b 42 10 תענוג 1 2 2 4 1 1771 1
14 combined1b 43 70 תייסיר 1 1 2 4 1 722 2
14 combined1b 44 1 ללטף 1 2 2 4 1 684 1
14 combined1b 45 84 שני 2 1 2 4 1 825 1
14 combined1b 46 58 איבתיסאם 1 1 2 4 1 3538 1
14 combined1b 47 96 יפעת 2 1 2 4 1 1090 1
14 combined1b 48 22 שמחה 1 2 2 4 1 2345 1
14 combined1b 49 86 נועה 2 1 2 4 1 2099 2
14 combined1b 50 18 כבוד 1 2 2 4 1 1082 1
327 427 0
