\2 wb 1 15 האדיל 1 1 0 3 2 3433 2
2 wb 2 32 שני 2 1 0 4 2 1507 1
2 wb 3 25 סאמירה 1 1 0 3 2 2290 1
2 wb 4 5 מוסא 1 1 0 3 2 821 1
2 wb 5 24 ראינאן 1 1 0 3 2 914 1
2 wb 6 23 אשראף 1 1 0 3 2 1429 1
2 wb 7 43 עידן 2 1 0 4 2 879 1
2 wb 8 34 נועה 2 1 0 4 2 885 1
2 wb 9 2 אחמד 1 1 0 3 2 757 1
2 wb 10 30 אבי 2 1 0 4 2 908 1
2 wb 11 13 עביר 1 1 0 3 2 1214 1
2 wb 12 28 יובל 2 1 0 4 2 668 1
2 wb 13 18 תייסיר 1 1 0 3 2 792 1
2 wb 14 14 פאטימה 1 1 0 3 2 669 1
2 wb 15 6 איבתיסאם 1 1 0 3 2 829 1
2 wb 16 20 עבד 1 1 0 3 2 1953 1
2 wb 17 10 סאמיר 1 1 0 3 2 851 1
2 wb 18 21 סאלים 1 1 0 3 2 940 1
2 wb 19 37 יאיר 2 1 0 4 2 670 1
2 wb 20 45 אהרון 2 1 0 4 2 567 1
2 wb 21 8 עליאן 1 1 0 3 2 911 1
2 wb 22 39 רבקה 2 1 0 4 2 655 1
2 wb 23 38 עמוס 2 1 0 4 2 699 1
2 wb 24 50 יהודה 2 1 0 4 2 485 1
2 wb 25 12 סאמיחה 1 1 0 3 2 608 1
2 wb 26 47 מיטל 2 1 0 4 2 638 1
2 wb 27 31 משה 2 1 0 4 2 593 1
2 wb 28 41 אורן 2 1 0 4 2 1334 1
2 wb 29 1 מוחמד 1 1 0 3 2 681 1
2 wb 30 35 נעמה 2 1 0 4 2 640 1
2 wb 31 46 דויד 2 1 0 4 2 1095 1
2 wb 32 49 ישראל 2 1 0 4 2 584 1
2 wb 33 4 איברהים 1 1 0 3 2 796 1
2 wb 34 48 יוכבד 2 1 0 4 2 955 1
2 wb 35 19 ראניה 1 1 0 3 2 1668 1
2 wb 36 29 דני 2 1 0 4 2 606 1
2 wb 37 11 עזיזה 1 1 0 3 2 1298 2
2 wb 38 16 נאדיה 1 1 0 3 2 825 1
2 wb 39 33 מאיה 2 1 0 4 2 1914 1
2 wb 40 42 עדי 2 1 0 4 2 811 1
2 wb 41 22 סוילמאן 1 1 0 3 2 667 1
2 wb 42 40 שמעון 2 1 0 4 2 631 1
2 wb 43 44 יפעת 2 1 0 4 2 1650 1
2 wb 44 3 מדחאת 1 1 0 3 2 669 1
2 wb 45 7 נור 1 1 0 3 2 1336 2
2 wb 46 9 ראפיק 1 1 0 3 2 334 1
2 wb 47 26 יאיר 2 1 0 4 2 927 1
2 wb 48 17 עאידה 1 1 0 3 2 948 1
2 wb 49 27 רונן 2 1 0 4 2 614 1
2 wb 50 36 ערן 2 1 0 4 2 1218 1
3 pu 1 1 ללטף 1 2 0 1 2 1767 1
3 pu 2 28 לכלוך 2 2 0 2 2 867 1
3 pu 3 23 צחוק 1 2 0 1 2 784 1
3 pu 4 41 פצצה 2 2 0 2 2 624 1
3 pu 5 6 לעודד 1 2 0 1 2 562 1
3 pu 6 34 רעל 2 2 0 2 2 705 1
3 pu 7 16 הישג 1 2 0 1 2 594 1
3 pu 8 32 מוות 2 2 0 2 2 883 1
3 pu 9 17 מתנה 1 2 0 1 2 728 1
3 pu 10 8 כיף 1 2 0 1 2 626 1
3 pu 11 50 קיא 2 2 0 2 2 691 1
3 pu 12 25 חופשה 1 2 0 1 2 594 1
3 pu 13 19 נס 1 2 0 1 2 793 1
3 pu 14 31 תאונה 2 2 0 2 2 679 1
3 pu 15 27 התרסקות 2 2 0 2 2 667 1
3 pu 16 45 מכוער 2 2 0 2 2 594 1
3 pu 17 22 שמחה 1 2 0 1 2 480 1
3 pu 18 36 תקיפה 2 2 0 2 2 756 1
3 pu 19 4 אהבה 1 2 0 1 2 546 1
3 pu 20 3 בריאות 1 2 0 1 2 564 1
3 pu 21 26 התעללות 2 2 0 2 2 514 1
3 pu 22 20 זריחה 1 2 0 1 2 848 1
3 pu 23 42 גירושין 2 2 0 2 2 672 1
3 pu 24 11 יהלום 1 2 0 1 2 522 1
3 pu 25 10 תענוג 1 2 0 1 2 591 1
3 pu 26 52 לכוד 2 2 0 2 2 610 1
3 pu 27 29 רצח 2 2 0 2 2 574 1
3 pu 28 37 אסון 2 2 0 2 2 517 1
3 pu 29 9 נאמן 1 2 0 1 2 654 1
3 pu 30 12 עדין 1 2 0 1 2 572 1
3 pu 31 15 קשת 1 2 0 1 2 993 1
3 pu 32 40 טרגדיה 2 2 0 2 2 597 1
3 pu 33 13 כנה 1 2 0 1 2 695 1
3 pu 34 51 צער 2 2 0 2 2 517 1
3 pu 35 39 זיהום 2 2 0 2 2 710 1
3 pu 36 24 עילאי 1 2 0 1 2 616 1
3 pu 37 43 כלא 2 2 0 2 2 628 1
3 pu 38 49 רקוב 2 2 0 2 2 632 1
3 pu 39 30 חולי 2 2 0 2 2 638 1
3 pu 40 35 סירחון 2 2 0 2 2 702 1
3 pu 41 18 כבוד 1 2 0 1 2 570 1
3 pu 42 14 מזל 1 2 0 1 2 537 1
3 pu 43 2 חופש 1 2 0 1 2 667 1
3 pu 44 33 אבל 2 2 0 2 2 630 1
3 pu 45 47 רשע 2 2 0 2 2 618 1
3 pu 46 5 שלום 1 2 0 1 2 525 1
3 pu 47 7 חבר 1 2 0 1 2 612 1
3 pu 48 46 סרטן 2 2 0 2 2 682 1
3 pu 49 21 משפחה 1 2 0 1 2 1458 1
3 pu 50 38 שנאה 2 2 0 2 2 656 1
4 combined2 1 100 יוכבד 2 1 1 2 2 2404 1
4 combined2 2 72 עבד 1 1 1 2 2 1493 1
4 combined2 3 31 תאונה 2 2 1 2 2 1943 1
4 combined2 4 48 להרוג 2 2 1 2 2 672 1
4 combined2 5 51 צער 2 2 1 2 2 635 1
4 combined2 6 20 זריחה 1 2 1 2 2 708 1
4 combined2 7 46 סרטן 2 2 1 2 2 791 1
4 combined2 8 19 נס 1 2 1 2 2 564 1
4 combined2 9 58 איבתיסאם 1 1 1 2 2 960 1
4 combined2 10 25 חופשה 1 2 1 2 2 731 1
4 combined2 11 88 ערן 2 1 1 2 2 804 1
4 combined2 12 66 פאטימה 1 1 1 2 2 650 1
4 combined2 13 35 סירחון 2 2 1 2 2 718 1
4 combined2 14 84 שני 2 1 1 2 2 630 1
4 combined2 15 29 רצח 2 2 1 2 2 1068 1
4 combined2 16 95 עידן 2 1 1 2 2 653 1
4 combined2 17 41 פצצה 2 2 1 2 2 663 1
4 combined2 18 12 עדין 1 2 1 2 2 873 1
4 combined2 19 10 תענוג 1 2 1 2 2 606 1
4 combined2 20 93 אורן 2 1 1 2 2 685 1
4 combined2 21 4 אהבה 1 2 1 2 2 535 1
4 combined2 22 82 אבי 2 1 1 2 2 551 1
4 combined2 23 57 מוסא 1 1 1 2 2 596 1
4 combined2 24 83 משה 2 1 1 2 2 617 1
4 combined2 25 23 צחוק 1 2 1 2 2 809 1
4 combined2 26 56 איברהים 1 1 1 2 2 1439 1
4 combined2 27 2 חופש 1 2 1 2 2 698 1
4 combined2 28 76 ראינאן 1 1 1 2 2 728 1
4 combined2 29 90 עמוס 2 1 1 2 2 676 1
4 combined2 30 39 זיהום 2 2 1 2 2 987 1
4 combined2 31 99 מיטל 2 1 1 2 2 1082 1
4 combined2 32 79 רונן 2 1 1 2 2 630 1
4 combined2 33 32 מוות 2 2 1 2 2 567 1
4 combined2 34 42 גירושין 2 2 1 2 2 559 1
4 combined2 35 91 רבקה 2 1 1 2 2 527 1
4 combined2 36 3 בריאות 1 2 1 2 2 643 1
4 combined2 37 62 סאמיר 1 1 1 2 2 620 1
4 combined2 38 68 נאדיה 1 1 1 2 2 505 1
4 combined2 39 13 כנה 1 2 1 2 2 659 1
4 combined2 40 11 יהלום 1 2 1 2 2 1586 1
4 combined2 41 15 קשת 1 2 1 2 2 531 1
4 combined2 42 6 לעודד 1 2 1 2 2 491 1
4 combined2 43 8 כיף 1 2 1 2 2 508 1
4 combined2 44 27 התרסקות 2 2 1 2 2 520 1
4 combined2 45 9 נאמן 1 2 1 2 2 586 1
4 combined2 46 74 סוילמאן 1 1 1 2 2 660 1
4 combined2 47 78 יאיר 2 1 1 2 2 560 1
4 combined2 48 53 מוחמד 1 1 1 2 2 554 1
4 combined2 49 87 נעמה 2 1 1 2 2 611 1
4 combined2 50 61 ראפיק 1 1 1 2 2 673 1
5 combined2b 1 44 עוני 2 2 1 2 2 1033 1
5 combined2b 2 59 נור 1 1 1 2 2 1137 1
5 combined2b 3 54 אחמד 1 1 1 2 2 613 1
5 combined2b 4 97 אהרון 2 1 1 2 2 674 1
5 combined2b 5 14 מזל 1 2 1 2 2 466 1
5 combined2b 6 36 תקיפה 2 2 1 2 2 538 1
5 combined2b 7 5 שלום 1 2 1 2 2 610 1
5 combined2b 8 21 משפחה 1 2 1 2 2 531 1
5 combined2b 9 81 דני 2 1 1 2 2 555 1
5 combined2b 10 26 התעללות 2 2 1 2 2 593 1
5 combined2b 11 60 עליאן 1 1 1 2 2 540 1
5 combined2b 12 73 סאלים 1 1 1 2 2 454 1
5 combined2b 13 47 רשע 2 2 1 2 2 385 1
5 combined2b 14 22 שמחה 1 2 1 2 2 449 1
5 combined2b 15 71 ראניה 1 1 1 2 2 560 1
5 combined2b 16 30 חולי 2 2 1 2 2 658 1
5 combined2b 17 43 כלא 2 2 1 2 2 502 1
5 combined2b 18 34 רעל 2 2 1 2 2 460 1
5 combined2b 19 64 סאמיחה 1 1 1 2 2 705 1
5 combined2b 20 18 כבוד 1 2 1 2 2 708 1
5 combined2b 21 37 אסון 2 2 1 2 2 594 1
5 combined2b 22 70 תייסיר 1 1 1 2 2 604 1
5 combined2b 23 92 שמעון 2 1 1 2 2 561 1
5 combined2b 24 80 יובל 2 1 1 2 2 575 1
5 combined2b 25 94 עדי 2 1 1 2 2 470 1
5 combined2b 26 45 מכוער 2 2 1 2 2 486 1
5 combined2b 27 16 הישג 1 2 1 2 2 573 1
5 combined2b 28 33 אבל 2 2 1 2 2 481 1
5 combined2b 29 17 מתנה 1 2 1 2 2 410 1
5 combined2b 30 85 מאיה 2 1 1 2 2 545 1
5 combined2b 31 38 שנאה 2 2 1 2 2 564 1
5 combined2b 32 86 נועה 2 1 1 2 2 636 1
5 combined2b 33 65 עביר 1 1 1 2 2 804 1
5 combined2b 34 89 יאיר 2 1 1 2 2 522 1
5 combined2b 35 63 עזיזה 1 1 1 2 2 691 2
5 combined2b 36 69 עאידה 1 1 1 2 2 167 1
5 combined2b 37 7 חבר 1 2 1 2 2 1384 1
5 combined2b 38 50 קיא 2 2 1 2 2 756 1
5 combined2b 39 49 רקוב 2 2 1 2 2 517 1
5 combined2b 40 75 אשראף 1 1 1 2 2 525 1
5 combined2b 41 96 יפעת 2 1 1 2 2 654 1
5 combined2b 42 98 דויד 2 1 1 2 2 724 1
5 combined2b 43 1 ללטף 1 2 1 2 2 744 1
5 combined2b 44 24 עילאי 1 2 1 2 2 552 1
5 combined2b 45 55 מדחאת 1 1 1 2 2 540 1
5 combined2b 46 52 לכוד 2 2 1 2 2 787 1
5 combined2b 47 67 האדיל 1 1 1 2 2 1177 1
5 combined2b 48 28 לכלוך 2 2 1 2 2 614 1
5 combined2b 49 77 סאמירה 1 1 1 2 2 803 1
5 combined2b 50 40 טרגדיה 2 2 1 2 2 739 1
6 bw 1 10 סאמיר 1 1 0 3 1 1215 1
6 bw 2 25 סאמירה 1 1 0 3 1 550 1
6 bw 3 42 עדי 2 1 0 4 1 663 1
6 bw 4 45 אהרון 2 1 0 4 1 746 1
6 bw 5 21 סאלים 1 1 0 3 1 684 1
6 bw 6 33 מאיה 2 1 0 4 1 638 1
6 bw 7 23 אשראף 1 1 0 3 1 576 1
6 bw 8 30 אבי 2 1 0 4 1 869 1
6 bw 9 37 יאיר 2 1 0 4 1 571 1
6 bw 10 29 דני 2 1 0 4 1 456 1
6 bw 11 31 משה 2 1 0 4 1 476 1
6 bw 12 3 מדחאת 1 1 0 3 1 526 1
6 bw 13 17 עאידה 1 1 0 3 1 550 1
6 bw 14 35 נעמה 2 1 0 4 1 573 1
6 bw 15 11 עזיזה 1 1 0 3 1 843 2
6 bw 16 19 ראניה 1 1 0 3 1 95 1
6 bw 17 38 עמוס 2 1 0 4 1 981 1
6 bw 18 43 עידן 2 1 0 4 1 637 1
6 bw 19 9 ראפיק 1 1 0 3 1 601 1
6 bw 20 18 תייסיר 1 1 0 3 1 888 1
6 bw 21 1 מוחמד 1 1 0 3 1 592 1
6 bw 22 5 מוסא 1 1 0 3 1 468 1
6 bw 23 6 איבתיסאם 1 1 0 3 1 545 1
6 bw 24 4 איברהים 1 1 0 3 1 485 1
6 bw 25 48 יוכבד 2 1 0 4 1 745 1
6 bw 26 40 שמעון 2 1 0 4 1 505 1
6 bw 27 39 רבקה 2 1 0 4 1 413 1
6 bw 28 16 נאדיה 1 1 0 3 1 727 1
6 bw 29 26 יאיר 2 1 0 4 1 468 1
6 bw 30 15 האדיל 1 1 0 3 1 669 1
6 bw 31 41 אורן 2 1 0 4 1 847 1
6 bw 32 13 עביר 1 1 0 3 1 770 1
6 bw 33 46 דויד 2 1 0 4 1 484 1
6 bw 34 47 מיטל 2 1 0 4 1 628 1
6 bw 35 7 נור 1 1 0 3 1 1048 1
6 bw 36 28 יובל 2 1 0 4 1 652 1
6 bw 37 27 רונן 2 1 0 4 1 944 1
6 bw 38 32 שני 2 1 0 4 1 662 1
6 bw 39 20 עבד 1 1 0 3 1 578 1
6 bw 40 34 נועה 2 1 0 4 1 890 1
6 bw 41 44 יפעת 2 1 0 4 1 877 1
6 bw 42 2 אחמד 1 1 0 3 1 580 1
6 bw 43 24 ראינאן 1 1 0 3 1 607 1
6 bw 44 36 ערן 2 1 0 4 1 547 1
6 bw 45 8 עליאן 1 1 0 3 1 833 1
6 bw 46 14 פאטימה 1 1 0 3 1 613 1
6 bw 47 22 סוילמאן 1 1 0 3 1 410 1
6 bw 48 49 ישראל 2 1 0 4 1 520 1
6 bw 49 50 יהודה 2 1 0 4 1 474 1
6 bw 50 12 סאמיחה 1 1 0 3 1 484 1
7 combined1 1 38 שנאה 2 2 2 3 1 2112 2
7 combined1 2 20 זריחה 1 2 2 3 1 2551 2
7 combined1 3 44 עוני 2 2 2 3 1 4874 1
7 combined1 4 40 טרגדיה 2 2 2 3 1 693 1
7 combined1 5 82 אבי 2 1 2 3 1 2192 1
7 combined1 6 1 ללטף 1 2 2 3 1 1790 1
7 combined1 7 41 פצצה 2 2 2 3 1 1406 1
7 combined1 8 3 בריאות 1 2 2 3 1 1352 1
7 combined1 9 45 מכוער 2 2 2 3 1 1152 1
7 combined1 10 9 נאמן 1 2 2 3 1 1039 1
7 combined1 11 46 סרטן 2 2 2 3 1 1058 1
7 combined1 12 100 יוכבד 2 1 2 3 1 1197 1
7 combined1 13 4 אהבה 1 2 2 3 1 946 2
7 combined1 14 65 עביר 1 1 2 3 1 1567 1
7 combined1 15 94 עדי 2 1 2 3 1 998 1
7 combined1 16 80 יובל 2 1 2 3 1 570 1
7 combined1 17 32 מוות 2 2 2 3 1 1483 1
7 combined1 18 26 התעללות 2 2 2 3 1 916 1
7 combined1 19 50 קיא 2 2 2 3 1 606 1
7 combined1 20 68 נאדיה 1 1 2 3 1 1003 1
7 combined1 21 7 חבר 1 2 2 3 1 880 1
7 combined1 22 86 נועה 2 1 2 3 1 552 2
7 combined1 23 31 תאונה 2 2 2 3 1 1591 1
7 combined1 24 56 איברהים 1 1 2 3 1 898 1
7 combined1 25 88 ערן 2 1 2 3 1 989 1
7 combined1 26 64 סאמיחה 1 1 2 3 1 661 1
7 combined1 27 60 עליאן 1 1 2 3 1 1320 1
7 combined1 28 13 כנה 1 2 2 3 1 885 1
7 combined1 29 90 עמוס 2 1 2 3 1 841 2
7 combined1 30 10 תענוג 1 2 2 3 1 2721 1
7 combined1 31 62 סאמיר 1 1 2 3 1 707 1
7 combined1 32 5 שלום 1 2 2 3 1 1092 1
7 combined1 33 97 אהרון 2 1 2 3 1 660 1
7 combined1 34 99 מיטל 2 1 2 3 1 527 1
7 combined1 35 8 כיף 1 2 2 3 1 1201 1
7 combined1 36 11 יהלום 1 2 2 3 1 776 1
7 combined1 37 91 רבקה 2 1 2 3 1 763 1
7 combined1 38 23 צחוק 1 2 2 3 1 724 1
7 combined1 39 89 יאיר 2 1 2 3 1 910 1
7 combined1 40 92 שמעון 2 1 2 3 1 556 1
7 combined1 41 96 יפעת 2 1 2 3 1 729 1
7 combined1 42 36 תקיפה 2 2 2 3 1 955 1
7 combined1 43 19 נס 1 2 2 3 1 1085 1
7 combined1 44 63 עזיזה 1 1 2 3 1 943 1
7 combined1 45 74 סוילמאן 1 1 2 3 1 712 1
7 combined1 46 42 גירושין 2 2 2 3 1 857 2
7 combined1 47 59 נור 1 1 2 3 1 1070 1
7 combined1 48 87 נעמה 2 1 2 3 1 651 1
7 combined1 49 18 כבוד 1 2 2 3 1 1101 1
7 combined1 50 55 מדחאת 1 1 2 3 1 1305 1
8 combined1b 1 15 קשת 1 2 2 3 1 2588 1
8 combined1b 2 61 ראפיק 1 1 2 3 1 964 1
8 combined1b 3 49 רקוב 2 2 2 3 1 900 1
8 combined1b 4 58 איבתיסאם 1 1 2 3 1 1491 1
8 combined1b 5 71 ראניה 1 1 2 3 1 943 1
8 combined1b 6 16 הישג 1 2 2 3 1 1590 1
8 combined1b 7 75 אשראף 1 1 2 3 1 876 1
8 combined1b 8 22 שמחה 1 2 2 3 1 760 1
8 combined1b 9 6 לעודד 1 2 2 3 1 657 1
8 combined1b 10 84 שני 2 1 2 3 1 923 1
8 combined1b 11 29 רצח 2 2 2 3 1 649 1
8 combined1b 12 95 עידן 2 1 2 3 1 862 1
8 combined1b 13 93 אורן 2 1 2 3 1 509 1
8 combined1b 14 25 חופשה 1 2 2 3 1 787 1
8 combined1b 15 72 עבד 1 1 2 3 1 1203 1
8 combined1b 16 67 האדיל 1 1 2 3 1 518 1
8 combined1b 17 35 סירחון 2 2 2 3 1 752 1
8 combined1b 18 98 דויד 2 1 2 3 1 662 1
8 combined1b 19 76 ראינאן 1 1 2 3 1 681 1
8 combined1b 20 14 מזל 1 2 2 3 1 844 1
8 combined1b 21 73 סאלים 1 1 2 3 1 816 2
8 combined1b 22 53 מוחמד 1 1 2 3 1 553 1
8 combined1b 23 83 משה 2 1 2 3 1 857 1
8 combined1b 24 33 אבל 2 2 2 3 1 900 1
8 combined1b 25 34 רעל 2 2 2 3 1 1374 1
8 combined1b 26 77 סאמירה 1 1 2 3 1 783 1
8 combined1b 27 30 חולי 2 2 2 3 1 666 1
8 combined1b 28 17 מתנה 1 2 2 3 1 550 1
8 combined1b 29 69 עאידה 1 1 2 3 1 693 1
8 combined1b 30 37 אסון 2 2 2 3 1 735 1
8 combined1b 31 78 יאיר 2 1 2 3 1 1150 2
8 combined1b 32 48 להרוג 2 2 2 3 1 1368 1
8 combined1b 33 85 מאיה 2 1 2 3 1 511 1
8 combined1b 34 70 תייסיר 1 1 2 3 1 768 1
8 combined1b 35 51 צער 2 2 2 3 1 945 1
8 combined1b 36 43 כלא 2 2 2 3 1 486 1
8 combined1b 37 57 מוסא 1 1 2 3 1 747 1
8 combined1b 38 24 עילאי 1 2 2 3 1 474 1
8 combined1b 39 47 רשע 2 2 2 3 1 1677 1
8 combined1b 40 66 פאטימה 1 1 2 3 1 700 1
8 combined1b 41 79 רונן 2 1 2 3 1 833 1
8 combined1b 42 12 עדין 1 2 2 3 1 715 1
8 combined1b 43 54 אחמד 1 1 2 3 1 845 1
8 combined1b 44 81 דני 2 1 2 3 1 634 1
8 combined1b 45 39 זיהום 2 2 2 3 1 1193 1
8 combined1b 46 28 לכלוך 2 2 2 3 1 603 1
8 combined1b 47 52 לכוד 2 2 2 3 1 783 1
8 combined1b 48 27 התרסקות 2 2 2 3 1 678 1
8 combined1b 49 2 חופש 1 2 2 3 1 834 1
8 combined1b 50 21 משפחה 1 2 2 3 1 449 1
9 bw 1 34 נועה 2 1 0 4 1 1516 1
9 bw 2 2 אחמד 1 1 0 3 1 734 1
9 bw 3 19 ראניה 1 1 0 3 1 574 1
9 bw 4 29 דני 2 1 0 4 1 581 1
9 bw 5 24 ראינאן 1 1 0 3 1 547 1
9 bw 6 22 סוילמאן 1 1 0 3 1 1162 1
9 bw 7 16 נאדיה 1 1 0 3 1 752 1
9 bw 8 46 דויד 2 1 0 4 1 588 1
9 bw 9 14 פאטימה 1 1 0 3 1 479 1
9 bw 10 26 יאיר 2 1 0 4 1 433 1
9 bw 11 28 יובל 2 1 0 4 1 574 1
9 bw 12 36 ערן 2 1 0 4 1 492 1
9 bw 13 47 מיטל 2 1 0 4 1 589 1
9 bw 14 35 נעמה 2 1 0 4 1 486 1
9 bw 15 1 מוחמד 1 1 0 3 1 626 1
9 bw 16 20 עבד 1 1 0 3 1 507 1
9 bw 17 39 רבקה 2 1 0 4 1 493 1
9 bw 18 32 שני 2 1 0 4 1 432 1
9 bw 19 13 עביר 1 1 0 3 1 707 1
9 bw 20 43 עידן 2 1 0 4 1 565 1
9 bw 21 40 שמעון 2 1 0 4 1 709 1
9 bw 22 38 עמוס 2 1 0 4 1 533 1
9 bw 23 18 תייסיר 1 1 0 3 1 631 1
9 bw 24 27 רונן 2 1 0 4 1 857 1
9 bw 25 31 משה 2 1 0 4 1 644 1
9 bw 26 3 מדחאת 1 1 0 3 1 562 1
9 bw 27 7 נור 1 1 0 3 1 953 1
9 bw 28 21 סאלים 1 1 0 3 1 576 1
9 bw 29 9 ראפיק 1 1 0 3 1 610 1
9 bw 30 10 סאמיר 1 1 0 3 1 438 1
9 bw 31 33 מאיה 2 1 0 4 1 538 1
9 bw 32 48 יוכבד 2 1 0 4 1 634 1
9 bw 33 6 איבתיסאם 1 1 0 3 1 532 1
9 bw 34 12 סאמיחה 1 1 0 3 1 420 1
9 bw 35 45 אהרון 2 1 0 4 1 574 1
9 bw 36 25 סאמירה 1 1 0 3 1 801 1
9 bw 37 5 מוסא 1 1 0 3 1 620 1
9 bw 38 49 ישראל 2 1 0 4 1 490 1
9 bw 39 17 עאידה 1 1 0 3 1 526 1
9 bw 40 42 עדי 2 1 0 4 1 789 1
9 bw 41 44 יפעת 2 1 0 4 1 621 1
9 bw 42 11 עזיזה 1 1 0 3 1 462 1
9 bw 43 15 האדיל 1 1 0 3 1 649 1
9 bw 44 50 יהודה 2 1 0 4 1 560 1
9 bw 45 37 יאיר 2 1 0 4 1 558 1
9 bw 46 8 עליאן 1 1 0 3 1 540 1
9 bw 47 4 איברהים 1 1 0 3 1 805 1
9 bw 48 23 אשראף 1 1 0 3 1 498 1
9 bw 49 30 אבי 2 1 0 4 1 724 1
9 bw 50 41 אורן 2 1 0 4 1 477 1
10 combined1 1 29 רצח 2 2 2 4 1 1353 1
10 combined1 2 68 נאדיה 1 1 2 4 1 745 1
10 combined1 3 40 טרגדיה 2 2 2 4 1 629 1
10 combined1 4 97 אהרון 2 1 2 4 1 974 1
10 combined1 5 57 מוסא 1 1 2 4 1 602 1
10 combined1 6 74 סוילמאן 1 1 2 4 1 812 1
10 combined1 7 67 האדיל 1 1 2 4 1 568 1
10 combined1 8 52 לכוד 2 2 2 4 1 644 1
10 combined1 9 94 עדי 2 1 2 4 1 1009 1
10 combined1 10 70 תייסיר 1 1 2 4 1 660 1
10 combined1 11 92 שמעון 2 1 2 4 1 650 1
10 combined1 12 24 עילאי 1 2 2 4 1 783 1
10 combined1 13 83 משה 2 1 2 4 1 956 1
10 combined1 14 25 חופשה 1 2 2 4 1 611 1
10 combined1 15 20 זריחה 1 2 2 4 1 623 1
10 combined1 16 8 כיף 1 2 2 4 1 581 1
10 combined1 17 96 יפעת 2 1 2 4 1 1078 1
10 combined1 18 45 מכוער 2 2 2 4 1 781 1
10 combined1 19 60 עליאן 1 1 2 4 1 580 1
10 combined1 20 81 דני 2 1 2 4 1 827 1
10 combined1 21 39 זיהום 2 2 2 4 1 695 1
10 combined1 22 3 בריאות 1 2 2 4 1 689 1
10 combined1 23 95 עידן 2 1 2 4 1 963 1
10 combined1 24 37 אסון 2 2 2 4 1 657 1
10 combined1 25 17 מתנה 1 2 2 4 1 609 1
10 combined1 26 28 לכלוך 2 2 2 4 1 604 1
10 combined1 27 38 שנאה 2 2 2 4 1 495 1
10 combined1 28 10 תענוג 1 2 2 4 1 534 1
10 combined1 29 15 קשת 1 2 2 4 1 584 1
10 combined1 30 43 כלא 2 2 2 4 1 664 1
10 combined1 31 30 חולי 2 2 2 4 1 704 1
10 combined1 32 35 סירחון 2 2 2 4 1 590 1
10 combined1 33 42 גירושין 2 2 2 4 1 578 1
10 combined1 34 69 עאידה 1 1 2 4 1 689 1
10 combined1 35 6 לעודד 1 2 2 4 1 731 1
10 combined1 36 88 ערן 2 1 2 4 1 748 1
10 combined1 37 82 אבי 2 1 2 4 1 667 1
10 combined1 38 13 כנה 1 2 2 4 1 631 1
10 combined1 39 23 צחוק 1 2 2 4 1 866 1
10 combined1 40 49 רקוב 2 2 2 4 1 677 1
10 combined1 41 1 ללטף 1 2 2 4 1 857 1
10 combined1 42 36 תקיפה 2 2 2 4 1 765 1
10 combined1 43 50 קיא 2 2 2 4 1 633 1
10 combined1 44 53 מוחמד 1 1 2 4 1 658 1
10 combined1 45 84 שני 2 1 2 4 1 690 1
10 combined1 46 86 נועה 2 1 2 4 1 750 1
10 combined1 47 11 יהלום 1 2 2 4 1 604 2
10 combined1 48 26 התעללות 2 2 2 4 1 1598 1
10 combined1 49 59 נור 1 1 2 4 1 923 1
10 combined1 50 71 ראניה 1 1 2 4 1 1619 1
11 combined1b 1 85 מאיה 2 1 2 4 1 1622 1
11 combined1b 2 5 שלום 1 2 2 4 1 795 1
11 combined1b 3 9 נאמן 1 2 2 4 1 683 1
11 combined1b 4 44 עוני 2 2 2 4 1 651 1
11 combined1b 5 54 אחמד 1 1 2 4 1 632 1
11 combined1b 6 56 איברהים 1 1 2 4 1 747 1
11 combined1b 7 32 מוות 2 2 2 4 1 767 1
11 combined1b 8 22 שמחה 1 2 2 4 1 627 1
11 combined1b 9 62 סאמיר 1 1 2 4 1 895 1
11 combined1b 10 51 צער 2 2 2 4 1 930 1
11 combined1b 11 21 משפחה 1 2 2 4 1 666 1
11 combined1b 12 78 יאיר 2 1 2 4 1 924 1
11 combined1b 13 48 להרוג 2 2 2 4 1 1213 2
11 combined1b 14 14 מזל 1 2 2 4 1 774 1
11 combined1b 15 100 יוכבד 2 1 2 4 1 901 1
11 combined1b 16 87 נעמה 2 1 2 4 1 1252 1
11 combined1b 17 58 איבתיסאם 1 1 2 4 1 552 1
11 combined1b 18 89 יאיר 2 1 2 4 1 936 1
11 combined1b 19 27 התרסקות 2 2 2 4 1 851 1
11 combined1b 20 63 עזיזה 1 1 2 4 1 859 1
11 combined1b 21 72 עבד 1 1 2 4 1 511 1
11 combined1b 22 79 רונן 2 1 2 4 1 658 1
11 combined1b 23 12 עדין 1 2 2 4 1 1235 1
11 combined1b 24 76 ראינאן 1 1 2 4 1 791 1
11 combined1b 25 41 פצצה 2 2 2 4 1 1726 1
11 combined1b 26 4 אהבה 1 2 2 4 1 622 1
11 combined1b 27 7 חבר 1 2 2 4 1 634 1
11 combined1b 28 55 מדחאת 1 1 2 4 1 815 1
11 combined1b 29 90 עמוס 2 1 2 4 1 570 1
11 combined1b 30 64 סאמיחה 1 1 2 4 1 620 1
11 combined1b 31 93 אורן 2 1 2 4 1 527 1
11 combined1b 32 31 תאונה 2 2 2 4 1 696 1
11 combined1b 33 61 ראפיק 1 1 2 4 1 656 1
11 combined1b 34 99 מיטל 2 1 2 4 1 884 1
11 combined1b 35 91 רבקה 2 1 2 4 1 919 1
11 combined1b 36 80 יובל 2 1 2 4 1 474 1
11 combined1b 37 19 נס 1 2 2 4 1 756 1
11 combined1b 38 46 סרטן 2 2 2 4 1 827 1
11 combined1b 39 47 רשע 2 2 2 4 1 576 1
11 combined1b 40 34 רעל 2 2 2 4 1 526 1
11 combined1b 41 77 סאמירה 1 1 2 4 1 532 1
11 combined1b 42 18 כבוד 1 2 2 4 1 644 1
11 combined1b 43 98 דויד 2 1 2 4 1 2761 1
11 combined1b 44 66 פאטימה 1 1 2 4 1 1369 1
11 combined1b 45 73 סאלים 1 1 2 4 1 1143 1
11 combined1b 46 2 חופש 1 2 2 4 1 838 2
11 combined1b 47 16 הישג 1 2 2 4 1 854 1
11 combined1b 48 75 אשראף 1 1 2 4 1 1029 1
11 combined1b 49 33 אבל 2 2 2 4 1 582 1
11 combined1b 50 65 עביר 1 1 2 4 1 1094 1
12 wb 1 20 עבד 1 1 0 3 2 1882 1
12 wb 2 23 אשראף 1 1 0 3 2 818 1
12 wb 3 46 דויד 2 1 0 4 2 670 1
12 wb 4 47 מיטל 2 1 0 4 2 653 1
12 wb 5 8 עליאן 1 1 0 3 2 651 1
12 wb 6 30 אבי 2 1 0 4 2 561 1
12 wb 7 17 עאידה 1 1 0 3 2 611 1
12 wb 8 5 מוסא 1 1 0 3 2 547 1
12 wb 9 22 סוילמאן 1 1 0 3 2 1149 1
12 wb 10 14 פאטימה 1 1 0 3 2 745 1
12 wb 11 6 איבתיסאם 1 1 0 3 2 514 1
12 wb 12 7 נור 1 1 0 3 2 675 1
12 wb 13 2 אחמד 1 1 0 3 2 519 1
12 wb 14 31 משה 2 1 0 4 2 655 1
12 wb 15 40 שמעון 2 1 0 4 2 419 1
12 wb 16 11 עזיזה 1 1 0 3 2 879 1
12 wb 17 29 דני 2 1 0 4 2 451 1
12 wb 18 32 שני 2 1 0 4 2 485 1
12 wb 19 4 איברהים 1 1 0 3 2 607 1
12 wb 20 33 מאיה 2 1 0 4 2 591 1
12 wb 21 45 אהרון 2 1 0 4 2 820 1
12 wb 22 12 סאמיחה 1 1 0 3 2 1081 1
12 wb 23 19 ראניה 1 1 0 3 2 537 1
12 wb 24 48 יוכבד 2 1 0 4 2 580 1
12 wb 25 26 יאיר 2 1 0 4 2 1064 1
12 wb 26 1 מוחמד 1 1 0 3 2 518 1
12 wb 27 35 נעמה 2 1 0 4 2 521 1
12 wb 28 50 יהודה 2 1 0 4 2 494 1
12 wb 29 10 סאמיר 1 1 0 3 2 703 1
12 wb 30 36 ערן 2 1 0 4 2 649 1
12 wb 31 15 האדיל 1 1 0 3 2 621 1
12 wb 32 42 עדי 2 1 0 4 2 585 1
12 wb 33 27 רונן 2 1 0 4 2 615 1
12 wb 34 34 נועה 2 1 0 4 2 715 1
12 wb 35 3 מדחאת 1 1 0 3 2 564 1
12 wb 36 16 נאדיה 1 1 0 3 2 683 1
12 wb 37 9 ראפיק 1 1 0 3 2 463 1
12 wb 38 44 יפעת 2 1 0 4 2 578 1
12 wb 39 13 עביר 1 1 0 3 2 878 1
12 wb 40 43 עידן 2 1 0 4 2 596 1
12 wb 41 18 תייסיר 1 1 0 3 2 465 1
12 wb 42 25 סאמירה 1 1 0 3 2 510 1
12 wb 43 21 סאלים 1 1 0 3 2 437 1
12 wb 44 49 ישראל 2 1 0 4 2 521 1
12 wb 45 38 עמוס 2 1 0 4 2 475 1
12 wb 46 37 יאיר 2 1 0 4 2 651 1
12 wb 47 39 רבקה 2 1 0 4 2 489 1
12 wb 48 28 יובל 2 1 0 4 2 498 1
12 wb 49 41 אורן 2 1 0 4 2 443 1
12 wb 50 24 ראינאן 1 1 0 3 2 520 1
13 combined2 1 46 סרטן 2 2 1 3 2 2052 1
13 combined2 2 65 עביר 1 1 1 3 2 857 1
13 combined2 3 29 רצח 2 2 1 3 2 626 1
13 combined2 4 41 פצצה 2 2 1 3 2 678 1
13 combined2 5 14 מזל 1 2 1 3 2 697 1
13 combined2 6 84 שני 2 1 1 3 2 644 1
13 combined2 7 7 חבר 1 2 1 3 2 582 1
13 combined2 8 53 מוחמד 1 1 1 3 2 569 1
13 combined2 9 67 האדיל 1 1 1 3 2 704 1
13 combined2 10 77 סאמירה 1 1 1 3 2 517 1
13 combined2 11 93 אורן 2 1 1 3 2 614 1
13 combined2 12 75 אשראף 1 1 1 3 2 570 1
13 combined2 13 4 אהבה 1 2 1 3 2 2058 1
13 combined2 14 26 התעללות 2 2 1 3 2 565 1
13 combined2 15 78 יאיר 2 1 1 3 2 565 1
13 combined2 16 27 התרסקות 2 2 1 3 2 578 1
13 combined2 17 33 אבל 2 2 1 3 2 727 1
13 combined2 18 81 דני 2 1 1 3 2 624 1
13 combined2 19 17 מתנה 1 2 1 3 2 583 1
13 combined2 20 73 סאלים 1 1 1 3 2 534 1
13 combined2 21 37 אסון 2 2 1 3 2 454 1
13 combined2 22 36 תקיפה 2 2 1 3 2 550 1
13 combined2 23 97 אהרון 2 1 1 3 2 502 1
13 combined2 24 39 זיהום 2 2 1 3 2 617 1
13 combined2 25 83 משה 2 1 1 3 2 557 1
13 combined2 26 35 סירחון 2 2 1 3 2 518 1
13 combined2 27 69 עאידה 1 1 1 3 2 661 1
13 combined2 28 82 אבי 2 1 1 3 2 577 1
13 combined2 29 64 סאמיחה 1 1 1 3 2 1911 1
13 combined2 30 16 הישג 1 2 1 3 2 954 1
13 combined2 31 48 להרוג 2 2 1 3 2 656 1
13 combined2 32 85 מאיה 2 1 1 3 2 628 1
13 combined2 33 2 חופש 1 2 1 3 2 855 1
13 combined2 34 25 חופשה 1 2 1 3 2 828 1
13 combined2 35 49 רקוב 2 2 1 3 2 1158 1
13 combined2 36 12 עדין 1 2 1 3 2 655 1
13 combined2 37 11 יהלום 1 2 1 3 2 691 1
13 combined2 38 30 חולי 2 2 1 3 2 605 1
13 combined2 39 76 ראינאן 1 1 1 3 2 793 1
13 combined2 40 45 מכוער 2 2 1 3 2 711 1
13 combined2 41 58 איבתיסאם 1 1 1 3 2 639 1
13 combined2 42 71 ראניה 1 1 1 3 2 476 1
13 combined2 43 23 צחוק 1 2 1 3 2 583 1
13 combined2 44 18 כבוד 1 2 1 3 2 542 1
13 combined2 45 59 נור 1 1 1 3 2 695 1
13 combined2 46 1 ללטף 1 2 1 3 2 703 1
13 combined2 47 68 נאדיה 1 1 1 3 2 544 1
13 combined2 48 51 צער 2 2 1 3 2 663 1
13 combined2 49 57 מוסא 1 1 1 3 2 533 1
13 combined2 50 32 מוות 2 2 1 3 2 709 1
14 combined2b 1 92 שמעון 2 1 1 3 2 1357 1
14 combined2b 2 62 סאמיר 1 1 1 3 2 567 1
14 combined2b 3 100 יוכבד 2 1 1 3 2 782 1
14 combined2b 4 91 רבקה 2 1 1 3 2 1461 1
14 combined2b 5 24 עילאי 1 2 1 3 2 1311 1
14 combined2b 6 20 זריחה 1 2 1 3 2 624 1
14 combined2b 7 72 עבד 1 1 1 3 2 1084 1
14 combined2b 8 96 יפעת 2 1 1 3 2 672 1
14 combined2b 9 9 נאמן 1 2 1 3 2 1025 1
14 combined2b 10 95 עידן 2 1 1 3 2 629 1
14 combined2b 11 15 קשת 1 2 1 3 2 578 1
14 combined2b 12 22 שמחה 1 2 1 3 2 527 1
14 combined2b 13 10 תענוג 1 2 1 3 2 1066 1
14 combined2b 14 28 לכלוך 2 2 1 3 2 599 1
14 combined2b 15 87 נעמה 2 1 1 3 2 570 1
14 combined2b 16 34 רעל 2 2 1 3 2 602 1
14 combined2b 17 6 לעודד 1 2 1 3 2 662 1
14 combined2b 18 94 עדי 2 1 1 3 2 787 1
14 combined2b 19 13 כנה 1 2 1 3 2 583 1
14 combined2b 20 70 תייסיר 1 1 1 3 2 591 1
14 combined2b 21 90 עמוס 2 1 1 3 2 676 1
14 combined2b 22 74 סוילמאן 1 1 1 3 2 639 1
14 combined2b 23 44 עוני 2 2 1 3 2 645 1
14 combined2b 24 47 רשע 2 2 1 3 2 766 1
14 combined2b 25 5 שלום 1 2 1 3 2 593 1
14 combined2b 26 89 יאיר 2 1 1 3 2 838 1
14 combined2b 27 61 ראפיק 1 1 1 3 2 599 1
14 combined2b 28 40 טרגדיה 2 2 1 3 2 789 1
14 combined2b 29 60 עליאן 1 1 1 3 2 580 1
14 combined2b 30 42 גירושין 2 2 1 3 2 538 2
14 combined2b 31 43 כלא 2 2 1 3 2 693 1
14 combined2b 32 99 מיטל 2 1 1 3 2 870 1
14 combined2b 33 8 כיף 1 2 1 3 2 1113 1
14 combined2b 34 86 נועה 2 1 1 3 2 754 1
14 combined2b 35 79 רונן 2 1 1 3 2 563 1
14 combined2b 36 98 דויד 2 1 1 3 2 449 1
14 combined2b 37 52 לכוד 2 2 1 3 2 599 1
14 combined2b 38 56 איברהים 1 1 1 3 2 427 1
14 combined2b 39 19 נס 1 2 1 3 2 592 1
14 combined2b 40 3 בריאות 1 2 1 3 2 551 1
14 combined2b 41 55 מדחאת 1 1 1 3 2 511 1
14 combined2b 42 66 פאטימה 1 1 1 3 2 462 1
14 combined2b 43 31 תאונה 2 2 1 3 2 810 1
14 combined2b 44 80 יובל 2 1 1 3 2 688 1
14 combined2b 45 50 קיא 2 2 1 3 2 610 1
14 combined2b 46 88 ערן 2 1 1 3 2 849 1
14 combined2b 47 38 שנאה 2 2 1 3 2 649 1
14 combined2b 48 63 עזיזה 1 1 1 3 2 767 1
14 combined2b 49 21 משפחה 1 2 1 3 2 690 1
14 combined2b 50 54 אחמד 1 1 1 3 2 544 1
168 188 0
