2 bw 1 27 רונן 2 1 0 4 1 3310 1
2 bw 2 1 מוחמד 1 1 0 3 1 1159 1
2 bw 3 9 ראפיק 1 1 0 3 1 1184 1
2 bw 4 33 מאיה 2 1 0 4 1 935 1
2 bw 5 35 נעמה 2 1 0 4 1 770 1
2 bw 6 6 איבתיסאם 1 1 0 3 1 773 1
2 bw 7 47 מיטל 2 1 0 4 1 1030 1
2 bw 8 28 יובל 2 1 0 4 1 945 1
2 bw 9 20 עבד 1 1 0 3 1 1442 1
2 bw 10 17 עאידה 1 1 0 3 1 1058 1
2 bw 11 3 מדחאת 1 1 0 3 1 632 1
2 bw 12 29 דני 2 1 0 4 1 1158 1
2 bw 13 37 יאיר 2 1 0 4 1 582 1
2 bw 14 38 עמוס 2 1 0 4 1 723 1
2 bw 15 34 נועה 2 1 0 4 1 520 1
2 bw 16 7 נור 1 1 0 3 1 1627 1
2 bw 17 23 אשראף 1 1 0 3 1 824 1
2 bw 18 30 אבי 2 1 0 4 1 927 1
2 bw 19 15 האדיל 1 1 0 3 1 855 1
2 bw 20 2 אחמד 1 1 0 3 1 548 1
2 bw 21 24 ראינאן 1 1 0 3 1 558 1
2 bw 22 22 סוילמאן 1 1 0 3 1 492 1
2 bw 23 5 מוסא 1 1 0 3 1 448 1
2 bw 24 36 ערן 2 1 0 4 1 625 1
2 bw 25 10 סאמיר 1 1 0 3 1 844 1
2 bw 26 14 פאטימה 1 1 0 3 1 840 1
2 bw 27 41 אורן 2 1 0 4 1 774 1
2 bw 28 44 יפעת 2 1 0 4 1 582 1
2 bw 29 50 יהודה 2 1 0 4 1 454 1
2 bw 30 4 איברהים 1 1 0 3 1 863 1
2 bw 31 40 שמעון 2 1 0 4 1 2683 1
2 bw 32 18 תייסיר 1 1 0 3 1 684 1
2 bw 33 49 ישראל 2 1 0 4 1 574 1
2 bw 34 32 שני 2 1 0 4 1 1482 1
2 bw 35 43 עידן 2 1 0 4 1 1172 1
2 bw 36 25 סאמירה 1 1 0 3 1 716 1
2 bw 37 13 עביר 1 1 0 3 1 664 1
2 bw 38 45 אהרון 2 1 0 4 1 656 1
2 bw 39 39 רבקה 2 1 0 4 1 617 1
2 bw 40 11 עזיזה 1 1 0 3 1 1535 1
2 bw 41 26 יאיר 2 1 0 4 1 801 1
2 bw 42 46 דויד 2 1 0 4 1 2176 1
2 bw 43 19 ראניה 1 1 0 3 1 5939 1
2 bw 44 21 סאלים 1 1 0 3 1 495 1
2 bw 45 48 יוכבד 2 1 0 4 1 600 1
2 bw 46 8 עליאן 1 1 0 3 1 1444 1
2 bw 47 16 נאדיה 1 1 0 3 1 465 1
2 bw 48 31 משה 2 1 0 4 1 559 1
2 bw 49 12 סאמיחה 1 1 0 3 1 10000 3
2 bw 50 42 עדי 2 1 0 4 1 1709 1
3 pu 1 19 נס 1 2 0 1 1 2752 1
3 pu 2 48 להרוג 2 2 0 2 1 994 1
3 pu 3 27 התרסקות 2 2 0 2 1 1049 1
3 pu 4 38 שנאה 2 2 0 2 1 738 1
3 pu 5 20 זריחה 1 2 0 1 1 970 1
3 pu 6 45 מכוער 2 2 0 2 1 1191 1
3 pu 7 40 טרגדיה 2 2 0 2 1 1003 1
3 pu 8 15 קשת 1 2 0 1 1 1402 1
3 pu 9 42 גירושין 2 2 0 2 1 2326 1
3 pu 10 30 חולי 2 2 0 2 1 905 1
3 pu 11 7 חבר 1 2 0 1 1 938 1
3 pu 12 13 כנה 1 2 0 1 1 579 1
3 pu 13 9 נאמן 1 2 0 1 1 554 1
3 pu 14 28 לכלוך 2 2 0 2 1 595 1
3 pu 15 23 צחוק 1 2 0 1 1 1319 1
3 pu 16 47 רשע 2 2 0 2 1 757 1
3 pu 17 34 רעל 2 2 0 2 1 687 1
3 pu 18 24 עילאי 1 2 0 1 1 862 1
3 pu 19 3 בריאות 1 2 0 1 1 704 1
3 pu 20 29 רצח 2 2 0 2 1 640 1
3 pu 21 32 מוות 2 2 0 2 1 670 1
3 pu 22 39 זיהום 2 2 0 2 1 1478 1
3 pu 23 14 מזל 1 2 0 1 1 703 1
3 pu 24 37 אסון 2 2 0 2 1 669 1
3 pu 25 6 לעודד 1 2 0 1 1 756 1
3 pu 26 16 הישג 1 2 0 1 1 880 1
3 pu 27 52 לכוד 2 2 0 2 1 690 1
3 pu 28 36 תקיפה 2 2 0 2 1 807 1
3 pu 29 35 סירחון 2 2 0 2 1 596 1
3 pu 30 10 תענוג 1 2 0 1 1 602 1
3 pu 31 43 כלא 2 2 0 2 1 711 1
3 pu 32 1 ללטף 1 2 0 1 1 698 1
3 pu 33 4 אהבה 1 2 0 1 1 732 1
3 pu 34 5 שלום 1 2 0 1 1 629 1
3 pu 35 49 רקוב 2 2 0 2 1 586 1
3 pu 36 22 שמחה 1 2 0 1 1 608 1
3 pu 37 51 צער 2 2 0 2 1 612 1
3 pu 38 21 משפחה 1 2 0 1 1 899 1
3 pu 39 11 יהלום 1 2 0 1 1 1010 1
3 pu 40 12 עדין 1 2 0 1 1 614 1
3 pu 41 50 קיא 2 2 0 2 1 632 1
3 pu 42 31 תאונה 2 2 0 2 1 649 1
3 pu 43 26 התעללות 2 2 0 2 1 678 1
3 pu 44 8 כיף 1 2 0 1 1 675 1
3 pu 45 41 פצצה 2 2 0 2 1 762 1
3 pu 46 25 חופשה 1 2 0 1 1 1048 1
3 pu 47 18 כבוד 1 2 0 1 1 861 1
3 pu 48 33 אבל 2 2 0 2 1 963 1
3 pu 49 46 סרטן 2 2 0 2 1 943 1
3 pu 50 44 עוני 2 2 0 2 1 579 1
4 combined1 1 35 סירחון 2 2 2 2 1 2928 1
4 combined1 2 78 יאיר 2 1 2 2 1 2244 1
4 combined1 3 93 אורן 2 1 2 2 1 1069 1
4 combined1 4 28 לכלוך 2 2 2 2 1 2268 1
4 combined1 5 53 מוחמד 1 1 2 2 1 1256 1
4 combined1 6 55 מדחאת 1 1 2 2 1 805 1
4 combined1 7 9 נאמן 1 2 2 2 1 1058 1
4 combined1 8 22 שמחה 1 2 2 2 1 702 1
4 combined1 9 75 אשראף 1 1 2 2 1 1131 1
4 combined1 10 97 אהרון 2 1 2 2 1 1546 1
4 combined1 11 16 הישג 1 2 2 2 1 1023 2
4 combined1 12 43 כלא 2 2 2 2 1 1480 1
4 combined1 13 11 יהלום 1 2 2 2 1 1290 1
4 combined1 14 38 שנאה 2 2 2 2 1 809 1
4 combined1 15 27 התרסקות 2 2 2 2 1 912 1
4 combined1 16 99 מיטל 2 1 2 2 1 720 2
4 combined1 17 84 שני 2 1 2 2 1 2779 1
4 combined1 18 62 סאמיר 1 1 2 2 1 1445 1
4 combined1 19 58 איבתיסאם 1 1 2 2 1 584 1
4 combined1 20 87 נעמה 2 1 2 2 1 938 1
4 combined1 21 69 עאידה 1 1 2 2 1 653 1
4 combined1 22 72 עבד 1 1 2 2 1 771 1
4 combined1 23 79 רונן 2 1 2 2 1 609 1
4 combined1 24 74 סוילמאן 1 1 2 2 1 629 1
4 combined1 25 7 חבר 1 2 2 2 1 750 2
4 combined1 26 17 מתנה 1 2 2 2 1 1009 1
4 combined1 27 59 נור 1 1 2 2 1 1108 1
4 combined1 28 25 חופשה 1 2 2 2 1 1573 1
4 combined1 29 63 עזיזה 1 1 2 2 1 655 1
4 combined1 30 86 נועה 2 1 2 2 1 893 1
4 combined1 31 89 יאיר 2 1 2 2 1 1528 2
4 combined1 32 95 עידן 2 1 2 2 1 2966 1
4 combined1 33 96 יפעת 2 1 2 2 1 1014 1
4 combined1 34 61 ראפיק 1 1 2 2 1 1036 1
4 combined1 35 70 תייסיר 1 1 2 2 1 713 1
4 combined1 36 81 דני 2 1 2 2 1 857 1
4 combined1 37 73 סאלים 1 1 2 2 1 537 1
4 combined1 38 44 עוני 2 2 2 2 1 1162 1
4 combined1 39 19 נס 1 2 2 2 1 1050 1
4 combined1 40 57 מוסא 1 1 2 2 1 711 1
4 combined1 41 23 צחוק 1 2 2 2 1 960 1
4 combined1 42 80 יובל 2 1 2 2 1 809 1
4 combined1 43 26 התעללות 2 2 2 2 1 1017 1
4 combined1 44 91 רבקה 2 1 2 2 1 740 1
4 combined1 45 54 אחמד 1 1 2 2 1 1001 1
4 combined1 46 82 אבי 2 1 2 2 1 1054 1
4 combined1 47 37 אסון 2 2 2 2 1 1118 1
4 combined1 48 5 שלום 1 2 2 2 1 771 1
4 combined1 49 3 בריאות 1 2 2 2 1 878 1
4 combined1 50 66 פאטימה 1 1 2 2 1 704 1
5 combined1b 1 51 צער 2 2 2 2 1 2781 1
5 combined1b 2 15 קשת 1 2 2 2 1 1253 1
5 combined1b 3 88 ערן 2 1 2 2 1 997 1
5 combined1b 4 49 רקוב 2 2 2 2 1 961 1
5 combined1b 5 39 זיהום 2 2 2 2 1 689 1
5 combined1b 6 71 ראניה 1 1 2 2 1 941 1
5 combined1b 7 65 עביר 1 1 2 2 1 1032 1
5 combined1b 8 32 מוות 2 2 2 2 1 814 1
5 combined1b 9 40 טרגדיה 2 2 2 2 1 2159 1
5 combined1b 10 2 חופש 1 2 2 2 1 1309 1
5 combined1b 11 67 האדיל 1 1 2 2 1 1227 1
5 combined1b 12 47 רשע 2 2 2 2 1 989 1
5 combined1b 13 76 ראינאן 1 1 2 2 1 655 1
5 combined1b 14 29 רצח 2 2 2 2 1 744 1
5 combined1b 15 10 תענוג 1 2 2 2 1 1049 1
5 combined1b 16 90 עמוס 2 1 2 2 1 874 1
5 combined1b 17 13 כנה 1 2 2 2 1 1136 1
5 combined1b 18 34 רעל 2 2 2 2 1 742 1
5 combined1b 19 20 זריחה 1 2 2 2 1 777 1
5 combined1b 20 8 כיף 1 2 2 2 1 660 1
5 combined1b 21 46 סרטן 2 2 2 2 1 749 1
5 combined1b 22 21 משפחה 1 2 2 2 1 1308 1
5 combined1b 23 33 אבל 2 2 2 2 1 778 1
5 combined1b 24 64 סאמיחה 1 1 2 2 1 885 1
5 combined1b 25 60 עליאן 1 1 2 2 1 561 1
5 combined1b 26 98 דויד 2 1 2 2 1 2170 1
5 combined1b 27 24 עילאי 1 2 2 2 1 1092 2
5 combined1b 28 42 גירושין 2 2 2 2 1 3208 1
5 combined1b 29 14 מזל 1 2 2 2 1 824 1
5 combined1b 30 18 כבוד 1 2 2 2 1 626 1
5 combined1b 31 41 פצצה 2 2 2 2 1 838 1
5 combined1b 32 85 מאיה 2 1 2 2 1 1044 1
5 combined1b 33 31 תאונה 2 2 2 2 1 765 2
5 combined1b 34 50 קיא 2 2 2 2 1 1201 1
5 combined1b 35 12 עדין 1 2 2 2 1 936 1
5 combined1b 36 36 תקיפה 2 2 2 2 1 711 1
5 combined1b 37 92 שמעון 2 1 2 2 1 1184 1
5 combined1b 38 100 יוכבד 2 1 2 2 1 951 1
5 combined1b 39 30 חולי 2 2 2 2 1 920 2
5 combined1b 40 6 לעודד 1 2 2 2 1 2582 1
5 combined1b 41 56 איברהים 1 1 2 2 1 684 1
5 combined1b 42 4 אהבה 1 2 2 2 1 2370 1
5 combined1b 43 52 לכוד 2 2 2 2 1 957 1
5 combined1b 44 1 ללטף 1 2 2 2 1 761 1
5 combined1b 45 48 להרוג 2 2 2 2 1 1377 1
5 combined1b 46 83 משה 2 1 2 2 1 1007 1
5 combined1b 47 68 נאדיה 1 1 2 2 1 1512 1
5 combined1b 48 77 סאמירה 1 1 2 2 1 1679 1
5 combined1b 49 45 מכוער 2 2 2 2 1 1082 1
5 combined1b 50 94 עדי 2 1 2 2 1 1009 1
6 wb 1 27 רונן 2 1 0 4 2 1946 1
6 wb 2 26 יאיר 2 1 0 4 2 846 1
6 wb 3 11 עזיזה 1 1 0 3 2 1216 2
6 wb 4 17 עאידה 1 1 0 3 2 963 1
6 wb 5 9 ראפיק 1 1 0 3 2 588 1
6 wb 6 13 עביר 1 1 0 3 2 594 1
6 wb 7 30 אבי 2 1 0 4 2 614 1
6 wb 8 20 עבד 1 1 0 3 2 963 1
6 wb 9 5 מוסא 1 1 0 3 2 571 1
6 wb 10 4 איברהים 1 1 0 3 2 1346 1
6 wb 11 19 ראניה 1 1 0 3 2 570 1
6 wb 12 33 מאיה 2 1 0 4 2 818 1
6 wb 13 16 נאדיה 1 1 0 3 2 650 1
6 wb 14 1 מוחמד 1 1 0 3 2 829 1
6 wb 15 44 יפעת 2 1 0 4 2 539 1
6 wb 16 36 ערן 2 1 0 4 2 642 1
6 wb 17 8 עליאן 1 1 0 3 2 492 1
6 wb 18 6 איבתיסאם 1 1 0 3 2 611 1
6 wb 19 43 עידן 2 1 0 4 2 584 1
6 wb 20 50 יהודה 2 1 0 4 2 665 2
6 wb 21 42 עדי 2 1 0 4 2 842 1
6 wb 22 15 האדיל 1 1 0 3 2 583 1
6 wb 23 29 דני 2 1 0 4 2 799 1
6 wb 24 2 אחמד 1 1 0 3 2 1189 1
6 wb 25 39 רבקה 2 1 0 4 2 564 1
6 wb 26 37 יאיר 2 1 0 4 2 497 1
6 wb 27 49 ישראל 2 1 0 4 2 407 1
6 wb 28 18 תייסיר 1 1 0 3 2 612 1
6 wb 29 28 יובל 2 1 0 4 2 1214 1
6 wb 30 47 מיטל 2 1 0 4 2 409 1
6 wb 31 23 אשראף 1 1 0 3 2 457 1
6 wb 32 21 סאלים 1 1 0 3 2 781 1
6 wb 33 40 שמעון 2 1 0 4 2 723 1
6 wb 34 12 סאמיחה 1 1 0 3 2 789 1
6 wb 35 31 משה 2 1 0 4 2 671 1
6 wb 36 24 ראינאן 1 1 0 3 2 653 1
6 wb 37 10 סאמיר 1 1 0 3 2 472 1
6 wb 38 45 אהרון 2 1 0 4 2 458 1
6 wb 39 38 עמוס 2 1 0 4 2 567 2
6 wb 40 7 נור 1 1 0 3 2 1023 1
6 wb 41 14 פאטימה 1 1 0 3 2 706 1
6 wb 42 32 שני 2 1 0 4 2 604 1
6 wb 43 34 נועה 2 1 0 4 2 428 1
6 wb 44 48 יוכבד 2 1 0 4 2 464 1
6 wb 45 41 אורן 2 1 0 4 2 408 1
6 wb 46 3 מדחאת 1 1 0 3 2 567 1
6 wb 47 35 נעמה 2 1 0 4 2 620 1
6 wb 48 22 סוילמאן 1 1 0 3 2 494 1
6 wb 49 46 דויד 2 1 0 4 2 577 1
6 wb 50 25 סאמירה 1 1 0 3 2 540 1
7 combined2 1 85 מאיה 2 1 1 3 2 3648 1
7 combined2 2 14 מזל 1 2 1 3 2 484 1
7 combined2 3 59 נור 1 1 1 3 2 874 1
7 combined2 4 96 יפעת 2 1 1 3 2 1288 1
7 combined2 5 19 נס 1 2 1 3 2 2155 1
7 combined2 6 62 סאמיר 1 1 1 3 2 930 1
7 combined2 7 91 רבקה 2 1 1 3 2 1432 1
7 combined2 8 36 תקיפה 2 2 1 3 2 829 1
7 combined2 9 18 כבוד 1 2 1 3 2 1471 1
7 combined2 10 16 הישג 1 2 1 3 2 575 1
7 combined2 11 76 ראינאן 1 1 1 3 2 916 1
7 combined2 12 5 שלום 1 2 1 3 2 709 1
7 combined2 13 75 אשראף 1 1 1 3 2 612 1
7 combined2 14 6 לעודד 1 2 1 3 2 631 1
7 combined2 15 22 שמחה 1 2 1 3 2 438 1
7 combined2 16 66 פאטימה 1 1 1 3 2 339 2
7 combined2 17 43 כלא 2 2 1 3 2 1238 1
7 combined2 18 78 יאיר 2 1 1 3 2 715 1
7 combined2 19 24 עילאי 1 2 1 3 2 1143 1
7 combined2 20 25 חופשה 1 2 1 3 2 1184 1
7 combined2 21 30 חולי 2 2 1 3 2 650 1
7 combined2 22 54 אחמד 1 1 1 3 2 619 1
7 combined2 23 52 לכוד 2 2 1 3 2 1042 1
7 combined2 24 71 ראניה 1 1 1 3 2 627 1
7 combined2 25 63 עזיזה 1 1 1 3 2 675 1
7 combined2 26 40 טרגדיה 2 2 1 3 2 1001 1
7 combined2 27 72 עבד 1 1 1 3 2 605 1
7 combined2 28 13 כנה 1 2 1 3 2 639 1
7 combined2 29 46 סרטן 2 2 1 3 2 655 1
7 combined2 30 29 רצח 2 2 1 3 2 578 1
7 combined2 31 4 אהבה 1 2 1 3 2 929 1
7 combined2 32 98 דויד 2 1 1 3 2 781 1
7 combined2 33 56 איברהים 1 1 1 3 2 589 1
7 combined2 34 67 האדיל 1 1 1 3 2 655 1
7 combined2 35 37 אסון 2 2 1 3 2 609 1
7 combined2 36 3 בריאות 1 2 1 3 2 508 1
7 combined2 37 79 רונן 2 1 1 3 2 612 1
7 combined2 38 1 ללטף 1 2 1 3 2 419 1
7 combined2 39 74 סוילמאן 1 1 1 3 2 427 1
7 combined2 40 23 צחוק 1 2 1 3 2 688 1
7 combined2 41 28 לכלוך 2 2 1 3 2 610 1
7 combined2 42 9 נאמן 1 2 1 3 2 944 1
7 combined2 43 80 יובל 2 1 1 3 2 1680 1
7 combined2 44 69 עאידה 1 1 1 3 2 525 1
7 combined2 45 21 משפחה 1 2 1 3 2 750 1
7 combined2 46 51 צער 2 2 1 3 2 1129 1
7 combined2 47 82 אבי 2 1 1 3 2 586 1
7 combined2 48 73 סאלים 1 1 1 3 2 606 1
7 combined2 49 41 פצצה 2 2 1 3 2 776 1
7 combined2 50 45 מכוער 2 2 1 3 2 599 1
8 combined2b 1 7 חבר 1 2 1 3 2 1777 1
8 combined2b 2 55 מדחאת 1 1 1 3 2 755 1
8 combined2b 3 95 עידן 2 1 1 3 2 760 1
8 combined2b 4 70 תייסיר 1 1 1 3 2 809 1
8 combined2b 5 38 שנאה 2 2 1 3 2 538 1
8 combined2b 6 32 מוות 2 2 1 3 2 443 1
8 combined2b 7 2 חופש 1 2 1 3 2 419 2
8 combined2b 8 92 שמעון 2 1 1 3 2 1014 1
8 combined2b 9 53 מוחמד 1 1 1 3 2 598 1
8 combined2b 10 31 תאונה 2 2 1 3 2 1024 1
8 combined2b 11 89 יאיר 2 1 1 3 2 596 1
8 combined2b 12 88 ערן 2 1 1 3 2 735 2
8 combined2b 13 15 קשת 1 2 1 3 2 1011 1
8 combined2b 14 99 מיטל 2 1 1 3 2 570 1
8 combined2b 15 61 ראפיק 1 1 1 3 2 533 1
8 combined2b 16 17 מתנה 1 2 1 3 2 604 1
8 combined2b 17 50 קיא 2 2 1 3 2 668 1
8 combined2b 18 93 אורן 2 1 1 3 2 1160 1
8 combined2b 19 20 זריחה 1 2 1 3 2 635 1
8 combined2b 20 83 משה 2 1 1 3 2 450 1
8 combined2b 21 10 תענוג 1 2 1 3 2 393 1
8 combined2b 22 12 עדין 1 2 1 3 2 389 1
8 combined2b 23 39 זיהום 2 2 1 3 2 638 1
8 combined2b 24 77 סאמירה 1 1 1 3 2 579 1
8 combined2b 25 87 נעמה 2 1 1 3 2 571 1
8 combined2b 26 8 כיף 1 2 1 3 2 683 1
8 combined2b 27 27 התרסקות 2 2 1 3 2 649 1
8 combined2b 28 57 מוסא 1 1 1 3 2 618 1
8 combined2b 29 90 עמוס 2 1 1 3 2 420 2
8 combined2b 30 84 שני 2 1 1 3 2 579 1
8 combined2b 31 48 להרוג 2 2 1 3 2 1689 1
8 combined2b 32 100 יוכבד 2 1 1 3 2 605 1
8 combined2b 33 47 רשע 2 2 1 3 2 1164 1
8 combined2b 34 11 יהלום 1 2 1 3 2 766 1
8 combined2b 35 35 סירחון 2 2 1 3 2 575 1
8 combined2b 36 26 התעללות 2 2 1 3 2 642 1
8 combined2b 37 68 נאדיה 1 1 1 3 2 927 1
8 combined2b 38 81 דני 2 1 1 3 2 479 1
8 combined2b 39 58 איבתיסאם 1 1 1 3 2 631 1
8 combined2b 40 33 אבל 2 2 1 3 2 1173 1
8 combined2b 41 86 נועה 2 1 1 3 2 596 1
8 combined2b 42 60 עליאן 1 1 1 3 2 571 1
8 combined2b 43 49 רקוב 2 2 1 3 2 1134 1
8 combined2b 44 65 עביר 1 1 1 3 2 965 1
8 combined2b 45 44 עוני 2 2 1 3 2 618 1
8 combined2b 46 34 רעל 2 2 1 3 2 486 1
8 combined2b 47 64 סאמיחה 1 1 1 3 2 486 1
8 combined2b 48 97 אהרון 2 1 1 3 2 456 1
8 combined2b 49 94 עדי 2 1 1 3 2 414 1
8 combined2b 50 42 גירושין 2 2 1 3 2 588 2
9 wb 1 20 עבד 1 1 0 3 2 1320 1
9 wb 2 24 ראינאן 1 1 0 3 2 628 1
9 wb 3 48 יוכבד 2 1 0 4 2 659 1
9 wb 4 25 סאמירה 1 1 0 3 2 884 1
9 wb 5 27 רונן 2 1 0 4 2 635 1
9 wb 6 44 יפעת 2 1 0 4 2 621 1
9 wb 7 17 עאידה 1 1 0 3 2 667 1
9 wb 8 34 נועה 2 1 0 4 2 1159 1
9 wb 9 32 שני 2 1 0 4 2 509 1
9 wb 10 13 עביר 1 1 0 3 2 627 1
9 wb 11 11 עזיזה 1 1 0 3 2 990 1
9 wb 12 37 יאיר 2 1 0 4 2 550 1
9 wb 13 46 דויד 2 1 0 4 2 813 1
9 wb 14 26 יאיר 2 1 0 4 2 557 1
9 wb 15 30 אבי 2 1 0 4 2 401 1
9 wb 16 31 משה 2 1 0 4 2 350 1
9 wb 17 10 סאמיר 1 1 0 3 2 454 1
9 wb 18 23 אשראף 1 1 0 3 2 457 1
9 wb 19 2 אחמד 1 1 0 3 2 476 1
9 wb 20 14 פאטימה 1 1 0 3 2 359 1
9 wb 21 5 מוסא 1 1 0 3 2 446 1
9 wb 22 16 נאדיה 1 1 0 3 2 406 1
9 wb 23 21 סאלים 1 1 0 3 2 505 1
9 wb 24 49 ישראל 2 1 0 4 2 519 1
9 wb 25 33 מאיה 2 1 0 4 2 666 1
9 wb 26 9 ראפיק 1 1 0 3 2 573 1
9 wb 27 39 רבקה 2 1 0 4 2 506 2
9 wb 28 7 נור 1 1 0 3 2 804 1
9 wb 29 29 דני 2 1 0 4 2 1044 1
9 wb 30 22 סוילמאן 1 1 0 3 2 690 1
9 wb 31 8 עליאן 1 1 0 3 2 505 1
9 wb 32 12 סאמיחה 1 1 0 3 2 473 1
9 wb 33 28 יובל 2 1 0 4 2 551 1
9 wb 34 42 עדי 2 1 0 4 2 1265 1
9 wb 35 36 ערן 2 1 0 4 2 633 1
9 wb 36 4 איברהים 1 1 0 3 2 438 1
9 wb 37 50 יהודה 2 1 0 4 2 1614 1
9 wb 38 6 איבתיסאם 1 1 0 3 2 618 1
9 wb 39 40 שמעון 2 1 0 4 2 748 1
9 wb 40 35 נעמה 2 1 0 4 2 642 1
9 wb 41 47 מיטל 2 1 0 4 2 358 1
9 wb 42 19 ראניה 1 1 0 3 2 355 2
9 wb 43 41 אורן 2 1 0 4 2 639 1
9 wb 44 15 האדיל 1 1 0 3 2 520 1
9 wb 45 45 אהרון 2 1 0 4 2 577 1
9 wb 46 3 מדחאת 1 1 0 3 2 1245 1
9 wb 47 1 מוחמד 1 1 0 3 2 1184 1
9 wb 48 18 תייסיר 1 1 0 3 2 516 1
9 wb 49 38 עמוס 2 1 0 4 2 607 1
9 wb 50 43 עידן 2 1 0 4 2 982 1
10 combined2 1 48 להרוג 2 2 1 4 2 1460 1
10 combined2 2 75 אשראף 1 1 1 4 2 629 1
10 combined2 3 88 ערן 2 1 1 4 2 1454 1
10 combined2 4 16 הישג 1 2 1 4 2 670 1
10 combined2 5 15 קשת 1 2 1 4 2 578 1
10 combined2 6 45 מכוער 2 2 1 4 2 615 1
10 combined2 7 1 ללטף 1 2 1 4 2 648 1
10 combined2 8 18 כבוד 1 2 1 4 2 618 1
10 combined2 9 26 התעללות 2 2 1 4 2 561 1
10 combined2 10 71 ראניה 1 1 1 4 2 749 1
10 combined2 11 89 יאיר 2 1 1 4 2 694 1
10 combined2 12 70 תייסיר 1 1 1 4 2 705 1
10 combined2 13 44 עוני 2 2 1 4 2 608 1
10 combined2 14 2 חופש 1 2 1 4 2 567 1
10 combined2 15 61 ראפיק 1 1 1 4 2 844 1
10 combined2 16 10 תענוג 1 2 1 4 2 705 1
10 combined2 17 37 אסון 2 2 1 4 2 548 1
10 combined2 18 91 רבקה 2 1 1 4 2 648 1
10 combined2 19 47 רשע 2 2 1 4 2 663 1
10 combined2 20 68 נאדיה 1 1 1 4 2 677 1
10 combined2 21 38 שנאה 2 2 1 4 2 599 1
10 combined2 22 25 חופשה 1 2 1 4 2 514 1
10 combined2 23 24 עילאי 1 2 1 4 2 571 2
10 combined2 24 22 שמחה 1 2 1 4 2 805 1
10 combined2 25 85 מאיה 2 1 1 4 2 699 1
10 combined2 26 27 התרסקות 2 2 1 4 2 642 1
10 combined2 27 28 לכלוך 2 2 1 4 2 694 1
10 combined2 28 23 צחוק 1 2 1 4 2 1210 1
10 combined2 29 87 נעמה 2 1 1 4 2 888 1
10 combined2 30 41 פצצה 2 2 1 4 2 716 1
10 combined2 31 100 יוכבד 2 1 1 4 2 1518 1
10 combined2 32 65 עביר 1 1 1 4 2 673 1
10 combined2 33 6 לעודד 1 2 1 4 2 664 1
10 combined2 34 82 אבי 2 1 1 4 2 678 1
10 combined2 35 93 אורן 2 1 1 4 2 449 1
10 combined2 36 34 רעל 2 2 1 4 2 545 1
10 combined2 37 13 כנה 1 2 1 4 2 1034 1
10 combined2 38 50 קיא 2 2 1 4 2 920 1
10 combined2 39 51 צער 2 2 1 4 2 638 1
10 combined2 40 99 מיטל 2 1 1 4 2 608 1
10 combined2 41 54 אחמד 1 1 1 4 2 552 1
10 combined2 42 72 עבד 1 1 1 4 2 1070 1
10 combined2 43 3 בריאות 1 2 1 4 2 668 1
10 combined2 44 86 נועה 2 1 1 4 2 635 1
10 combined2 45 94 עדי 2 1 1 4 2 426 1
10 combined2 46 14 מזל 1 2 1 4 2 433 1
10 combined2 47 35 סירחון 2 2 1 4 2 513 1
10 combined2 48 76 ראינאן 1 1 1 4 2 407 1
10 combined2 49 64 סאמיחה 1 1 1 4 2 507 1
10 combined2 50 96 יפעת 2 1 1 4 2 491 1
11 combined2b 1 12 עדין 1 2 1 4 2 2807 1
11 combined2b 2 9 נאמן 1 2 1 4 2 527 1
11 combined2b 3 79 רונן 2 1 1 4 2 689 1
11 combined2b 4 5 שלום 1 2 1 4 2 564 1
11 combined2b 5 30 חולי 2 2 1 4 2 601 1
11 combined2b 6 74 סוילמאן 1 1 1 4 2 456 1
11 combined2b 7 58 איבתיסאם 1 1 1 4 2 475 1
11 combined2b 8 56 איברהים 1 1 1 4 2 357 1
11 combined2b 9 42 גירושין 2 2 1 4 2 683 1
11 combined2b 10 62 סאמיר 1 1 1 4 2 471 1
11 combined2b 11 60 עליאן 1 1 1 4 2 383 1
11 combined2b 12 57 מוסא 1 1 1 4 2 469 1
11 combined2b 13 97 אהרון 2 1 1 4 2 456 1
11 combined2b 14 21 משפחה 1 2 1 4 2 504 1
11 combined2b 15 49 רקוב 2 2 1 4 2 645 1
11 combined2b 16 29 רצח 2 2 1 4 2 564 1
11 combined2b 17 43 כלא 2 2 1 4 2 450 1
11 combined2b 18 7 חבר 1 2 1 4 2 666 1
11 combined2b 19 40 טרגדיה 2 2 1 4 2 754 1
11 combined2b 20 69 עאידה 1 1 1 4 2 628 1
11 combined2b 21 59 נור 1 1 1 4 2 611 1
11 combined2b 22 78 יאיר 2 1 1 4 2 584 1
11 combined2b 23 90 עמוס 2 1 1 4 2 425 1
11 combined2b 24 20 זריחה 1 2 1 4 2 462 1
11 combined2b 25 8 כיף 1 2 1 4 2 360 1
11 combined2b 26 80 יובל 2 1 1 4 2 688 1
11 combined2b 27 32 מוות 2 2 1 4 2 505 1
11 combined2b 28 46 סרטן 2 2 1 4 2 384 1
11 combined2b 29 81 דני 2 1 1 4 2 499 1
11 combined2b 30 11 יהלום 1 2 1 4 2 528 1
11 combined2b 31 67 האדיל 1 1 1 4 2 600 1
11 combined2b 32 55 מדחאת 1 1 1 4 2 530 1
11 combined2b 33 66 פאטימה 1 1 1 4 2 706 1
11 combined2b 34 77 סאמירה 1 1 1 4 2 326 1
11 combined2b 35 17 מתנה 1 2 1 4 2 299 2
11 combined2b 36 95 עידן 2 1 1 4 2 946 1
11 combined2b 37 73 סאלים 1 1 1 4 2 676 1
11 combined2b 38 84 שני 2 1 1 4 2 448 1
11 combined2b 39 53 מוחמד 1 1 1 4 2 528 1
11 combined2b 40 33 אבל 2 2 1 4 2 759 1
11 combined2b 41 83 משה 2 1 1 4 2 573 1
11 combined2b 42 39 זיהום 2 2 1 4 2 1195 1
11 combined2b 43 92 שמעון 2 1 1 4 2 1005 1
11 combined2b 44 36 תקיפה 2 2 1 4 2 692 1
11 combined2b 45 98 דויד 2 1 1 4 2 785 1
11 combined2b 46 19 נס 1 2 1 4 2 936 1
11 combined2b 47 63 עזיזה 1 1 1 4 2 834 1
11 combined2b 48 52 לכוד 2 2 1 4 2 618 1
11 combined2b 49 4 אהבה 1 2 1 4 2 606 1
11 combined2b 50 31 תאונה 2 2 1 4 2 1450 1
12 bw 1 1 מוחמד 1 1 0 3 1 1242 1
12 bw 2 18 תייסיר 1 1 0 3 1 738 1
12 bw 3 27 רונן 2 1 0 4 1 773 1
12 bw 4 21 סאלים 1 1 0 3 1 866 1
12 bw 5 24 ראינאן 1 1 0 3 1 1172 1
12 bw 6 15 האדיל 1 1 0 3 1 582 1
12 bw 7 23 אשראף 1 1 0 3 1 422 1
12 bw 8 47 מיטל 2 1 0 4 1 626 1
12 bw 9 45 אהרון 2 1 0 4 1 732 1
12 bw 10 49 ישראל 2 1 0 4 1 498 1
12 bw 11 16 נאדיה 1 1 0 3 1 603 1
12 bw 12 20 עבד 1 1 0 3 1 1027 1
12 bw 13 31 משה 2 1 0 4 1 1498 1
12 bw 14 43 עידן 2 1 0 4 1 469 1
12 bw 15 28 יובל 2 1 0 4 1 456 1
12 bw 16 10 סאמיר 1 1 0 3 1 985 1
12 bw 17 7 נור 1 1 0 3 1 786 1
12 bw 18 13 עביר 1 1 0 3 1 516 1
12 bw 19 25 סאמירה 1 1 0 3 1 423 1
12 bw 20 14 פאטימה 1 1 0 3 1 310 1
12 bw 21 12 סאמיחה 1 1 0 3 1 419 1
12 bw 22 32 שני 2 1 0 4 1 516 1
12 bw 23 42 עדי 2 1 0 4 1 544 1
12 bw 24 29 דני 2 1 0 4 1 359 1
12 bw 25 34 נועה 2 1 0 4 1 314 1
12 bw 26 26 יאיר 2 1 0 4 1 401 1
12 bw 27 8 עליאן 1 1 0 3 1 371 2
12 bw 28 17 עאידה 1 1 0 3 1 818 1
12 bw 29 37 יאיר 2 1 0 4 1 471 1
12 bw 30 48 יוכבד 2 1 0 4 1 652 1
12 bw 31 4 איברהים 1 1 0 3 1 428 1
12 bw 32 22 סוילמאן 1 1 0 3 1 434 1
12 bw 33 2 אחמד 1 1 0 3 1 424 2
12 bw 34 36 ערן 2 1 0 4 1 671 1
12 bw 35 5 מוסא 1 1 0 3 1 639 1
12 bw 36 39 רבקה 2 1 0 4 1 475 1
12 bw 37 41 אורן 2 1 0 4 1 1287 1
12 bw 38 3 מדחאת 1 1 0 3 1 668 1
12 bw 39 46 דויד 2 1 0 4 1 575 1
12 bw 40 40 שמעון 2 1 0 4 1 642 1
12 bw 41 38 עמוס 2 1 0 4 1 508 1
12 bw 42 33 מאיה 2 1 0 4 1 477 1
12 bw 43 9 ראפיק 1 1 0 3 1 426 2
12 bw 44 6 איבתיסאם 1 1 0 3 1 603 1
12 bw 45 50 יהודה 2 1 0 4 1 488 1
12 bw 46 35 נעמה 2 1 0 4 1 773 1
12 bw 47 11 עזיזה 1 1 0 3 1 445 2
12 bw 48 30 אבי 2 1 0 4 1 1440 2
12 bw 49 19 ראניה 1 1 0 3 1 565 2
12 bw 50 44 יפעת 2 1 0 4 1 1441 1
13 combined1 1 58 איבתיסאם 1 1 2 4 1 2459 1
13 combined1 2 27 התרסקות 2 2 2 4 1 978 1
13 combined1 3 28 לכלוך 2 2 2 4 1 778 1
13 combined1 4 48 להרוג 2 2 2 4 1 616 1
13 combined1 5 32 מוות 2 2 2 4 1 543 1
13 combined1 6 86 נועה 2 1 2 4 1 810 1
13 combined1 7 78 יאיר 2 1 2 4 1 463 1
13 combined1 8 61 ראפיק 1 1 2 4 1 723 1
13 combined1 9 99 מיטל 2 1 2 4 1 791 1
13 combined1 10 15 קשת 1 2 2 4 1 792 2
13 combined1 11 72 עבד 1 1 2 4 1 2183 1
13 combined1 12 87 נעמה 2 1 2 4 1 999 1
13 combined1 13 17 מתנה 1 2 2 4 1 589 2
13 combined1 14 6 לעודד 1 2 2 4 1 878 1
13 combined1 15 88 ערן 2 1 2 4 1 1231 1
13 combined1 16 45 מכוער 2 2 2 4 1 723 1
13 combined1 17 73 סאלים 1 1 2 4 1 1000 1
13 combined1 18 59 נור 1 1 2 4 1 829 1
13 combined1 19 54 אחמד 1 1 2 4 1 481 1
13 combined1 20 56 איברהים 1 1 2 4 1 408 1
13 combined1 21 19 נס 1 2 2 4 1 538 1
13 combined1 22 50 קיא 2 2 2 4 1 623 1
13 combined1 23 53 מוחמד 1 1 2 4 1 1524 1
13 combined1 24 7 חבר 1 2 2 4 1 642 2
13 combined1 25 81 דני 2 1 2 4 1 2032 1
13 combined1 26 42 גירושין 2 2 2 4 1 774 2
13 combined1 27 49 רקוב 2 2 2 4 1 2092 1
13 combined1 28 5 שלום 1 2 2 4 1 843 1
13 combined1 29 69 עאידה 1 1 2 4 1 1049 1
13 combined1 30 65 עביר 1 1 2 4 1 677 1
13 combined1 31 94 עדי 2 1 2 4 1 1065 1
13 combined1 32 95 עידן 2 1 2 4 1 394 1
13 combined1 33 90 עמוס 2 1 2 4 1 434 1
13 combined1 34 25 חופשה 1 2 2 4 1 620 1
13 combined1 35 67 האדיל 1 1 2 4 1 1387 1
13 combined1 36 68 נאדיה 1 1 2 4 1 517 1
13 combined1 37 34 רעל 2 2 2 4 1 707 2
13 combined1 38 80 יובל 2 1 2 4 1 2049 1
13 combined1 39 35 סירחון 2 2 2 4 1 550 1
13 combined1 40 92 שמעון 2 1 2 4 1 513 1
13 combined1 41 57 מוסא 1 1 2 4 1 481 2
13 combined1 42 36 תקיפה 2 2 2 4 1 992 1
13 combined1 43 46 סרטן 2 2 2 4 1 494 1
13 combined1 44 21 משפחה 1 2 2 4 1 644 1
13 combined1 45 18 כבוד 1 2 2 4 1 930 1
13 combined1 46 23 צחוק 1 2 2 4 1 451 1
13 combined1 47 11 יהלום 1 2 2 4 1 410 1
13 combined1 48 96 יפעת 2 1 2 4 1 434 2
13 combined1 49 47 רשע 2 2 2 4 1 2864 1
13 combined1 50 84 שני 2 1 2 4 1 682 1
14 combined1b 1 74 סוילמאן 1 1 2 4 1 1606 1
14 combined1b 2 29 רצח 2 2 2 4 1 1546 1
14 combined1b 3 79 רונן 2 1 2 4 1 975 1
14 combined1b 4 83 משה 2 1 2 4 1 404 1
14 combined1b 5 91 רבקה 2 1 2 4 1 382 1
14 combined1b 6 26 התעללות 2 2 2 4 1 648 1
14 combined1b 7 98 דויד 2 1 2 4 1 498 1
14 combined1b 8 33 אבל 2 2 2 4 1 631 1
14 combined1b 9 82 אבי 2 1 2 4 1 514 1
14 combined1b 10 85 מאיה 2 1 2 4 1 407 1
14 combined1b 11 16 הישג 1 2 2 4 1 507 2
14 combined1b 12 52 לכוד 2 2 2 4 1 1149 1
14 combined1b 13 30 חולי 2 2 2 4 1 514 1
14 combined1b 14 100 יוכבד 2 1 2 4 1 677 1
14 combined1b 15 10 תענוג 1 2 2 4 1 553 2
14 combined1b 16 41 פצצה 2 2 2 4 1 1223 2
14 combined1b 17 31 תאונה 2 2 2 4 1 760 1
14 combined1b 18 89 יאיר 2 1 2 4 1 690 1
14 combined1b 19 55 מדחאת 1 1 2 4 1 550 1
14 combined1b 20 63 עזיזה 1 1 2 4 1 514 1
14 combined1b 21 44 עוני 2 2 2 4 1 920 1
14 combined1b 22 66 פאטימה 1 1 2 4 1 544 1
14 combined1b 23 3 בריאות 1 2 2 4 1 913 1
14 combined1b 24 12 עדין 1 2 2 4 1 708 1
14 combined1b 25 77 סאמירה 1 1 2 4 1 538 1
14 combined1b 26 1 ללטף 1 2 2 4 1 548 1
14 combined1b 27 4 אהבה 1 2 2 4 1 422 1
14 combined1b 28 22 שמחה 1 2 2 4 1 400 1
14 combined1b 29 14 מזל 1 2 2 4 1 424 1
14 combined1b 30 37 אסון 2 2 2 4 1 431 2
14 combined1b 31 40 טרגדיה 2 2 2 4 1 1067 1
14 combined1b 32 51 צער 2 2 2 4 1 513 1
14 combined1b 33 43 כלא 2 2 2 4 1 437 1
14 combined1b 34 62 סאמיר 1 1 2 4 1 458 2
14 combined1b 35 75 אשראף 1 1 2 4 1 761 1
14 combined1b 36 60 עליאן 1 1 2 4 1 405 1
14 combined1b 37 13 כנה 1 2 2 4 1 1434 1
14 combined1b 38 39 זיהום 2 2 2 4 1 725 1
14 combined1b 39 71 ראניה 1 1 2 4 1 1338 1
14 combined1b 40 38 שנאה 2 2 2 4 1 814 1
14 combined1b 41 8 כיף 1 2 2 4 1 842 1
14 combined1b 42 76 ראינאן 1 1 2 4 1 987 1
14 combined1b 43 2 חופש 1 2 2 4 1 954 1
14 combined1b 44 9 נאמן 1 2 2 4 1 715 1
14 combined1b 45 97 אהרון 2 1 2 4 1 1530 1
14 combined1b 46 24 עילאי 1 2 2 4 1 1038 1
14 combined1b 47 70 תייסיר 1 1 2 4 1 985 1
14 combined1b 48 93 אורן 2 1 2 4 1 657 1
14 combined1b 49 64 סאמיחה 1 1 2 4 1 693 1
14 combined1b 50 20 זריחה 1 2 2 4 1 763 1
257 269 0
