2 wb 1 12 סאמיחה 1 1 0 3 2 3141 1
2 wb 2 2 אחמד 1 1 0 3 2 1503 1
2 wb 3 8 עליאן 1 1 0 3 2 1215 1
2 wb 4 10 סאמיר 1 1 0 3 2 978 1
2 wb 5 26 יאיר 2 1 0 4 2 1119 1
2 wb 6 48 יוכבד 2 1 0 4 2 1448 1
2 wb 7 32 שני 2 1 0 4 2 1375 1
2 wb 8 20 עבד 1 1 0 3 2 1134 1
2 wb 9 30 אבי 2 1 0 4 2 1520 1
2 wb 10 40 שמעון 2 1 0 4 2 1190 1
2 wb 11 38 עמוס 2 1 0 4 2 786 1
2 wb 12 37 יאיר 2 1 0 4 2 639 1
2 wb 13 42 עדי 2 1 0 4 2 817 1
2 wb 14 21 סאלים 1 1 0 3 2 867 1
2 wb 15 34 נועה 2 1 0 4 2 863 1
2 wb 16 41 אורן 2 1 0 4 2 664 1
2 wb 17 7 נור 1 1 0 3 2 971 1
2 wb 18 22 סוילמאן 1 1 0 3 2 738 1
2 wb 19 33 מאיה 2 1 0 4 2 688 1
2 wb 20 13 עביר 1 1 0 3 2 41 2
2 wb 21 49 ישראל 2 1 0 4 2 993 1
2 wb 22 6 איבתיסאם 1 1 0 3 2 1341 1
2 wb 23 47 מיטל 2 1 0 4 2 1419 1
2 wb 24 5 מוסא 1 1 0 3 2 873 1
2 wb 25 43 עידן 2 1 0 4 2 753 1
2 wb 26 3 מדחאת 1 1 0 3 2 816 1
2 wb 27 46 דויד 2 1 0 4 2 811 1
2 wb 28 9 ראפיק 1 1 0 3 2 782 1
2 wb 29 1 מוחמד 1 1 0 3 2 694 1
2 wb 30 15 האדיל 1 1 0 3 2 631 1
2 wb 31 24 ראינאן 1 1 0 3 2 666 1
2 wb 32 50 יהודה 2 1 0 4 2 620 1
2 wb 33 14 פאטימה 1 1 0 3 2 680 1
2 wb 34 28 יובל 2 1 0 4 2 641 1
2 wb 35 39 רבקה 2 1 0 4 2 725 1
2 wb 36 19 ראניה 1 1 0 3 2 741 1
2 wb 37 17 עאידה 1 1 0 3 2 588 1
2 wb 38 44 יפעת 2 1 0 4 2 616 1
2 wb 39 35 נעמה 2 1 0 4 2 596 1
2 wb 40 16 נאדיה 1 1 0 3 2 658 1
2 wb 41 45 אהרון 2 1 0 4 2 652 1
2 wb 42 18 תייסיר 1 1 0 3 2 694 1
2 wb 43 23 אשראף 1 1 0 3 2 589 1
2 wb 44 31 משה 2 1 0 4 2 582 1
2 wb 45 11 עזיזה 1 1 0 3 2 808 1
2 wb 46 25 סאמירה 1 1 0 3 2 708 1
2 wb 47 36 ערן 2 1 0 4 2 718 1
2 wb 48 29 דני 2 1 0 4 2 2903 1
2 wb 49 4 איברהים 1 1 0 3 2 739 1
2 wb 50 27 רונן 2 1 0 4 2 667 1
3 pu 1 4 אהבה 1 2 0 1 2 3565 1
3 pu 2 13 כנה 1 2 0 1 2 2012 2
3 pu 3 15 קשת 1 2 0 1 2 1787 1
3 pu 4 40 טרגדיה 2 2 0 2 2 1104 1
3 pu 5 2 חופש 1 2 0 1 2 1132 1
3 pu 6 30 חולי 2 2 0 2 2 807 1
3 pu 7 18 כבוד 1 2 0 1 2 1172 1
3 pu 8 37 אסון 2 2 0 2 2 1033 1
3 pu 9 24 עילאי 1 2 0 1 2 907 1
3 pu 10 34 רעל 2 2 0 2 2 1380 1
3 pu 11 42 גירושין 2 2 0 2 2 1515 1
3 pu 12 25 חופשה 1 2 0 1 2 929 1
3 pu 13 51 צער 2 2 0 2 2 1128 1
3 pu 14 27 התרסקות 2 2 0 2 2 1668 1
3 pu 15 8 כיף 1 2 0 1 2 960 1
3 pu 16 7 חבר 1 2 0 1 2 973 1
3 pu 17 31 תאונה 2 2 0 2 2 828 1
3 pu 18 28 לכלוך 2 2 0 2 2 775 1
3 pu 19 14 מזל 1 2 0 1 2 790 1
3 pu 20 21 משפחה 1 2 0 1 2 1145 1
3 pu 21 35 סירחון 2 2 0 2 2 733 1
3 pu 22 9 נאמן 1 2 0 1 2 883 1
3 pu 23 41 פצצה 2 2 0 2 2 702 1
3 pu 24 3 בריאות 1 2 0 1 2 793 1
3 pu 25 45 מכוער 2 2 0 2 2 686 1
3 pu 26 20 זריחה 1 2 0 1 2 7 2
3 pu 27 17 מתנה 1 2 0 1 2 1103 1
3 pu 28 39 זיהום 2 2 0 2 2 895 1
3 pu 29 19 נס 1 2 0 1 2 951 1
3 pu 30 29 רצח 2 2 0 2 2 765 1
3 pu 31 36 תקיפה 2 2 0 2 2 710 1
3 pu 32 46 סרטן 2 2 0 2 2 732 1
3 pu 33 52 לכוד 2 2 0 2 2 1539 2
3 pu 34 44 עוני 2 2 0 2 2 1246 1
3 pu 35 38 שנאה 2 2 0 2 2 896 1
3 pu 36 5 שלום 1 2 0 1 2 800 1
3 pu 37 49 רקוב 2 2 0 2 2 805 1
3 pu 38 26 התעללות 2 2 0 2 2 720 1
3 pu 39 11 יהלום 1 2 0 1 2 839 1
3 pu 40 43 כלא 2 2 0 2 2 741 1
3 pu 41 6 לעודד 1 2 0 1 2 1108 1
3 pu 42 1 ללטף 1 2 0 1 2 699 1
3 pu 43 16 הישג 1 2 0 1 2 1509 1
3 pu 44 50 קיא 2 2 0 2 2 1579 1
3 pu 45 22 שמחה 1 2 0 1 2 1189 1
3 pu 46 23 צחוק 1 2 0 1 2 965 1
3 pu 47 12 עדין 1 2 0 1 2 1283 1
3 pu 48 33 אבל 2 2 0 2 2 1170 1
3 pu 49 10 תענוג 1 2 0 1 2 834 1
3 pu 50 47 רשע 2 2 0 2 2 653 1
4 combined2 1 88 ערן 2 1 1 2 2 4162 1
4 combined2 2 23 צחוק 1 2 1 2 2 2144 1
4 combined2 3 1 ללטף 1 2 1 2 2 1565 2
4 combined2 4 26 התעללות 2 2 1 2 2 3551 1
4 combined2 5 49 רקוב 2 2 1 2 2 1450 1
4 combined2 6 3 בריאות 1 2 1 2 2 1078 1
4 combined2 7 56 איברהים 1 1 1 2 2 1246 1
4 combined2 8 8 כיף 1 2 1 2 2 1937 1
4 combined2 9 63 עזיזה 1 1 1 2 2 1117 1
4 combined2 10 58 איבתיסאם 1 1 1 2 2 1462 1
4 combined2 11 66 פאטימה 1 1 1 2 2 1119 1
4 combined2 12 93 אורן 2 1 1 2 2 974 1
4 combined2 13 5 שלום 1 2 1 2 2 933 1
4 combined2 14 24 עילאי 1 2 1 2 2 1123 1
4 combined2 15 48 להרוג 2 2 1 2 2 2922 1
4 combined2 16 70 תייסיר 1 1 1 2 2 1492 1
4 combined2 17 96 יפעת 2 1 1 2 2 2598 1
4 combined2 18 38 שנאה 2 2 1 2 2 1489 1
4 combined2 19 36 תקיפה 2 2 1 2 2 1036 1
4 combined2 20 43 כלא 2 2 1 2 2 723 1
4 combined2 21 100 יוכבד 2 1 1 2 2 871 1
4 combined2 22 59 נור 1 1 1 2 2 1609 1
4 combined2 23 7 חבר 1 2 1 2 2 1565 1
4 combined2 24 22 שמחה 1 2 1 2 2 1313 1
4 combined2 25 45 מכוער 2 2 1 2 2 1375 1
4 combined2 26 2 חופש 1 2 1 2 2 1319 1
4 combined2 27 15 קשת 1 2 1 2 2 973 1
4 combined2 28 34 רעל 2 2 1 2 2 11 2
4 combined2 29 30 חולי 2 2 1 2 2 907 1
4 combined2 30 69 עאידה 1 1 1 2 2 1035 1
4 combined2 31 67 האדיל 1 1 1 2 2 743 1
4 combined2 32 41 פצצה 2 2 1 2 2 998 1
4 combined2 33 80 יובל 2 1 1 2 2 1059 1
4 combined2 34 53 מוחמד 1 1 1 2 2 1077 1
4 combined2 35 44 עוני 2 2 1 2 2 1061 1
4 combined2 36 35 סירחון 2 2 1 2 2 1158 1
4 combined2 37 40 טרגדיה 2 2 1 2 2 774 1
4 combined2 38 73 סאלים 1 1 1 2 2 827 1
4 combined2 39 83 משה 2 1 1 2 2 846 1
4 combined2 40 87 נעמה 2 1 1 2 2 585 1
4 combined2 41 99 מיטל 2 1 1 2 2 39 1
4 combined2 42 68 נאדיה 1 1 1 2 2 841 1
4 combined2 43 6 לעודד 1 2 1 2 2 1246 1
4 combined2 44 42 גירושין 2 2 1 2 2 1037 1
4 combined2 45 39 זיהום 2 2 1 2 2 683 1
4 combined2 46 52 לכוד 2 2 1 2 2 788 1
4 combined2 47 74 סוילמאן 1 1 1 2 2 745 1
4 combined2 48 71 ראניה 1 1 1 2 2 701 1
4 combined2 49 86 נועה 2 1 1 2 2 737 1
4 combined2 50 33 אבל 2 2 1 2 2 1224 1
5 combined2b 1 19 נס 1 2 1 2 2 1932 1
5 combined2b 2 13 כנה 1 2 1 2 2 1307 2
5 combined2b 3 60 עליאן 1 1 1 2 2 730 1
5 combined2b 4 97 אהרון 2 1 1 2 2 723 1
5 combined2b 5 17 מתנה 1 2 1 2 2 849 1
5 combined2b 6 20 זריחה 1 2 1 2 2 765 1
5 combined2b 7 92 שמעון 2 1 1 2 2 658 1
5 combined2b 8 51 צער 2 2 1 2 2 95 2
5 combined2b 9 54 אחמד 1 1 1 2 2 675 1
5 combined2b 10 98 דויד 2 1 1 2 2 841 1
5 combined2b 11 12 עדין 1 2 1 2 2 1079 1
5 combined2b 12 84 שני 2 1 1 2 2 959 1
5 combined2b 13 65 עביר 1 1 1 2 2 756 1
5 combined2b 14 75 אשראף 1 1 1 2 2 667 1
5 combined2b 15 61 ראפיק 1 1 1 2 2 750 1
5 combined2b 16 37 אסון 2 2 1 2 2 1278 1
5 combined2b 17 81 דני 2 1 1 2 2 1023 1
5 combined2b 18 72 עבד 1 1 1 2 2 945 1
5 combined2b 19 47 רשע 2 2 1 2 2 766 1
5 combined2b 20 82 אבי 2 1 1 2 2 878 1
5 combined2b 21 64 סאמיחה 1 1 1 2 2 885 1
5 combined2b 22 28 לכלוך 2 2 1 2 2 1000 1
5 combined2b 23 91 רבקה 2 1 1 2 2 1014 1
5 combined2b 24 4 אהבה 1 2 1 2 2 751 1
5 combined2b 25 94 עדי 2 1 1 2 2 863 1
5 combined2b 26 95 עידן 2 1 1 2 2 720 1
5 combined2b 27 14 מזל 1 2 1 2 2 776 1
5 combined2b 28 85 מאיה 2 1 1 2 2 701 1
5 combined2b 29 27 התרסקות 2 2 1 2 2 837 1
5 combined2b 30 76 ראינאן 1 1 1 2 2 769 1
5 combined2b 31 11 יהלום 1 2 1 2 2 1278 1
5 combined2b 32 50 קיא 2 2 1 2 2 824 1
5 combined2b 33 9 נאמן 1 2 1 2 2 865 1
5 combined2b 34 77 סאמירה 1 1 1 2 2 781 1
5 combined2b 35 62 סאמיר 1 1 1 2 2 667 1
5 combined2b 36 57 מוסא 1 1 1 2 2 661 1
5 combined2b 37 55 מדחאת 1 1 1 2 2 685 1
5 combined2b 38 46 סרטן 2 2 1 2 2 722 1
5 combined2b 39 32 מוות 2 2 1 2 2 823 1
5 combined2b 40 79 רונן 2 1 1 2 2 804 1
5 combined2b 41 78 יאיר 2 1 1 2 2 623 1
5 combined2b 42 10 תענוג 1 2 1 2 2 675 1
5 combined2b 43 31 תאונה 2 2 1 2 2 789 1
5 combined2b 44 21 משפחה 1 2 1 2 2 795 1
5 combined2b 45 25 חופשה 1 2 1 2 2 686 1
5 combined2b 46 90 עמוס 2 1 1 2 2 632 1
5 combined2b 47 89 יאיר 2 1 1 2 2 562 1
5 combined2b 48 18 כבוד 1 2 1 2 2 553 1
5 combined2b 49 16 הישג 1 2 1 2 2 650 1
5 combined2b 50 29 רצח 2 2 1 2 2 725 1
6 bw 1 2 אחמד 1 1 0 3 1 2616 1
6 bw 2 36 ערן 2 1 0 4 1 777 1
6 bw 3 35 נעמה 2 1 0 4 1 630 1
6 bw 4 38 עמוס 2 1 0 4 1 487 1
6 bw 5 43 עידן 2 1 0 4 1 507 1
6 bw 6 12 סאמיחה 1 1 0 3 1 741 1
6 bw 7 7 נור 1 1 0 3 1 524 2
6 bw 8 3 מדחאת 1 1 0 3 1 1683 1
6 bw 9 9 ראפיק 1 1 0 3 1 785 1
6 bw 10 11 עזיזה 1 1 0 3 1 653 1
6 bw 11 31 משה 2 1 0 4 1 631 1
6 bw 12 48 יוכבד 2 1 0 4 1 560 1
6 bw 13 16 נאדיה 1 1 0 3 1 841 1
6 bw 14 40 שמעון 2 1 0 4 1 676 1
6 bw 15 18 תייסיר 1 1 0 3 1 662 1
6 bw 16 41 אורן 2 1 0 4 1 734 1
6 bw 17 27 רונן 2 1 0 4 1 567 1
6 bw 18 49 ישראל 2 1 0 4 1 533 1
6 bw 19 26 יאיר 2 1 0 4 1 534 1
6 bw 20 4 איברהים 1 1 0 3 1 651 1
6 bw 21 47 מיטל 2 1 0 4 1 1069 1
6 bw 22 5 מוסא 1 1 0 3 1 605 1
6 bw 23 22 סוילמאן 1 1 0 3 1 1068 1
6 bw 24 25 סאמירה 1 1 0 3 1 696 1
6 bw 25 34 נועה 2 1 0 4 1 685 1
6 bw 26 13 עביר 1 1 0 3 1 597 1
6 bw 27 10 סאמיר 1 1 0 3 1 655 1
6 bw 28 17 עאידה 1 1 0 3 1 600 1
6 bw 29 20 עבד 1 1 0 3 1 651 1
6 bw 30 14 פאטימה 1 1 0 3 1 626 1
6 bw 31 19 ראניה 1 1 0 3 1 609 1
6 bw 32 21 סאלים 1 1 0 3 1 573 1
6 bw 33 46 דויד 2 1 0 4 1 765 1
6 bw 34 39 רבקה 2 1 0 4 1 690 1
6 bw 35 15 האדיל 1 1 0 3 1 725 1
6 bw 36 30 אבי 2 1 0 4 1 661 1
6 bw 37 44 יפעת 2 1 0 4 1 676 1
6 bw 38 23 אשראף 1 1 0 3 1 669 1
6 bw 39 42 עדי 2 1 0 4 1 83 2
6 bw 40 33 מאיה 2 1 0 4 1 1864 1
6 bw 41 1 מוחמד 1 1 0 3 1 624 1
6 bw 42 45 אהרון 2 1 0 4 1 1030 1
6 bw 43 28 יובל 2 1 0 4 1 677 1
6 bw 44 29 דני 2 1 0 4 1 552 1
6 bw 45 37 יאיר 2 1 0 4 1 536 1
6 bw 46 24 ראינאן 1 1 0 3 1 687 1
6 bw 47 6 איבתיסאם 1 1 0 3 1 673 1
6 bw 48 50 יהודה 2 1 0 4 1 666 1
6 bw 49 32 שני 2 1 0 4 1 572 1
6 bw 50 8 עליאן 1 1 0 3 1 730 1
7 combined1 1 53 מוחמד 1 1 2 3 1 9073 1
7 combined1 2 19 נס 1 2 2 3 1 5980 1
7 combined1 3 79 רונן 2 1 2 3 1 1285 1
7 combined1 4 65 עביר 1 1 2 3 1 1351 1
7 combined1 5 70 תייסיר 1 1 2 3 1 1494 1
7 combined1 6 78 יאיר 2 1 2 3 1 1575 1
7 combined1 7 58 איבתיסאם 1 1 2 3 1 857 1
7 combined1 8 12 עדין 1 2 2 3 1 1629 1
7 combined1 9 98 דויד 2 1 2 3 1 1109 1
7 combined1 10 33 אבל 2 2 2 3 1 2941 1
7 combined1 11 18 כבוד 1 2 2 3 1 1850 1
7 combined1 12 59 נור 1 1 2 3 1 1075 1
7 combined1 13 51 צער 2 2 2 3 1 2254 1
7 combined1 14 35 סירחון 2 2 2 3 1 2393 1
7 combined1 15 37 אסון 2 2 2 3 1 693 1
7 combined1 16 38 שנאה 2 2 2 3 1 718 1
7 combined1 17 3 בריאות 1 2 2 3 1 1101 1
7 combined1 18 97 אהרון 2 1 2 3 1 996 1
7 combined1 19 7 חבר 1 2 2 3 1 928 2
7 combined1 20 87 נעמה 2 1 2 3 1 2459 1
7 combined1 21 72 עבד 1 1 2 3 1 910 1
7 combined1 22 10 תענוג 1 2 2 3 1 1309 1
7 combined1 23 94 עדי 2 1 2 3 1 1438 1
7 combined1 24 43 כלא 2 2 2 3 1 1351 1
7 combined1 25 89 יאיר 2 1 2 3 1 1277 1
7 combined1 26 21 משפחה 1 2 2 3 1 2590 1
7 combined1 27 57 מוסא 1 1 2 3 1 1216 1
7 combined1 28 20 זריחה 1 2 2 3 1 2108 1
7 combined1 29 84 שני 2 1 2 3 1 1633 2
7 combined1 30 41 פצצה 2 2 2 3 1 1697 1
7 combined1 31 61 ראפיק 1 1 2 3 1 994 1
7 combined1 32 29 רצח 2 2 2 3 1 6413 2
7 combined1 33 93 אורן 2 1 2 3 1 3631 1
7 combined1 34 85 מאיה 2 1 2 3 1 786 1
7 combined1 35 48 להרוג 2 2 2 3 1 1030 2
7 combined1 36 49 רקוב 2 2 2 3 1 3523 1
7 combined1 37 66 פאטימה 1 1 2 3 1 1617 1
7 combined1 38 64 סאמיחה 1 1 2 3 1 685 1
7 combined1 39 31 תאונה 2 2 2 3 1 1182 1
7 combined1 40 56 איברהים 1 1 2 3 1 875 1
7 combined1 41 86 נועה 2 1 2 3 1 5709 1
7 combined1 42 23 צחוק 1 2 2 3 1 1023 2
7 combined1 43 11 יהלום 1 2 2 3 1 1165 2
7 combined1 44 54 אחמד 1 1 2 3 1 1111 1
7 combined1 45 74 סוילמאן 1 1 2 3 1 790 1
7 combined1 46 36 תקיפה 2 2 2 3 1 8272 1
7 combined1 47 16 הישג 1 2 2 3 1 1335 1
7 combined1 48 69 עאידה 1 1 2 3 1 1710 1
7 combined1 49 90 עמוס 2 1 2 3 1 1270 1
7 combined1 50 92 שמעון 2 1 2 3 1 1557 1
8 combined1b 1 68 נאדיה 1 1 2 3 1 4382 1
8 combined1b 2 32 מוות 2 2 2 3 1 1583 1
8 combined1b 3 81 דני 2 1 2 3 1 1413 1
8 combined1b 4 40 טרגדיה 2 2 2 3 1 1885 1
8 combined1b 5 100 יוכבד 2 1 2 3 1 726 1
8 combined1b 6 76 ראינאן 1 1 2 3 1 1094 1
8 combined1b 7 46 סרטן 2 2 2 3 1 1128 1
8 combined1b 8 28 לכלוך 2 2 2 3 1 708 1
8 combined1b 9 67 האדיל 1 1 2 3 1 886 1
8 combined1b 10 5 שלום 1 2 2 3 1 2096 2
8 combined1b 11 17 מתנה 1 2 2 3 1 4777 1
8 combined1b 12 71 ראניה 1 1 2 3 1 1075 1
8 combined1b 13 77 סאמירה 1 1 2 3 1 973 1
8 combined1b 14 26 התעללות 2 2 2 3 1 890 1
8 combined1b 15 60 עליאן 1 1 2 3 1 1299 1
8 combined1b 16 99 מיטל 2 1 2 3 1 1538 1
8 combined1b 17 24 עילאי 1 2 2 3 1 859 2
8 combined1b 18 8 כיף 1 2 2 3 1 3607 1
8 combined1b 19 13 כנה 1 2 2 3 1 1865 2
8 combined1b 20 96 יפעת 2 1 2 3 1 5029 1
8 combined1b 21 52 לכוד 2 2 2 3 1 1243 1
8 combined1b 22 83 משה 2 1 2 3 1 1462 1
8 combined1b 23 25 חופשה 1 2 2 3 1 1856 1
8 combined1b 24 62 סאמיר 1 1 2 3 1 1683 1
8 combined1b 25 91 רבקה 2 1 2 3 1 1671 1
8 combined1b 26 88 ערן 2 1 2 3 1 1249 1
8 combined1b 27 47 רשע 2 2 2 3 1 5238 1
8 combined1b 28 9 נאמן 1 2 2 3 1 2229 1
8 combined1b 29 75 אשראף 1 1 2 3 1 919 1
8 combined1b 30 34 רעל 2 2 2 3 1 4253 1
8 combined1b 31 4 אהבה 1 2 2 3 1 3661 2
8 combined1b 32 30 חולי 2 2 2 3 1 2871 2
8 combined1b 33 42 גירושין 2 2 2 3 1 1473 1
8 combined1b 34 22 שמחה 1 2 2 3 1 2081 1
8 combined1b 35 1 ללטף 1 2 2 3 1 1106 1
8 combined1b 36 2 חופש 1 2 2 3 1 1780 1
8 combined1b 37 39 זיהום 2 2 2 3 1 855 1
8 combined1b 38 14 מזל 1 2 2 3 1 2514 1
8 combined1b 39 80 יובל 2 1 2 3 1 1336 1
8 combined1b 40 63 עזיזה 1 1 2 3 1 1415 1
8 combined1b 41 73 סאלים 1 1 2 3 1 929 1
8 combined1b 42 95 עידן 2 1 2 3 1 1794 1
8 combined1b 43 15 קשת 1 2 2 3 1 1502 1
8 combined1b 44 82 אבי 2 1 2 3 1 1406 1
8 combined1b 45 45 מכוער 2 2 2 3 1 1554 1
8 combined1b 46 44 עוני 2 2 2 3 1 1238 1
8 combined1b 47 50 קיא 2 2 2 3 1 906 1
8 combined1b 48 27 התרסקות 2 2 2 3 1 2290 1
8 combined1b 49 55 מדחאת 1 1 2 3 1 1185 1
8 combined1b 50 6 לעודד 1 2 2 3 1 1530 2
9 bw 1 12 סאמיחה 1 1 0 3 1 2629 1
9 bw 2 10 סאמיר 1 1 0 3 1 755 1
9 bw 3 46 דויד 2 1 0 4 1 737 1
9 bw 4 15 האדיל 1 1 0 3 1 761 1
9 bw 5 50 יהודה 2 1 0 4 1 717 1
9 bw 6 5 מוסא 1 1 0 3 1 695 1
9 bw 7 35 נעמה 2 1 0 4 1 880 1
9 bw 8 36 ערן 2 1 0 4 1 744 1
9 bw 9 4 איברהים 1 1 0 3 1 687 1
9 bw 10 16 נאדיה 1 1 0 3 1 761 1
9 bw 11 20 עבד 1 1 0 3 1 846 1
9 bw 12 34 נועה 2 1 0 4 1 41 2
9 bw 13 17 עאידה 1 1 0 3 1 864 1
9 bw 14 6 איבתיסאם 1 1 0 3 1 627 1
9 bw 15 28 יובל 2 1 0 4 1 847 1
9 bw 16 49 ישראל 2 1 0 4 1 713 1
9 bw 17 30 אבי 2 1 0 4 1 809 1
9 bw 18 23 אשראף 1 1 0 3 1 783 1
9 bw 19 7 נור 1 1 0 3 1 2116 1
9 bw 20 31 משה 2 1 0 4 1 772 1
9 bw 21 8 עליאן 1 1 0 3 1 938 1
9 bw 22 48 יוכבד 2 1 0 4 1 848 1
9 bw 23 44 יפעת 2 1 0 4 1 738 1
9 bw 24 40 שמעון 2 1 0 4 1 689 1
9 bw 25 2 אחמד 1 1 0 3 1 844 1
9 bw 26 38 עמוס 2 1 0 4 1 872 1
9 bw 27 24 ראינאן 1 1 0 3 1 696 1
9 bw 28 33 מאיה 2 1 0 4 1 781 1
9 bw 29 11 עזיזה 1 1 0 3 1 742 2
9 bw 30 9 ראפיק 1 1 0 3 1 1158 1
9 bw 31 32 שני 2 1 0 4 1 758 1
9 bw 32 25 סאמירה 1 1 0 3 1 964 1
9 bw 33 21 סאלים 1 1 0 3 1 665 1
9 bw 34 43 עידן 2 1 0 4 1 669 1
9 bw 35 22 סוילמאן 1 1 0 3 1 615 1
9 bw 36 47 מיטל 2 1 0 4 1 1144 1
9 bw 37 14 פאטימה 1 1 0 3 1 705 1
9 bw 38 13 עביר 1 1 0 3 1 760 1
9 bw 39 45 אהרון 2 1 0 4 1 676 1
9 bw 40 41 אורן 2 1 0 4 1 641 1
9 bw 41 26 יאיר 2 1 0 4 1 700 1
9 bw 42 1 מוחמד 1 1 0 3 1 741 1
9 bw 43 19 ראניה 1 1 0 3 1 692 1
9 bw 44 18 תייסיר 1 1 0 3 1 1031 1
9 bw 45 29 דני 2 1 0 4 1 8 2
9 bw 46 39 רבקה 2 1 0 4 1 704 1
9 bw 47 27 רונן 2 1 0 4 1 1074 1
9 bw 48 3 מדחאת 1 1 0 3 1 658 1
9 bw 49 42 עדי 2 1 0 4 1 869 1
9 bw 50 37 יאיר 2 1 0 4 1 598 1
10 combined1 1 54 אחמד 1 1 2 4 1 2702 1
10 combined1 2 68 נאדיה 1 1 2 4 1 845 1
10 combined1 3 75 אשראף 1 1 2 4 1 910 1
10 combined1 4 92 שמעון 2 1 2 4 1 1822 1
10 combined1 5 42 גירושין 2 2 2 4 1 3058 2
10 combined1 6 86 נועה 2 1 2 4 1 738 1
10 combined1 7 88 ערן 2 1 2 4 1 712 1
10 combined1 8 34 רעל 2 2 2 4 1 932 2
10 combined1 9 90 עמוס 2 1 2 4 1 908 1
10 combined1 10 59 נור 1 1 2 4 1 919 1
10 combined1 11 21 משפחה 1 2 2 4 1 942 2
10 combined1 12 52 לכוד 2 2 2 4 1 1637 1
10 combined1 13 73 סאלים 1 1 2 4 1 1124 1
10 combined1 14 33 אבל 2 2 2 4 1 1563 1
10 combined1 15 91 רבקה 2 1 2 4 1 1325 1
10 combined1 16 61 ראפיק 1 1 2 4 1 1078 1
10 combined1 17 100 יוכבד 2 1 2 4 1 1997 2
10 combined1 18 58 איבתיסאם 1 1 2 4 1 1448 1
10 combined1 19 8 כיף 1 2 2 4 1 1274 1
10 combined1 20 97 אהרון 2 1 2 4 1 2354 1
10 combined1 21 47 רשע 2 2 2 4 1 1215 2
10 combined1 22 81 דני 2 1 2 4 1 1301 1
10 combined1 23 35 סירחון 2 2 2 4 1 1790 1
10 combined1 24 70 תייסיר 1 1 2 4 1 1594 1
10 combined1 25 16 הישג 1 2 2 4 1 1879 1
10 combined1 26 43 כלא 2 2 2 4 1 1407 1
10 combined1 27 65 עביר 1 1 2 4 1 1162 1
10 combined1 28 18 כבוד 1 2 2 4 1 1422 1
10 combined1 29 4 אהבה 1 2 2 4 1 935 1
10 combined1 30 57 מוסא 1 1 2 4 1 2240 1
10 combined1 31 9 נאמן 1 2 2 4 1 1605 1
10 combined1 32 76 ראינאן 1 1 2 4 1 2128 1
10 combined1 33 84 שני 2 1 2 4 1 6358 1
10 combined1 34 28 לכלוך 2 2 2 4 1 1340 1
10 combined1 35 94 עדי 2 1 2 4 1 1838 1
10 combined1 36 31 תאונה 2 2 2 4 1 5559 1
10 combined1 37 49 רקוב 2 2 2 4 1 3255 1
10 combined1 38 25 חופשה 1 2 2 4 1 6552 1
10 combined1 39 67 האדיל 1 1 2 4 1 1550 1
10 combined1 40 87 נעמה 2 1 2 4 1 2912 1
10 combined1 41 38 שנאה 2 2 2 4 1 1485 2
10 combined1 42 12 עדין 1 2 2 4 1 3806 2
10 combined1 43 10 תענוג 1 2 2 4 1 1522 1
10 combined1 44 17 מתנה 1 2 2 4 1 9294 1
10 combined1 45 74 סוילמאן 1 1 2 4 1 1229 1
10 combined1 46 72 עבד 1 1 2 4 1 2183 1
10 combined1 47 39 זיהום 2 2 2 4 1 1468 1
10 combined1 48 27 התרסקות 2 2 2 4 1 1797 1
10 combined1 49 44 עוני 2 2 2 4 1 1047 1
10 combined1 50 14 מזל 1 2 2 4 1 7187 2
11 combined1b 1 1 ללטף 1 2 2 4 1 1292 2
11 combined1b 2 53 מוחמד 1 1 2 4 1 154 2
11 combined1b 3 36 תקיפה 2 2 2 4 1 156 1
11 combined1b 4 24 עילאי 1 2 2 4 1 101 2
11 combined1b 5 77 סאמירה 1 1 2 4 1 295 1
11 combined1b 6 89 יאיר 2 1 2 4 1 115 2
11 combined1b 7 37 אסון 2 2 2 4 1 4054 2
11 combined1b 8 40 טרגדיה 2 2 2 4 1 1274 2
11 combined1b 9 3 בריאות 1 2 2 4 1 1147 1
11 combined1b 10 7 חבר 1 2 2 4 1 1683 2
11 combined1b 11 19 נס 1 2 2 4 1 1238 1
11 combined1b 12 13 כנה 1 2 2 4 1 1780 1
11 combined1b 13 82 אבי 2 1 2 4 1 1223 1
11 combined1b 14 48 להרוג 2 2 2 4 1 2027 1
11 combined1b 15 95 עידן 2 1 2 4 1 1685 1
11 combined1b 16 99 מיטל 2 1 2 4 1 1113 1
11 combined1b 17 64 סאמיחה 1 1 2 4 1 1084 1
11 combined1b 18 11 יהלום 1 2 2 4 1 1915 1
11 combined1b 19 66 פאטימה 1 1 2 4 1 1181 1
11 combined1b 20 69 עאידה 1 1 2 4 1 1098 1
11 combined1b 21 96 יפעת 2 1 2 4 1 1250 1
11 combined1b 22 41 פצצה 2 2 2 4 1 4 1
11 combined1b 23 51 צער 2 2 2 4 1 2456 1
11 combined1b 24 93 אורן 2 1 2 4 1 2242 1
11 combined1b 25 30 חולי 2 2 2 4 1 8947 1
11 combined1b 26 32 מוות 2 2 2 4 1 1851 2
11 combined1b 27 79 רונן 2 1 2 4 1 2229 1
11 combined1b 28 15 קשת 1 2 2 4 1 917 2
11 combined1b 29 55 מדחאת 1 1 2 4 1 1220 1
11 combined1b 30 62 סאמיר 1 1 2 4 1 759 1
11 combined1b 31 2 חופש 1 2 2 4 1 1622 2
11 combined1b 32 20 זריחה 1 2 2 4 1 2234 1
11 combined1b 33 78 יאיר 2 1 2 4 1 1005 1
11 combined1b 34 98 דויד 2 1 2 4 1 920 1
11 combined1b 35 85 מאיה 2 1 2 4 1 761 1
11 combined1b 36 26 התעללות 2 2 2 4 1 3688 1
11 combined1b 37 5 שלום 1 2 2 4 1 1572 1
11 combined1b 38 46 סרטן 2 2 2 4 1 1264 1
11 combined1b 39 56 איברהים 1 1 2 4 1 1107 1
11 combined1b 40 80 יובל 2 1 2 4 1 1227 1
11 combined1b 41 83 משה 2 1 2 4 1 14 1
11 combined1b 42 50 קיא 2 2 2 4 1 2658 1
11 combined1b 43 45 מכוער 2 2 2 4 1 1588 1
11 combined1b 44 23 צחוק 1 2 2 4 1 1482 1
11 combined1b 45 6 לעודד 1 2 2 4 1 4721 1
11 combined1b 46 22 שמחה 1 2 2 4 1 1024 1
11 combined1b 47 63 עזיזה 1 1 2 4 1 1442 1
11 combined1b 48 60 עליאן 1 1 2 4 1 3657 1
11 combined1b 49 71 ראניה 1 1 2 4 1 1137 1
11 combined1b 50 29 רצח 2 2 2 4 1 1232 1
12 wb 1 35 נעמה 2 1 0 4 2 771 1
12 wb 2 12 סאמיחה 1 1 0 3 2 0 2
12 wb 3 31 משה 2 1 0 4 2 469 2
12 wb 4 2 אחמד 1 1 0 3 2 356 1
12 wb 5 39 רבקה 2 1 0 4 2 363 2
12 wb 6 30 אבי 2 1 0 4 2 116 2
12 wb 7 1 מוחמד 1 1 0 3 2 2360 2
12 wb 8 9 ראפיק 1 1 0 3 2 551 1
12 wb 9 5 מוסא 1 1 0 3 2 385 1
12 wb 10 27 רונן 2 1 0 4 2 318 2
12 wb 11 22 סוילמאן 1 1 0 3 2 496 1
12 wb 12 36 ערן 2 1 0 4 2 320 2
12 wb 13 41 אורן 2 1 0 4 2 84 1
12 wb 14 38 עמוס 2 1 0 4 2 215 1
12 wb 15 23 אשראף 1 1 0 3 2 171 2
12 wb 16 32 שני 2 1 0 4 2 465 2
12 wb 17 11 עזיזה 1 1 0 3 2 314 2
12 wb 18 50 יהודה 2 1 0 4 2 543 2
12 wb 19 37 יאיר 2 1 0 4 2 408 2
12 wb 20 45 אהרון 2 1 0 4 2 3 1
12 wb 21 10 סאמיר 1 1 0 3 2 807 1
12 wb 22 29 דני 2 1 0 4 2 1426 1
12 wb 23 21 סאלים 1 1 0 3 2 1015 1
12 wb 24 15 האדיל 1 1 0 3 2 771 1
12 wb 25 34 נועה 2 1 0 4 2 857 1
12 wb 26 43 עידן 2 1 0 4 2 691 1
12 wb 27 6 איבתיסאם 1 1 0 3 2 1675 1
12 wb 28 18 תייסיר 1 1 0 3 2 941 1
12 wb 29 48 יוכבד 2 1 0 4 2 1324 1
12 wb 30 13 עביר 1 1 0 3 2 1307 1
12 wb 31 28 יובל 2 1 0 4 2 3439 1
12 wb 32 25 סאמירה 1 1 0 3 2 1083 1
12 wb 33 49 ישראל 2 1 0 4 2 930 1
12 wb 34 42 עדי 2 1 0 4 2 1251 1
12 wb 35 17 עאידה 1 1 0 3 2 1070 1
12 wb 36 14 פאטימה 1 1 0 3 2 816 1
12 wb 37 19 ראניה 1 1 0 3 2 739 1
12 wb 38 44 יפעת 2 1 0 4 2 810 1
12 wb 39 7 נור 1 1 0 3 2 1230 1
12 wb 40 3 מדחאת 1 1 0 3 2 5592 1
12 wb 41 16 נאדיה 1 1 0 3 2 675 1
12 wb 42 8 עליאן 1 1 0 3 2 572 1
12 wb 43 47 מיטל 2 1 0 4 2 538 2
12 wb 44 20 עבד 1 1 0 3 2 843 1
12 wb 45 4 איברהים 1 1 0 3 2 629 1
12 wb 46 24 ראינאן 1 1 0 3 2 602 1
12 wb 47 40 שמעון 2 1 0 4 2 813 1
12 wb 48 26 יאיר 2 1 0 4 2 755 1
12 wb 49 46 דויד 2 1 0 4 2 794 1
12 wb 50 33 מאיה 2 1 0 4 2 607 1
13 combined2 1 65 עביר 1 1 1 4 2 696 1
13 combined2 2 89 יאיר 2 1 1 4 2 175 2
13 combined2 3 4 אהבה 1 2 1 4 2 178 2
13 combined2 4 11 יהלום 1 2 1 4 2 34 2
13 combined2 5 21 משפחה 1 2 1 4 2 24 2
13 combined2 6 45 מכוער 2 2 1 4 2 33 1
13 combined2 7 94 עדי 2 1 1 4 2 145 2
13 combined2 8 43 כלא 2 2 1 4 2 369 1
13 combined2 9 22 שמחה 1 2 1 4 2 150 2
13 combined2 10 87 נעמה 2 1 1 4 2 225 2
13 combined2 11 75 אשראף 1 1 1 4 2 255 1
13 combined2 12 79 רונן 2 1 1 4 2 5016 1
13 combined2 13 29 רצח 2 2 1 4 2 443 2
13 combined2 14 47 רשע 2 2 1 4 2 178 1
13 combined2 15 96 יפעת 2 1 1 4 2 455 1
13 combined2 16 14 מזל 1 2 1 4 2 348 2
13 combined2 17 97 אהרון 2 1 1 4 2 78 1
13 combined2 18 30 חולי 2 2 1 4 2 373 2
13 combined2 19 15 קשת 1 2 1 4 2 137 1
13 combined2 20 92 שמעון 2 1 1 4 2 363 1
13 combined2 21 81 דני 2 1 1 4 2 351 1
13 combined2 22 95 עידן 2 1 1 4 2 344 1
13 combined2 23 61 ראפיק 1 1 1 4 2 312 2
13 combined2 24 41 פצצה 2 2 1 4 2 690 1
13 combined2 25 83 משה 2 1 1 4 2 924 1
13 combined2 26 25 חופשה 1 2 1 4 2 5997 1
13 combined2 27 73 סאלים 1 1 1 4 2 750 1
13 combined2 28 44 עוני 2 2 1 4 2 899 1
13 combined2 29 20 זריחה 1 2 1 4 2 1377 1
13 combined2 30 74 סוילמאן 1 1 1 4 2 1269 1
13 combined2 31 52 לכוד 2 2 1 4 2 2338 1
13 combined2 32 62 סאמיר 1 1 1 4 2 1190 1
13 combined2 33 55 מדחאת 1 1 1 4 2 907 1
13 combined2 34 37 אסון 2 2 1 4 2 1165 1
13 combined2 35 51 צער 2 2 1 4 2 759 1
13 combined2 36 19 נס 1 2 1 4 2 859 1
13 combined2 37 36 תקיפה 2 2 1 4 2 1200 1
13 combined2 38 88 ערן 2 1 1 4 2 2721 1
13 combined2 39 39 זיהום 2 2 1 4 2 1356 1
13 combined2 40 53 מוחמד 1 1 1 4 2 3090 1
13 combined2 41 35 סירחון 2 2 1 4 2 840 1
13 combined2 42 63 עזיזה 1 1 1 4 2 852 1
13 combined2 43 70 תייסיר 1 1 1 4 2 662 1
13 combined2 44 6 לעודד 1 2 1 4 2 903 2
13 combined2 45 34 רעל 2 2 1 4 2 962 1
13 combined2 46 60 עליאן 1 1 1 4 2 900 1
13 combined2 47 2 חופש 1 2 1 4 2 2857 1
13 combined2 48 3 בריאות 1 2 1 4 2 737 1
13 combined2 49 28 לכלוך 2 2 1 4 2 1238 1
13 combined2 50 93 אורן 2 1 1 4 2 1972 1
14 combined2b 1 10 תענוג 1 2 1 4 2 7446 1
14 combined2b 2 46 סרטן 2 2 1 4 2 729 1
14 combined2b 3 8 כיף 1 2 1 4 2 761 1
14 combined2b 4 27 התרסקות 2 2 1 4 2 1567 1
14 combined2b 5 77 סאמירה 1 1 1 4 2 565 1
14 combined2b 6 23 צחוק 1 2 1 4 2 665 1
14 combined2b 7 50 קיא 2 2 1 4 2 1307 1
14 combined2b 8 84 שני 2 1 1 4 2 694 1
14 combined2b 9 16 הישג 1 2 1 4 2 1503 1
14 combined2b 10 18 כבוד 1 2 1 4 2 798 1
14 combined2b 11 100 יוכבד 2 1 1 4 2 1873 1
14 combined2b 12 26 התעללות 2 2 1 4 2 2243 1
14 combined2b 13 78 יאיר 2 1 1 4 2 2148 1
14 combined2b 14 49 רקוב 2 2 1 4 2 865 1
14 combined2b 15 98 דויד 2 1 1 4 2 820 1
14 combined2b 16 5 שלום 1 2 1 4 2 6176 2
14 combined2b 17 90 עמוס 2 1 1 4 2 6891 1
14 combined2b 18 56 איברהים 1 1 1 4 2 1198 1
14 combined2b 19 24 עילאי 1 2 1 4 2 1555 1
14 combined2b 20 69 עאידה 1 1 1 4 2 9556 1
14 combined2b 21 71 ראניה 1 1 1 4 2 763 1
14 combined2b 22 48 להרוג 2 2 1 4 2 677 1
14 combined2b 23 57 מוסא 1 1 1 4 2 645 1
14 combined2b 24 82 אבי 2 1 1 4 2 1327 1
14 combined2b 25 12 עדין 1 2 1 4 2 4818 1
14 combined2b 26 86 נועה 2 1 1 4 2 1117 1
14 combined2b 27 38 שנאה 2 2 1 4 2 7840 1
14 combined2b 28 17 מתנה 1 2 1 4 2 947 1
14 combined2b 29 68 נאדיה 1 1 1 4 2 954 1
14 combined2b 30 85 מאיה 2 1 1 4 2 1226 1
14 combined2b 31 91 רבקה 2 1 1 4 2 763 1
14 combined2b 32 80 יובל 2 1 1 4 2 1114 1
14 combined2b 33 64 סאמיחה 1 1 1 4 2 842 1
14 combined2b 34 66 פאטימה 1 1 1 4 2 1126 1
14 combined2b 35 42 גירושין 2 2 1 4 2 821 1
14 combined2b 36 40 טרגדיה 2 2 1 4 2 698 1
14 combined2b 37 59 נור 1 1 1 4 2 938 1
14 combined2b 38 67 האדיל 1 1 1 4 2 673 1
14 combined2b 39 31 תאונה 2 2 1 4 2 707 1
14 combined2b 40 99 מיטל 2 1 1 4 2 754 1
14 combined2b 41 76 ראינאן 1 1 1 4 2 718 1
14 combined2b 42 58 איבתיסאם 1 1 1 4 2 903 1
14 combined2b 43 72 עבד 1 1 1 4 2 734 1
14 combined2b 44 13 כנה 1 2 1 4 2 615 2
14 combined2b 45 7 חבר 1 2 1 4 2 773 1
14 combined2b 46 33 אבל 2 2 1 4 2 894 1
14 combined2b 47 32 מוות 2 2 1 4 2 590 1
14 combined2b 48 9 נאמן 1 2 1 4 2 1186 1
14 combined2b 49 54 אחמד 1 1 1 4 2 1109 1
14 combined2b 50 1 ללטף 1 2 1 4 2 1269 2
424 660 5
