2 bw 1 7 נור 1 1 0 3 1 10000 3
2 bw 2 14 פאטימה 1 1 0 3 1 1718 1
2 bw 3 32 שני 2 1 0 4 1 2379 1
2 bw 4 34 נועה 2 1 0 4 1 2445 1
2 bw 5 22 סוילמאן 1 1 0 3 1 3417 1
2 bw 6 36 ערן 2 1 0 4 1 1669 1
2 bw 7 44 יפעת 2 1 0 4 1 1817 1
2 bw 8 26 יאיר 2 1 0 4 1 2084 1
2 bw 9 16 נאדיה 1 1 0 3 1 3040 2
2 bw 10 49 ישראל 2 1 0 4 1 1950 1
2 bw 11 5 מוסא 1 1 0 3 1 1256 1
2 bw 12 47 מיטל 2 1 0 4 1 1141 1
2 bw 13 19 ראניה 1 1 0 3 1 1913 1
2 bw 14 37 יאיר 2 1 0 4 1 964 1
2 bw 15 38 עמוס 2 1 0 4 1 1189 1
2 bw 16 9 ראפיק 1 1 0 3 1 1097 1
2 bw 17 21 סאלים 1 1 0 3 1 1048 1
2 bw 18 42 עדי 2 1 0 4 1 1032 1
2 bw 19 6 איבתיסאם 1 1 0 3 1 1118 1
2 bw 20 30 אבי 2 1 0 4 1 1386 1
2 bw 21 13 עביר 1 1 0 3 1 1254 1
2 bw 22 18 תייסיר 1 1 0 3 1 1014 1
2 bw 23 43 עידן 2 1 0 4 1 1103 1
2 bw 24 17 עאידה 1 1 0 3 1 1266 1
2 bw 25 12 סאמיחה 1 1 0 3 1 1241 1
2 bw 26 23 אשראף 1 1 0 3 1 1002 1
2 bw 27 27 רונן 2 1 0 4 1 1238 1
2 bw 28 33 מאיה 2 1 0 4 1 1387 1
2 bw 29 46 דויד 2 1 0 4 1 680 1
2 bw 30 39 רבקה 2 1 0 4 1 878 1
2 bw 31 2 אחמד 1 1 0 3 1 1078 1
2 bw 32 15 האדיל 1 1 0 3 1 1274 1
2 bw 33 20 עבד 1 1 0 3 1 917 2
2 bw 34 29 דני 2 1 0 4 1 2125 1
2 bw 35 11 עזיזה 1 1 0 3 1 1052 1
2 bw 36 50 יהודה 2 1 0 4 1 1270 1
2 bw 37 25 סאמירה 1 1 0 3 1 1068 1
2 bw 38 40 שמעון 2 1 0 4 1 999 1
2 bw 39 24 ראינאן 1 1 0 3 1 1043 1
2 bw 40 45 אהרון 2 1 0 4 1 1060 1
2 bw 41 35 נעמה 2 1 0 4 1 1098 1
2 bw 42 8 עליאן 1 1 0 3 1 1802 1
2 bw 43 10 סאמיר 1 1 0 3 1 1452 1
2 bw 44 48 יוכבד 2 1 0 4 1 1513 1
2 bw 45 1 מוחמד 1 1 0 3 1 976 1
2 bw 46 4 איברהים 1 1 0 3 1 937 1
2 bw 47 3 מדחאת 1 1 0 3 1 770 1
2 bw 48 28 יובל 2 1 0 4 1 962 1
2 bw 49 41 אורן 2 1 0 4 1 957 1
2 bw 50 31 משה 2 1 0 4 1 861 1
3 pu 1 27 התרסקות 2 2 0 2 1 4146 1
3 pu 2 36 תקיפה 2 2 0 2 1 1253 1
3 pu 3 29 רצח 2 2 0 2 1 1170 1
3 pu 4 23 צחוק 1 2 0 1 1 912 1
3 pu 5 45 מכוער 2 2 0 2 1 1860 2
3 pu 6 51 צער 2 2 0 2 1 1103 1
3 pu 7 44 עוני 2 2 0 2 1 3982 1
3 pu 8 17 מתנה 1 2 0 1 1 1402 1
3 pu 9 39 זיהום 2 2 0 2 1 913 1
3 pu 10 41 פצצה 2 2 0 2 1 1153 1
3 pu 11 26 התעללות 2 2 0 2 1 1356 1
3 pu 12 50 קיא 2 2 0 2 1 1206 1
3 pu 13 7 חבר 1 2 0 1 1 1154 1
3 pu 14 34 רעל 2 2 0 2 1 1561 1
3 pu 15 18 כבוד 1 2 0 1 1 1275 1
3 pu 16 33 אבל 2 2 0 2 1 1560 1
3 pu 17 40 טרגדיה 2 2 0 2 1 906 1
3 pu 18 1 ללטף 1 2 0 1 1 1357 1
3 pu 19 46 סרטן 2 2 0 2 1 1239 2
3 pu 20 43 כלא 2 2 0 2 1 1665 1
3 pu 21 10 תענוג 1 2 0 1 1 1493 1
3 pu 22 42 גירושין 2 2 0 2 1 2460 1
3 pu 23 48 להרוג 2 2 0 2 1 846 1
3 pu 24 47 רשע 2 2 0 2 1 646 1
3 pu 25 6 לעודד 1 2 0 1 1 830 1
3 pu 26 15 קשת 1 2 0 1 1 2547 1
3 pu 27 12 עדין 1 2 0 1 1 911 1
3 pu 28 31 תאונה 2 2 0 2 1 751 1
3 pu 29 13 כנה 1 2 0 1 1 824 2
3 pu 30 24 עילאי 1 2 0 1 1 1513 1
3 pu 31 22 שמחה 1 2 0 1 1 871 1
3 pu 32 4 אהבה 1 2 0 1 1 511 1
3 pu 33 3 בריאות 1 2 0 1 1 530 1
3 pu 34 28 לכלוך 2 2 0 2 1 432 2
3 pu 35 52 לכוד 2 2 0 2 1 2031 1
3 pu 36 38 שנאה 2 2 0 2 1 888 1
3 pu 37 8 כיף 1 2 0 1 1 724 1
3 pu 38 32 מוות 2 2 0 2 1 764 1
3 pu 39 11 יהלום 1 2 0 1 1 1755 1
3 pu 40 5 שלום 1 2 0 1 1 3722 1
3 pu 41 35 סירחון 2 2 0 2 1 695 1
3 pu 42 20 זריחה 1 2 0 1 1 1785 1
3 pu 43 14 מזל 1 2 0 1 1 838 1
3 pu 44 49 רקוב 2 2 0 2 1 770 1
3 pu 45 2 חופש 1 2 0 1 1 736 1
3 pu 46 30 חולי 2 2 0 2 1 1022 1
3 pu 47 25 חופשה 1 2 0 1 1 695 1
3 pu 48 9 נאמן 1 2 0 1 1 926 1
3 pu 49 19 נס 1 2 0 1 1 846 1
3 pu 50 37 אסון 2 2 0 2 1 1716 1
4 combined1 1 45 מכוער 2 2 2 2 1 3114 1
4 combined1 2 52 לכוד 2 2 2 2 1 2171 1
4 combined1 3 81 דני 2 1 2 2 1 6758 1
4 combined1 4 25 חופשה 1 2 2 2 1 2997 1
4 combined1 5 50 קיא 2 2 2 2 1 779 1
4 combined1 6 27 התרסקות 2 2 2 2 1 816 1
4 combined1 7 91 רבקה 2 1 2 2 1 829 2
4 combined1 8 38 שנאה 2 2 2 2 1 1863 1
4 combined1 9 53 מוחמד 1 1 2 2 1 1721 2
4 combined1 10 26 התעללות 2 2 2 2 1 1011 2
4 combined1 11 90 עמוס 2 1 2 2 1 2775 1
4 combined1 12 74 סוילמאן 1 1 2 2 1 826 1
4 combined1 13 29 רצח 2 2 2 2 1 701 2
4 combined1 14 83 משה 2 1 2 2 1 10000 3
4 combined1 15 59 נור 1 1 2 2 1 4038 1
4 combined1 16 76 ראינאן 1 1 2 2 1 1745 1
4 combined1 17 32 מוות 2 2 2 2 1 2144 1
4 combined1 18 44 עוני 2 2 2 2 1 1400 1
4 combined1 19 56 איברהים 1 1 2 2 1 765 1
4 combined1 20 31 תאונה 2 2 2 2 1 932 1
4 combined1 21 9 נאמן 1 2 2 2 1 725 1
4 combined1 22 47 רשע 2 2 2 2 1 437 2
4 combined1 23 22 שמחה 1 2 2 2 1 683 2
4 combined1 24 7 חבר 1 2 2 2 1 1465 1
4 combined1 25 4 אהבה 1 2 2 2 1 823 1
4 combined1 26 80 יובל 2 1 2 2 1 729 2
4 combined1 27 75 אשראף 1 1 2 2 1 1906 2
4 combined1 28 17 מתנה 1 2 2 2 1 9457 2
4 combined1 29 30 חולי 2 2 2 2 1 2381 1
4 combined1 30 87 נעמה 2 1 2 2 1 3554 1
4 combined1 31 94 עדי 2 1 2 2 1 7261 1
4 combined1 32 11 יהלום 1 2 2 2 1 1049 1
4 combined1 33 57 מוסא 1 1 2 2 1 2776 1
4 combined1 34 19 נס 1 2 2 2 1 2796 1
4 combined1 35 93 אורן 2 1 2 2 1 2507 1
4 combined1 36 69 עאידה 1 1 2 2 1 1777 1
4 combined1 37 72 עבד 1 1 2 2 1 2495 1
4 combined1 38 70 תייסיר 1 1 2 2 1 922 1
4 combined1 39 34 רעל 2 2 2 2 1 2813 2
4 combined1 40 65 עביר 1 1 2 2 1 4772 1
4 combined1 41 61 ראפיק 1 1 2 2 1 917 1
4 combined1 42 85 מאיה 2 1 2 2 1 1051 1
4 combined1 43 58 איבתיסאם 1 1 2 2 1 1331 1
4 combined1 44 48 להרוג 2 2 2 2 1 2063 1
4 combined1 45 89 יאיר 2 1 2 2 1 1781 2
4 combined1 46 49 רקוב 2 2 2 2 1 2762 1
4 combined1 47 68 נאדיה 1 1 2 2 1 2423 1
4 combined1 48 46 סרטן 2 2 2 2 1 2662 1
4 combined1 49 78 יאיר 2 1 2 2 1 2638 1
4 combined1 50 60 עליאן 1 1 2 2 1 1247 1
5 combined1b 1 14 מזל 1 2 2 2 1 2292 1
5 combined1b 2 67 האדיל 1 1 2 2 1 2342 1
5 combined1b 3 63 עזיזה 1 1 2 2 1 1762 1
5 combined1b 4 18 כבוד 1 2 2 2 1 1444 1
5 combined1b 5 96 יפעת 2 1 2 2 1 2230 1
5 combined1b 6 1 ללטף 1 2 2 2 1 1739 1
5 combined1b 7 88 ערן 2 1 2 2 1 2001 1
5 combined1b 8 16 הישג 1 2 2 2 1 3078 1
5 combined1b 9 77 סאמירה 1 1 2 2 1 1828 1
5 combined1b 10 71 ראניה 1 1 2 2 1 1588 1
5 combined1b 11 55 מדחאת 1 1 2 2 1 1171 1
5 combined1b 12 3 בריאות 1 2 2 2 1 2040 1
5 combined1b 13 40 טרגדיה 2 2 2 2 1 2933 1
5 combined1b 14 2 חופש 1 2 2 2 1 1846 1
5 combined1b 15 98 דויד 2 1 2 2 1 2307 1
5 combined1b 16 79 רונן 2 1 2 2 1 2298 1
5 combined1b 17 66 פאטימה 1 1 2 2 1 1101 1
5 combined1b 18 8 כיף 1 2 2 2 1 2096 1
5 combined1b 19 33 אבל 2 2 2 2 1 1864 1
5 combined1b 20 39 זיהום 2 2 2 2 1 3627 2
5 combined1b 21 24 עילאי 1 2 2 2 1 2813 2
5 combined1b 22 37 אסון 2 2 2 2 1 2988 1
5 combined1b 23 100 יוכבד 2 1 2 2 1 2000 1
5 combined1b 24 84 שני 2 1 2 2 1 3892 1
5 combined1b 25 28 לכלוך 2 2 2 2 1 1358 1
5 combined1b 26 23 צחוק 1 2 2 2 1 998 1
5 combined1b 27 97 אהרון 2 1 2 2 1 3046 1
5 combined1b 28 73 סאלים 1 1 2 2 1 979 1
5 combined1b 29 51 צער 2 2 2 2 1 2348 1
5 combined1b 30 64 סאמיחה 1 1 2 2 1 3163 1
5 combined1b 31 92 שמעון 2 1 2 2 1 2458 1
5 combined1b 32 6 לעודד 1 2 2 2 1 2628 1
5 combined1b 33 21 משפחה 1 2 2 2 1 1560 1
5 combined1b 34 15 קשת 1 2 2 2 1 1951 2
5 combined1b 35 13 כנה 1 2 2 2 1 5587 1
5 combined1b 36 20 זריחה 1 2 2 2 1 2156 1
5 combined1b 37 54 אחמד 1 1 2 2 1 1813 1
5 combined1b 38 12 עדין 1 2 2 2 1 3308 2
5 combined1b 39 95 עידן 2 1 2 2 1 4338 1
5 combined1b 40 36 תקיפה 2 2 2 2 1 1931 1
5 combined1b 41 5 שלום 1 2 2 2 1 1767 1
5 combined1b 42 41 פצצה 2 2 2 2 1 1558 1
5 combined1b 43 82 אבי 2 1 2 2 1 2118 1
5 combined1b 44 62 סאמיר 1 1 2 2 1 1568 1
5 combined1b 45 42 גירושין 2 2 2 2 1 2427 1
5 combined1b 46 10 תענוג 1 2 2 2 1 2300 1
5 combined1b 47 35 סירחון 2 2 2 2 1 1823 1
5 combined1b 48 99 מיטל 2 1 2 2 1 2254 1
5 combined1b 49 86 נועה 2 1 2 2 1 1934 1
5 combined1b 50 43 כלא 2 2 2 2 1 1927 1
6 wb 1 48 יוכבד 2 1 0 4 2 2083 1
6 wb 2 5 מוסא 1 1 0 3 2 1738 1
6 wb 3 33 מאיה 2 1 0 4 2 1589 1
6 wb 4 24 ראינאן 1 1 0 3 2 1516 1
6 wb 5 23 אשראף 1 1 0 3 2 1445 1
6 wb 6 27 רונן 2 1 0 4 2 1171 1
6 wb 7 11 עזיזה 1 1 0 3 2 1592 2
6 wb 8 21 סאלים 1 1 0 3 2 1482 1
6 wb 9 22 סוילמאן 1 1 0 3 2 1388 1
6 wb 10 20 עבד 1 1 0 3 2 1864 1
6 wb 11 38 עמוס 2 1 0 4 2 801 1
6 wb 12 32 שני 2 1 0 4 2 670 1
6 wb 13 19 ראניה 1 1 0 3 2 746 1
6 wb 14 31 משה 2 1 0 4 2 774 1
6 wb 15 40 שמעון 2 1 0 4 2 578 1
6 wb 16 45 אהרון 2 1 0 4 2 684 1
6 wb 17 2 אחמד 1 1 0 3 2 641 1
6 wb 18 7 נור 1 1 0 3 2 603 2
6 wb 19 18 תייסיר 1 1 0 3 2 757 1
6 wb 20 17 עאידה 1 1 0 3 2 1050 1
6 wb 21 15 האדיל 1 1 0 3 2 1081 1
6 wb 22 29 דני 2 1 0 4 2 715 1
6 wb 23 8 עליאן 1 1 0 3 2 1126 1
6 wb 24 49 ישראל 2 1 0 4 2 606 1
6 wb 25 16 נאדיה 1 1 0 3 2 893 2
6 wb 26 25 סאמירה 1 1 0 3 2 747 1
6 wb 27 28 יובל 2 1 0 4 2 910 1
6 wb 28 1 מוחמד 1 1 0 3 2 840 1
6 wb 29 44 יפעת 2 1 0 4 2 728 1
6 wb 30 47 מיטל 2 1 0 4 2 567 1
6 wb 31 26 יאיר 2 1 0 4 2 546 1
6 wb 32 46 דויד 2 1 0 4 2 387 1
6 wb 33 39 רבקה 2 1 0 4 2 493 1
6 wb 34 10 סאמיר 1 1 0 3 2 645 1
6 wb 35 14 פאטימה 1 1 0 3 2 1028 1
6 wb 36 50 יהודה 2 1 0 4 2 706 1
6 wb 37 41 אורן 2 1 0 4 2 786 1
6 wb 38 12 סאמיחה 1 1 0 3 2 498 1
6 wb 39 35 נעמה 2 1 0 4 2 672 1
6 wb 40 43 עידן 2 1 0 4 2 806 1
6 wb 41 13 עביר 1 1 0 3 2 791 1
6 wb 42 34 נועה 2 1 0 4 2 738 1
6 wb 43 6 איבתיסאם 1 1 0 3 2 913 1
6 wb 44 36 ערן 2 1 0 4 2 745 1
6 wb 45 4 איברהים 1 1 0 3 2 779 1
6 wb 46 9 ראפיק 1 1 0 3 2 651 1
6 wb 47 3 מדחאת 1 1 0 3 2 511 1
6 wb 48 30 אבי 2 1 0 4 2 579 1
6 wb 49 37 יאיר 2 1 0 4 2 521 1
6 wb 50 42 עדי 2 1 0 4 2 648 1
7 combined2 1 48 להרוג 2 2 1 4 2 2392 1
7 combined2 2 81 דני 2 1 1 4 2 2152 2
7 combined2 3 93 אורן 2 1 1 4 2 1541 1
7 combined2 4 40 טרגדיה 2 2 1 4 2 2855 1
7 combined2 5 89 יאיר 2 1 1 4 2 1872 1
7 combined2 6 34 רעל 2 2 1 4 2 2153 1
7 combined2 7 91 רבקה 2 1 1 4 2 1927 1
7 combined2 8 43 כלא 2 2 1 4 2 1809 1
7 combined2 9 94 עדי 2 1 1 4 2 1239 2
7 combined2 10 25 חופשה 1 2 1 4 2 1698 1
7 combined2 11 32 מוות 2 2 1 4 2 1170 1
7 combined2 12 47 רשע 2 2 1 4 2 1763 1
7 combined2 13 66 פאטימה 1 1 1 4 2 2471 1
7 combined2 14 5 שלום 1 2 1 4 2 2525 1
7 combined2 15 28 לכלוך 2 2 1 4 2 1196 1
7 combined2 16 71 ראניה 1 1 1 4 2 2904 1
7 combined2 17 99 מיטל 2 1 1 4 2 2791 1
7 combined2 18 21 משפחה 1 2 1 4 2 1427 2
7 combined2 19 80 יובל 2 1 1 4 2 2219 1
7 combined2 20 4 אהבה 1 2 1 4 2 1341 1
7 combined2 21 11 יהלום 1 2 1 4 2 1743 1
7 combined2 22 88 ערן 2 1 1 4 2 3383 1
7 combined2 23 98 דויד 2 1 1 4 2 1697 1
7 combined2 24 85 מאיה 2 1 1 4 2 1935 1
7 combined2 25 87 נעמה 2 1 1 4 2 1528 1
7 combined2 26 29 רצח 2 2 1 4 2 996 1
7 combined2 27 56 איברהים 1 1 1 4 2 1982 1
7 combined2 28 53 מוחמד 1 1 1 4 2 895 1
7 combined2 29 96 יפעת 2 1 1 4 2 773 1
7 combined2 30 12 עדין 1 2 1 4 2 1133 2
7 combined2 31 19 נס 1 2 1 4 2 732 1
7 combined2 32 14 מזל 1 2 1 4 2 724 1
7 combined2 33 84 שני 2 1 1 4 2 951 1
7 combined2 34 79 רונן 2 1 1 4 2 778 1
7 combined2 35 86 נועה 2 1 1 4 2 125 1
7 combined2 36 76 ראינאן 1 1 1 4 2 747 1
7 combined2 37 24 עילאי 1 2 1 4 2 481 2
7 combined2 38 2 חופש 1 2 1 4 2 1784 1
7 combined2 39 7 חבר 1 2 1 4 2 1017 1
7 combined2 40 83 משה 2 1 1 4 2 1163 1
7 combined2 41 20 זריחה 1 2 1 4 2 1651 1
7 combined2 42 30 חולי 2 2 1 4 2 1968 2
7 combined2 43 52 לכוד 2 2 1 4 2 2701 2
7 combined2 44 38 שנאה 2 2 1 4 2 1766 1
7 combined2 45 42 גירושין 2 2 1 4 2 1185 1
7 combined2 46 62 סאמיר 1 1 1 4 2 1790 1
7 combined2 47 49 רקוב 2 2 1 4 2 2430 1
7 combined2 48 74 סוילמאן 1 1 1 4 2 731 1
7 combined2 49 10 תענוג 1 2 1 4 2 1125 1
7 combined2 50 63 עזיזה 1 1 1 4 2 1536 1
8 combined2b 1 27 התרסקות 2 2 1 4 2 1338 1
8 combined2b 2 58 איבתיסאם 1 1 1 4 2 1592 1
8 combined2b 3 33 אבל 2 2 1 4 2 2195 1
8 combined2b 4 92 שמעון 2 1 1 4 2 2473 1
8 combined2b 5 73 סאלים 1 1 1 4 2 1483 1
8 combined2b 6 90 עמוס 2 1 1 4 2 955 1
8 combined2b 7 45 מכוער 2 2 1 4 2 1597 1
8 combined2b 8 17 מתנה 1 2 1 4 2 1026 1
8 combined2b 9 35 סירחון 2 2 1 4 2 1991 1
8 combined2b 10 78 יאיר 2 1 1 4 2 2079 1
8 combined2b 11 22 שמחה 1 2 1 4 2 2821 1
8 combined2b 12 51 צער 2 2 1 4 2 1739 1
8 combined2b 13 26 התעללות 2 2 1 4 2 1284 1
8 combined2b 14 60 עליאן 1 1 1 4 2 1699 1
8 combined2b 15 95 עידן 2 1 1 4 2 843 1
8 combined2b 16 70 תייסיר 1 1 1 4 2 790 1
8 combined2b 17 1 ללטף 1 2 1 4 2 1561 1
8 combined2b 18 69 עאידה 1 1 1 4 2 818 1
8 combined2b 19 37 אסון 2 2 1 4 2 968 2
8 combined2b 20 3 בריאות 1 2 1 4 2 2013 1
8 combined2b 21 41 פצצה 2 2 1 4 2 1687 1
8 combined2b 22 39 זיהום 2 2 1 4 2 1589 1
8 combined2b 23 100 יוכבד 2 1 1 4 2 2074 1
8 combined2b 24 18 כבוד 1 2 1 4 2 2280 2
8 combined2b 25 72 עבד 1 1 1 4 2 4030 1
8 combined2b 26 97 אהרון 2 1 1 4 2 861 1
8 combined2b 27 68 נאדיה 1 1 1 4 2 1519 1
8 combined2b 28 57 מוסא 1 1 1 4 2 1416 1
8 combined2b 29 64 סאמיחה 1 1 1 4 2 696 1
8 combined2b 30 46 סרטן 2 2 1 4 2 699 2
8 combined2b 31 23 צחוק 1 2 1 4 2 1519 1
8 combined2b 32 44 עוני 2 2 1 4 2 1855 1
8 combined2b 33 8 כיף 1 2 1 4 2 1170 1
8 combined2b 34 6 לעודד 1 2 1 4 2 1503 1
8 combined2b 35 82 אבי 2 1 1 4 2 1802 1
8 combined2b 36 61 ראפיק 1 1 1 4 2 1487 1
8 combined2b 37 77 סאמירה 1 1 1 4 2 674 1
8 combined2b 38 31 תאונה 2 2 1 4 2 723 2
8 combined2b 39 50 קיא 2 2 1 4 2 915 1
8 combined2b 40 15 קשת 1 2 1 4 2 857 2
8 combined2b 41 9 נאמן 1 2 1 4 2 704 1
8 combined2b 42 16 הישג 1 2 1 4 2 912 1
8 combined2b 43 65 עביר 1 1 1 4 2 1000 2
8 combined2b 44 59 נור 1 1 1 4 2 690 1
8 combined2b 45 13 כנה 1 2 1 4 2 1262 2
8 combined2b 46 36 תקיפה 2 2 1 4 2 2881 1
8 combined2b 47 75 אשראף 1 1 1 4 2 1881 1
8 combined2b 48 67 האדיל 1 1 1 4 2 1270 1
8 combined2b 49 54 אחמד 1 1 1 4 2 895 1
8 combined2b 50 55 מדחאת 1 1 1 4 2 722 1
9 wb 1 20 עבד 1 1 0 3 2 5465 1
9 wb 2 39 רבקה 2 1 0 4 2 1252 1
9 wb 3 32 שני 2 1 0 4 2 629 1
9 wb 4 27 רונן 2 1 0 4 2 541 1
9 wb 5 2 אחמד 1 1 0 3 2 602 1
9 wb 6 45 אהרון 2 1 0 4 2 709 1
9 wb 7 38 עמוס 2 1 0 4 2 398 1
9 wb 8 50 יהודה 2 1 0 4 2 479 1
9 wb 9 35 נעמה 2 1 0 4 2 336 1
9 wb 10 34 נועה 2 1 0 4 2 300 1
9 wb 11 1 מוחמד 1 1 0 3 2 284 2
9 wb 12 40 שמעון 2 1 0 4 2 671 2
9 wb 13 33 מאיה 2 1 0 4 2 705 1
9 wb 14 30 אבי 2 1 0 4 2 1289 1
9 wb 15 15 האדיל 1 1 0 3 2 687 1
9 wb 16 29 דני 2 1 0 4 2 580 1
9 wb 17 19 ראניה 1 1 0 3 2 824 1
9 wb 18 26 יאיר 2 1 0 4 2 624 1
9 wb 19 12 סאמיחה 1 1 0 3 2 617 1
9 wb 20 42 עדי 2 1 0 4 2 615 1
9 wb 21 21 סאלים 1 1 0 3 2 673 1
9 wb 22 46 דויד 2 1 0 4 2 684 1
9 wb 23 7 נור 1 1 0 3 2 785 1
9 wb 24 14 פאטימה 1 1 0 3 2 489 1
9 wb 25 47 מיטל 2 1 0 4 2 648 1
9 wb 26 49 ישראל 2 1 0 4 2 730 1
9 wb 27 23 אשראף 1 1 0 3 2 890 1
9 wb 28 43 עידן 2 1 0 4 2 631 1
9 wb 29 37 יאיר 2 1 0 4 2 643 1
9 wb 30 9 ראפיק 1 1 0 3 2 617 1
9 wb 31 13 עביר 1 1 0 3 2 565 2
9 wb 32 41 אורן 2 1 0 4 2 872 2
9 wb 33 24 ראינאן 1 1 0 3 2 708 2
9 wb 34 3 מדחאת 1 1 0 3 2 1406 1
9 wb 35 18 תייסיר 1 1 0 3 2 797 1
9 wb 36 10 סאמיר 1 1 0 3 2 730 1
9 wb 37 16 נאדיה 1 1 0 3 2 849 1
9 wb 38 11 עזיזה 1 1 0 3 2 739 1
9 wb 39 22 סוילמאן 1 1 0 3 2 522 1
9 wb 40 36 ערן 2 1 0 4 2 594 1
9 wb 41 48 יוכבד 2 1 0 4 2 1022 1
9 wb 42 8 עליאן 1 1 0 3 2 735 1
9 wb 43 28 יובל 2 1 0 4 2 695 1
9 wb 44 4 איברהים 1 1 0 3 2 777 1
9 wb 45 17 עאידה 1 1 0 3 2 704 1
9 wb 46 44 יפעת 2 1 0 4 2 695 1
9 wb 47 31 משה 2 1 0 4 2 619 1
9 wb 48 5 מוסא 1 1 0 3 2 991 1
9 wb 49 25 סאמירה 1 1 0 3 2 631 1
9 wb 50 6 איבתיסאם 1 1 0 3 2 568 1
10 combined2 1 95 עידן 2 1 1 3 2 2695 1
10 combined2 2 22 שמחה 1 2 1 3 2 2069 1
10 combined2 3 40 טרגדיה 2 2 1 3 2 1451 1
10 combined2 4 6 לעודד 1 2 1 3 2 1456 1
10 combined2 5 84 שני 2 1 1 3 2 2148 2
10 combined2 6 44 עוני 2 2 1 3 2 1663 1
10 combined2 7 70 תייסיר 1 1 1 3 2 2380 1
10 combined2 8 30 חולי 2 2 1 3 2 2057 2
10 combined2 9 1 ללטף 1 2 1 3 2 2225 1
10 combined2 10 27 התרסקות 2 2 1 3 2 972 1
10 combined2 11 36 תקיפה 2 2 1 3 2 1320 1
10 combined2 12 8 כיף 1 2 1 3 2 1093 1
10 combined2 13 60 עליאן 1 1 1 3 2 1318 1
10 combined2 14 11 יהלום 1 2 1 3 2 1404 1
10 combined2 15 89 יאיר 2 1 1 3 2 2240 1
10 combined2 16 38 שנאה 2 2 1 3 2 1737 1
10 combined2 17 26 התעללות 2 2 1 3 2 633 1
10 combined2 18 86 נועה 2 1 1 3 2 1142 1
10 combined2 19 91 רבקה 2 1 1 3 2 641 1
10 combined2 20 58 איבתיסאם 1 1 1 3 2 1157 1
10 combined2 21 66 פאטימה 1 1 1 3 2 763 1
10 combined2 22 85 מאיה 2 1 1 3 2 778 1
10 combined2 23 52 לכוד 2 2 1 3 2 1600 1
10 combined2 24 94 עדי 2 1 1 3 2 2007 2
10 combined2 25 77 סאמירה 1 1 1 3 2 2263 1
10 combined2 26 80 יובל 2 1 1 3 2 746 1
10 combined2 27 72 עבד 1 1 1 3 2 797 1
10 combined2 28 55 מדחאת 1 1 1 3 2 1030 1
10 combined2 29 25 חופשה 1 2 1 3 2 701 1
10 combined2 30 35 סירחון 2 2 1 3 2 963 1
10 combined2 31 29 רצח 2 2 1 3 2 997 1
10 combined2 32 41 פצצה 2 2 1 3 2 736 1
10 combined2 33 98 דויד 2 1 1 3 2 770 1
10 combined2 34 67 האדיל 1 1 1 3 2 1325 1
10 combined2 35 74 סוילמאן 1 1 1 3 2 634 1
10 combined2 36 2 חופש 1 2 1 3 2 763 1
10 combined2 37 51 צער 2 2 1 3 2 819 1
10 combined2 38 64 סאמיחה 1 1 1 3 2 729 1
10 combined2 39 10 תענוג 1 2 1 3 2 654 1
10 combined2 40 18 כבוד 1 2 1 3 2 558 1
10 combined2 41 63 עזיזה 1 1 1 3 2 627 1
10 combined2 42 48 להרוג 2 2 1 3 2 1245 1
10 combined2 43 83 משה 2 1 1 3 2 532 2
10 combined2 44 39 זיהום 2 2 1 3 2 1042 1
10 combined2 45 53 מוחמד 1 1 1 3 2 1838 1
10 combined2 46 90 עמוס 2 1 1 3 2 714 1
10 combined2 47 56 איברהים 1 1 1 3 2 584 1
10 combined2 48 65 עביר 1 1 1 3 2 666 1
10 combined2 49 79 רונן 2 1 1 3 2 999 1
10 combined2 50 43 כלא 2 2 1 3 2 1107 1
11 combined2b 1 42 גירושין 2 2 1 3 2 1494 1
11 combined2b 2 88 ערן 2 1 1 3 2 2199 1
11 combined2b 3 100 יוכבד 2 1 1 3 2 2025 1
11 combined2b 4 16 הישג 1 2 1 3 2 1774 1
11 combined2b 5 13 כנה 1 2 1 3 2 1888 1
11 combined2b 6 62 סאמיר 1 1 1 3 2 1856 1
11 combined2b 7 47 רשע 2 2 1 3 2 1777 1
11 combined2b 8 92 שמעון 2 1 1 3 2 1494 1
11 combined2b 9 12 עדין 1 2 1 3 2 1806 1
11 combined2b 10 69 עאידה 1 1 1 3 2 816 1
11 combined2b 11 87 נעמה 2 1 1 3 2 570 1
11 combined2b 12 15 קשת 1 2 1 3 2 692 1
11 combined2b 13 68 נאדיה 1 1 1 3 2 1174 1
11 combined2b 14 19 נס 1 2 1 3 2 975 1
11 combined2b 15 34 רעל 2 2 1 3 2 1238 1
11 combined2b 16 24 עילאי 1 2 1 3 2 1902 1
11 combined2b 17 21 משפחה 1 2 1 3 2 1201 1
11 combined2b 18 71 ראניה 1 1 1 3 2 2044 1
11 combined2b 19 37 אסון 2 2 1 3 2 1381 1
11 combined2b 20 32 מוות 2 2 1 3 2 740 1
11 combined2b 21 3 בריאות 1 2 1 3 2 724 1
11 combined2b 22 97 אהרון 2 1 1 3 2 1107 1
11 combined2b 23 93 אורן 2 1 1 3 2 741 1
11 combined2b 24 49 רקוב 2 2 1 3 2 992 1
11 combined2b 25 46 סרטן 2 2 1 3 2 1047 1
11 combined2b 26 9 נאמן 1 2 1 3 2 780 1
11 combined2b 27 59 נור 1 1 1 3 2 1186 1
11 combined2b 28 45 מכוער 2 2 1 3 2 1140 1
11 combined2b 29 73 סאלים 1 1 1 3 2 995 1
11 combined2b 30 4 אהבה 1 2 1 3 2 630 1
11 combined2b 31 17 מתנה 1 2 1 3 2 677 1
11 combined2b 32 81 דני 2 1 1 3 2 796 1
11 combined2b 33 5 שלום 1 2 1 3 2 888 1
11 combined2b 34 23 צחוק 1 2 1 3 2 838 1
11 combined2b 35 50 קיא 2 2 1 3 2 922 1
11 combined2b 36 14 מזל 1 2 1 3 2 699 1
11 combined2b 37 33 אבל 2 2 1 3 2 1165 1
11 combined2b 38 82 אבי 2 1 1 3 2 934 1
11 combined2b 39 31 תאונה 2 2 1 3 2 943 1
11 combined2b 40 75 אשראף 1 1 1 3 2 973 1
11 combined2b 41 96 יפעת 2 1 1 3 2 843 1
11 combined2b 42 7 חבר 1 2 1 3 2 820 1
11 combined2b 43 78 יאיר 2 1 1 3 2 664 1
11 combined2b 44 54 אחמד 1 1 1 3 2 740 1
11 combined2b 45 76 ראינאן 1 1 1 3 2 623 1
11 combined2b 46 20 זריחה 1 2 1 3 2 995 1
11 combined2b 47 61 ראפיק 1 1 1 3 2 787 1
11 combined2b 48 28 לכלוך 2 2 1 3 2 726 1
11 combined2b 49 57 מוסא 1 1 1 3 2 813 1
11 combined2b 50 99 מיטל 2 1 1 3 2 829 1
12 bw 1 20 עבד 1 1 0 3 1 3589 1
12 bw 2 34 נועה 2 1 0 4 1 1217 1
12 bw 3 4 איברהים 1 1 0 3 1 1115 1
12 bw 4 9 ראפיק 1 1 0 3 1 748 1
12 bw 5 16 נאדיה 1 1 0 3 1 583 1
12 bw 6 23 אשראף 1 1 0 3 1 536 1
12 bw 7 11 עזיזה 1 1 0 3 1 746 1
12 bw 8 36 ערן 2 1 0 4 1 686 1
12 bw 9 38 עמוס 2 1 0 4 1 1123 1
12 bw 10 14 פאטימה 1 1 0 3 1 576 1
12 bw 11 3 מדחאת 1 1 0 3 1 632 1
12 bw 12 21 סאלים 1 1 0 3 1 523 1
12 bw 13 22 סוילמאן 1 1 0 3 1 679 1
12 bw 14 8 עליאן 1 1 0 3 1 675 1
12 bw 15 28 יובל 2 1 0 4 1 628 1
12 bw 16 31 משה 2 1 0 4 1 619 1
12 bw 17 6 איבתיסאם 1 1 0 3 1 715 1
12 bw 18 48 יוכבד 2 1 0 4 1 801 2
12 bw 19 13 עביר 1 1 0 3 1 2057 1
12 bw 20 27 רונן 2 1 0 4 1 815 1
12 bw 21 1 מוחמד 1 1 0 3 1 577 2
12 bw 22 19 ראניה 1 1 0 3 1 675 1
12 bw 23 49 ישראל 2 1 0 4 1 891 2
12 bw 24 41 אורן 2 1 0 4 1 655 1
12 bw 25 15 האדיל 1 1 0 3 1 1759 1
12 bw 26 10 סאמיר 1 1 0 3 1 592 1
12 bw 27 42 עדי 2 1 0 4 1 747 1
12 bw 28 29 דני 2 1 0 4 1 500 1
12 bw 29 43 עידן 2 1 0 4 1 680 1
12 bw 30 35 נעמה 2 1 0 4 1 676 1
12 bw 31 50 יהודה 2 1 0 4 1 592 1
12 bw 32 24 ראינאן 1 1 0 3 1 583 1
12 bw 33 5 מוסא 1 1 0 3 1 636 1
12 bw 34 18 תייסיר 1 1 0 3 1 471 1
12 bw 35 47 מיטל 2 1 0 4 1 403 2
12 bw 36 12 סאמיחה 1 1 0 3 1 612 2
12 bw 37 33 מאיה 2 1 0 4 1 1599 1
12 bw 38 26 יאיר 2 1 0 4 1 1021 1
12 bw 39 46 דויד 2 1 0 4 1 650 1
12 bw 40 7 נור 1 1 0 3 1 442 2
12 bw 41 39 רבקה 2 1 0 4 1 677 1
12 bw 42 45 אהרון 2 1 0 4 1 374 1
12 bw 43 17 עאידה 1 1 0 3 1 684 1
12 bw 44 32 שני 2 1 0 4 1 792 1
12 bw 45 2 אחמד 1 1 0 3 1 556 1
12 bw 46 37 יאיר 2 1 0 4 1 574 1
12 bw 47 30 אבי 2 1 0 4 1 677 1
12 bw 48 44 יפעת 2 1 0 4 1 506 1
12 bw 49 25 סאמירה 1 1 0 3 1 606 1
12 bw 50 40 שמעון 2 1 0 4 1 766 1
13 combined1 1 67 האדיל 1 1 2 4 1 4094 1
13 combined1 2 16 הישג 1 2 2 4 1 1709 1
13 combined1 3 56 איברהים 1 1 2 4 1 790 2
13 combined1 4 95 עידן 2 1 2 4 1 2499 1
13 combined1 5 99 מיטל 2 1 2 4 1 1151 1
13 combined1 6 96 יפעת 2 1 2 4 1 1231 1
13 combined1 7 72 עבד 1 1 2 4 1 1752 1
13 combined1 8 62 סאמיר 1 1 2 4 1 832 1
13 combined1 9 12 עדין 1 2 2 4 1 912 2
13 combined1 10 23 צחוק 1 2 2 4 1 2692 1
13 combined1 11 35 סירחון 2 2 2 4 1 1750 1
13 combined1 12 46 סרטן 2 2 2 4 1 1322 1
13 combined1 13 75 אשראף 1 1 2 4 1 2196 1
13 combined1 14 79 רונן 2 1 2 4 1 3138 2
13 combined1 15 13 כנה 1 2 2 4 1 3610 1
13 combined1 16 64 סאמיחה 1 1 2 4 1 720 1
13 combined1 17 29 רצח 2 2 2 4 1 684 2
13 combined1 18 74 סוילמאן 1 1 2 4 1 3011 1
13 combined1 19 9 נאמן 1 2 2 4 1 1913 1
13 combined1 20 73 סאלים 1 1 2 4 1 3035 1
13 combined1 21 86 נועה 2 1 2 4 1 1877 1
13 combined1 22 5 שלום 1 2 2 4 1 2441 1
13 combined1 23 22 שמחה 1 2 2 4 1 992 1
13 combined1 24 53 מוחמד 1 1 2 4 1 1600 1
13 combined1 25 54 אחמד 1 1 2 4 1 1554 1
13 combined1 26 98 דויד 2 1 2 4 1 2232 1
13 combined1 27 27 התרסקות 2 2 2 4 1 2164 1
13 combined1 28 25 חופשה 1 2 2 4 1 3174 1
13 combined1 29 89 יאיר 2 1 2 4 1 1130 2
13 combined1 30 91 רבקה 2 1 2 4 1 5725 1
13 combined1 31 38 שנאה 2 2 2 4 1 2661 1
13 combined1 32 44 עוני 2 2 2 4 1 1232 1
13 combined1 33 82 אבי 2 1 2 4 1 2347 1
13 combined1 34 7 חבר 1 2 2 4 1 1768 2
13 combined1 35 47 רשע 2 2 2 4 1 4094 1
13 combined1 36 65 עביר 1 1 2 4 1 1454 2
13 combined1 37 24 עילאי 1 2 2 4 1 2992 2
13 combined1 38 28 לכלוך 2 2 2 4 1 3142 1
13 combined1 39 34 רעל 2 2 2 4 1 812 1
13 combined1 40 19 נס 1 2 2 4 1 1506 1
13 combined1 41 60 עליאן 1 1 2 4 1 2892 1
13 combined1 42 90 עמוס 2 1 2 4 1 776 1
13 combined1 43 84 שני 2 1 2 4 1 557 1
13 combined1 44 59 נור 1 1 2 4 1 914 1
13 combined1 45 31 תאונה 2 2 2 4 1 2304 1
13 combined1 46 69 עאידה 1 1 2 4 1 3114 1
13 combined1 47 18 כבוד 1 2 2 4 1 2236 1
13 combined1 48 68 נאדיה 1 1 2 4 1 1571 1
13 combined1 49 1 ללטף 1 2 2 4 1 1851 1
13 combined1 50 78 יאיר 2 1 2 4 1 1948 2
14 combined1b 1 11 יהלום 1 2 2 4 1 2769 1
14 combined1b 2 88 ערן 2 1 2 4 1 2212 1
14 combined1b 3 39 זיהום 2 2 2 4 1 2305 2
14 combined1b 4 33 אבל 2 2 2 4 1 3525 1
14 combined1b 5 20 זריחה 1 2 2 4 1 2553 1
14 combined1b 6 14 מזל 1 2 2 4 1 2131 1
14 combined1b 7 71 ראניה 1 1 2 4 1 2676 1
14 combined1b 8 6 לעודד 1 2 2 4 1 1854 1
14 combined1b 9 8 כיף 1 2 2 4 1 797 1
14 combined1b 10 42 גירושין 2 2 2 4 1 1178 1
14 combined1b 11 87 נעמה 2 1 2 4 1 2392 1
14 combined1b 12 2 חופש 1 2 2 4 1 2310 1
14 combined1b 13 76 ראינאן 1 1 2 4 1 2578 1
14 combined1b 14 83 משה 2 1 2 4 1 1922 1
14 combined1b 15 17 מתנה 1 2 2 4 1 2505 1
14 combined1b 16 81 דני 2 1 2 4 1 2387 2
14 combined1b 17 93 אורן 2 1 2 4 1 2045 1
14 combined1b 18 49 רקוב 2 2 2 4 1 2843 2
14 combined1b 19 32 מוות 2 2 2 4 1 2689 1
14 combined1b 20 41 פצצה 2 2 2 4 1 675 1
14 combined1b 21 10 תענוג 1 2 2 4 1 803 1
14 combined1b 22 100 יוכבד 2 1 2 4 1 2626 1
14 combined1b 23 70 תייסיר 1 1 2 4 1 1445 1
14 combined1b 24 51 צער 2 2 2 4 1 1629 1
14 combined1b 25 61 ראפיק 1 1 2 4 1 1930 1
14 combined1b 26 40 טרגדיה 2 2 2 4 1 1649 1
14 combined1b 27 52 לכוד 2 2 2 4 1 2355 1
14 combined1b 28 85 מאיה 2 1 2 4 1 2089 1
14 combined1b 29 57 מוסא 1 1 2 4 1 1104 1
14 combined1b 30 37 אסון 2 2 2 4 1 1787 1
14 combined1b 31 97 אהרון 2 1 2 4 1 1854 1
14 combined1b 32 58 איבתיסאם 1 1 2 4 1 2209 1
14 combined1b 33 66 פאטימה 1 1 2 4 1 669 1
14 combined1b 34 94 עדי 2 1 2 4 1 1066 1
14 combined1b 35 15 קשת 1 2 2 4 1 1054 2
14 combined1b 36 48 להרוג 2 2 2 4 1 2733 1
14 combined1b 37 50 קיא 2 2 2 4 1 753 1
14 combined1b 38 45 מכוער 2 2 2 4 1 836 1
14 combined1b 39 63 עזיזה 1 1 2 4 1 1783 1
14 combined1b 40 77 סאמירה 1 1 2 4 1 2098 1
14 combined1b 41 36 תקיפה 2 2 2 4 1 2307 1
14 combined1b 42 21 משפחה 1 2 2 4 1 1566 1
14 combined1b 43 92 שמעון 2 1 2 4 1 2610 1
14 combined1b 44 26 התעללות 2 2 2 4 1 1341 1
14 combined1b 45 55 מדחאת 1 1 2 4 1 1913 1
14 combined1b 46 43 כלא 2 2 2 4 1 1702 1
14 combined1b 47 80 יובל 2 1 2 4 1 2621 1
14 combined1b 48 30 חולי 2 2 2 4 1 2238 1
14 combined1b 49 4 אהבה 1 2 2 4 1 1862 1
14 combined1b 50 3 בריאות 1 2 2 4 1 609 1
505 774 0
