2 wb 1 10 סאמיר 1 1 0 3 2 4708 2
2 wb 2 4 איברהים 1 1 0 3 2 1587 2
2 wb 3 48 יוכבד 2 1 0 4 2 9708 2
2 wb 4 12 סאמיחה 1 1 0 3 2 3472 2
2 wb 5 2 אחמד 1 1 0 3 2 5806 2
2 wb 6 6 איבתיסאם 1 1 0 3 2 2156 2
2 wb 7 33 מאיה 2 1 0 4 2 2118 2
2 wb 8 5 מוסא 1 1 0 3 2 1183 2
2 wb 9 30 אבי 2 1 0 4 2 2470 2
2 wb 10 50 יהודה 2 1 0 4 2 1614 1
2 wb 11 22 סוילמאן 1 1 0 3 2 1879 1
2 wb 12 32 שני 2 1 0 4 2 1694 2
2 wb 13 24 ראינאן 1 1 0 3 2 3662 1
2 wb 14 9 ראפיק 1 1 0 3 2 4637 1
2 wb 15 19 ראניה 1 1 0 3 2 996 1
2 wb 16 36 ערן 2 1 0 4 2 3650 1
2 wb 17 35 נעמה 2 1 0 4 2 809 1
2 wb 18 44 יפעת 2 1 0 4 2 637 1
2 wb 19 17 עאידה 1 1 0 3 2 665 2
2 wb 20 28 יובל 2 1 0 4 2 1166 1
2 wb 21 41 אורן 2 1 0 4 2 753 1
2 wb 22 14 פאטימה 1 1 0 3 2 1026 1
2 wb 23 3 מדחאת 1 1 0 3 2 10000 3
2 wb 24 49 ישראל 2 1 0 4 2 2727 1
2 wb 25 38 עמוס 2 1 0 4 2 781 1
2 wb 26 23 אשראף 1 1 0 3 2 1009 1
2 wb 27 40 שמעון 2 1 0 4 2 1106 1
2 wb 28 43 עידן 2 1 0 4 2 553 1
2 wb 29 16 נאדיה 1 1 0 3 2 1098 1
2 wb 30 37 יאיר 2 1 0 4 2 1657 1
2 wb 31 11 עזיזה 1 1 0 3 2 1434 1
2 wb 32 1 מוחמד 1 1 0 3 2 660 1
2 wb 33 39 רבקה 2 1 0 4 2 999 1
2 wb 34 47 מיטל 2 1 0 4 2 717 1
2 wb 35 7 נור 1 1 0 3 2 1091 1
2 wb 36 29 דני 2 1 0 4 2 958 1
2 wb 37 34 נועה 2 1 0 4 2 940 1
2 wb 38 18 תייסיר 1 1 0 3 2 862 1
2 wb 39 26 יאיר 2 1 0 4 2 1569 1
2 wb 40 25 סאמירה 1 1 0 3 2 1538 1
2 wb 41 13 עביר 1 1 0 3 2 1436 1
2 wb 42 27 רונן 2 1 0 4 2 3321 1
2 wb 43 31 משה 2 1 0 4 2 3355 1
2 wb 44 45 אהרון 2 1 0 4 2 707 1
2 wb 45 8 עליאן 1 1 0 3 2 1190 1
2 wb 46 46 דויד 2 1 0 4 2 922 1
2 wb 47 42 עדי 2 1 0 4 2 721 1
2 wb 48 20 עבד 1 1 0 3 2 1036 1
2 wb 49 15 האדיל 1 1 0 3 2 1292 1
2 wb 50 21 סאלים 1 1 0 3 2 773 1
3 pu 1 25 חופשה 1 2 0 1 2 2397 1
3 pu 2 41 פצצה 2 2 0 2 2 1320 1
3 pu 3 37 אסון 2 2 0 2 2 3291 1
3 pu 4 40 טרגדיה 2 2 0 2 2 1861 1
3 pu 5 11 יהלום 1 2 0 1 2 1152 1
3 pu 6 2 חופש 1 2 0 1 2 785 1
3 pu 7 29 רצח 2 2 0 2 2 835 1
3 pu 8 26 התעללות 2 2 0 2 2 891 1
3 pu 9 10 תענוג 1 2 0 1 2 847 1
3 pu 10 8 כיף 1 2 0 1 2 690 1
3 pu 11 44 עוני 2 2 0 2 2 1115 1
3 pu 12 21 משפחה 1 2 0 1 2 745 1
3 pu 13 27 התרסקות 2 2 0 2 2 1254 1
3 pu 14 38 שנאה 2 2 0 2 2 879 1
3 pu 15 32 מוות 2 2 0 2 2 950 1
3 pu 16 22 שמחה 1 2 0 1 2 759 1
3 pu 17 5 שלום 1 2 0 1 2 747 1
3 pu 18 34 רעל 2 2 0 2 2 738 1
3 pu 19 7 חבר 1 2 0 1 2 1055 1
3 pu 20 33 אבל 2 2 0 2 2 829 1
3 pu 21 31 תאונה 2 2 0 2 2 1514 1
3 pu 22 50 קיא 2 2 0 2 2 759 1
3 pu 23 13 כנה 1 2 0 1 2 1275 1
3 pu 24 28 לכלוך 2 2 0 2 2 890 1
3 pu 25 42 גירושין 2 2 0 2 2 999 1
3 pu 26 14 מזל 1 2 0 1 2 1018 1
3 pu 27 51 צער 2 2 0 2 2 836 1
3 pu 28 36 תקיפה 2 2 0 2 2 761 1
3 pu 29 43 כלא 2 2 0 2 2 607 1
3 pu 30 1 ללטף 1 2 0 1 2 800 1
3 pu 31 24 עילאי 1 2 0 1 2 1225 1
3 pu 32 23 צחוק 1 2 0 1 2 729 1
3 pu 33 9 נאמן 1 2 0 1 2 576 1
3 pu 34 48 להרוג 2 2 0 2 2 793 1
3 pu 35 47 רשע 2 2 0 2 2 782 1
3 pu 36 39 זיהום 2 2 0 2 2 664 1
3 pu 37 30 חולי 2 2 0 2 2 728 1
3 pu 38 20 זריחה 1 2 0 1 2 625 1
3 pu 39 12 עדין 1 2 0 1 2 791 1
3 pu 40 3 בריאות 1 2 0 1 2 675 1
3 pu 41 4 אהבה 1 2 0 1 2 585 1
3 pu 42 17 מתנה 1 2 0 1 2 442 1
3 pu 43 46 סרטן 2 2 0 2 2 415 2
3 pu 44 49 רקוב 2 2 0 2 2 4354 1
3 pu 45 19 נס 1 2 0 1 2 1203 1
3 pu 46 18 כבוד 1 2 0 1 2 773 1
3 pu 47 16 הישג 1 2 0 1 2 777 1
3 pu 48 15 קשת 1 2 0 1 2 1127 1
3 pu 49 45 מכוער 2 2 0 2 2 1318 1
3 pu 50 52 לכוד 2 2 0 2 2 1093 1
4 combined2 1 73 סאלים 1 1 1 2 2 6135 1
4 combined2 2 61 ראפיק 1 1 1 2 2 984 1
4 combined2 3 52 לכוד 2 2 1 2 2 2465 1
4 combined2 4 80 יובל 2 1 1 2 2 4269 1
4 combined2 5 46 סרטן 2 2 1 2 2 1515 1
4 combined2 6 71 ראניה 1 1 1 2 2 2209 1
4 combined2 7 64 סאמיחה 1 1 1 2 2 938 1
4 combined2 8 2 חופש 1 2 1 2 2 1436 1
4 combined2 9 54 אחמד 1 1 1 2 2 1139 1
4 combined2 10 24 עילאי 1 2 1 2 2 2598 1
4 combined2 11 67 האדיל 1 1 1 2 2 1112 1
4 combined2 12 47 רשע 2 2 1 2 2 866 1
4 combined2 13 26 התעללות 2 2 1 2 2 852 1
4 combined2 14 22 שמחה 1 2 1 2 2 997 1
4 combined2 15 28 לכלוך 2 2 1 2 2 3114 1
4 combined2 16 74 סוילמאן 1 1 1 2 2 1329 1
4 combined2 17 85 מאיה 2 1 1 2 2 800 1
4 combined2 18 45 מכוער 2 2 1 2 2 1634 1
4 combined2 19 6 לעודד 1 2 1 2 2 3576 1
4 combined2 20 25 חופשה 1 2 1 2 2 1103 1
4 combined2 21 27 התרסקות 2 2 1 2 2 743 1
4 combined2 22 58 איבתיסאם 1 1 1 2 2 1032 1
4 combined2 23 95 עידן 2 1 1 2 2 860 1
4 combined2 24 10 תענוג 1 2 1 2 2 771 1
4 combined2 25 18 כבוד 1 2 1 2 2 1194 1
4 combined2 26 35 סירחון 2 2 1 2 2 820 1
4 combined2 27 69 עאידה 1 1 1 2 2 864 1
4 combined2 28 87 נעמה 2 1 1 2 2 837 1
4 combined2 29 38 שנאה 2 2 1 2 2 594 2
4 combined2 30 77 סאמירה 1 1 1 2 2 975 1
4 combined2 31 97 אהרון 2 1 1 2 2 1037 1
4 combined2 32 12 עדין 1 2 1 2 2 725 2
4 combined2 33 14 מזל 1 2 1 2 2 823 1
4 combined2 34 90 עמוס 2 1 1 2 2 963 1
4 combined2 35 34 רעל 2 2 1 2 2 905 1
4 combined2 36 43 כלא 2 2 1 2 2 929 1
4 combined2 37 93 אורן 2 1 1 2 2 1238 2
4 combined2 38 8 כיף 1 2 1 2 2 973 1
4 combined2 39 75 אשראף 1 1 1 2 2 1232 1
4 combined2 40 65 עביר 1 1 1 2 2 838 1
4 combined2 41 7 חבר 1 2 1 2 2 764 1
4 combined2 42 56 איברהים 1 1 1 2 2 748 1
4 combined2 43 100 יוכבד 2 1 1 2 2 877 1
4 combined2 44 32 מוות 2 2 1 2 2 703 1
4 combined2 45 48 להרוג 2 2 1 2 2 919 1
4 combined2 46 17 מתנה 1 2 1 2 2 799 1
4 combined2 47 16 הישג 1 2 1 2 2 893 1
4 combined2 48 3 בריאות 1 2 1 2 2 1294 1
4 combined2 49 55 מדחאת 1 1 1 2 2 737 1
4 combined2 50 1 ללטף 1 2 1 2 2 814 1
5 combined2b 1 98 דויד 2 1 1 2 2 4212 1
5 combined2b 2 21 משפחה 1 2 1 2 2 825 1
5 combined2b 3 99 מיטל 2 1 1 2 2 847 1
5 combined2b 4 70 תייסיר 1 1 1 2 2 2421 1
5 combined2b 5 51 צער 2 2 1 2 2 1052 1
5 combined2b 6 33 אבל 2 2 1 2 2 628 1
5 combined2b 7 66 פאטימה 1 1 1 2 2 638 1
5 combined2b 8 59 נור 1 1 1 2 2 600 1
5 combined2b 9 13 כנה 1 2 1 2 2 748 1
5 combined2b 10 72 עבד 1 1 1 2 2 1029 1
5 combined2b 11 96 יפעת 2 1 1 2 2 785 1
5 combined2b 12 76 ראינאן 1 1 1 2 2 573 1
5 combined2b 13 82 אבי 2 1 1 2 2 783 1
5 combined2b 14 42 גירושין 2 2 1 2 2 644 1
5 combined2b 15 92 שמעון 2 1 1 2 2 690 1
5 combined2b 16 30 חולי 2 2 1 2 2 997 1
5 combined2b 17 50 קיא 2 2 1 2 2 645 1
5 combined2b 18 20 זריחה 1 2 1 2 2 740 1
5 combined2b 19 36 תקיפה 2 2 1 2 2 2424 1
5 combined2b 20 44 עוני 2 2 1 2 2 952 1
5 combined2b 21 57 מוסא 1 1 1 2 2 591 1
5 combined2b 22 86 נועה 2 1 1 2 2 729 1
5 combined2b 23 89 יאיר 2 1 1 2 2 1483 1
5 combined2b 24 62 סאמיר 1 1 1 2 2 737 1
5 combined2b 25 11 יהלום 1 2 1 2 2 1265 1
5 combined2b 26 41 פצצה 2 2 1 2 2 895 2
5 combined2b 27 19 נס 1 2 1 2 2 1467 1
5 combined2b 28 60 עליאן 1 1 1 2 2 702 1
5 combined2b 29 79 רונן 2 1 1 2 2 869 1
5 combined2b 30 37 אסון 2 2 1 2 2 2082 1
5 combined2b 31 94 עדי 2 1 1 2 2 1506 1
5 combined2b 32 29 רצח 2 2 1 2 2 901 1
5 combined2b 33 63 עזיזה 1 1 1 2 2 958 1
5 combined2b 34 23 צחוק 1 2 1 2 2 821 1
5 combined2b 35 4 אהבה 1 2 1 2 2 1274 1
5 combined2b 36 68 נאדיה 1 1 1 2 2 1869 1
5 combined2b 37 78 יאיר 2 1 1 2 2 2237 1
5 combined2b 38 49 רקוב 2 2 1 2 2 880 1
5 combined2b 39 84 שני 2 1 1 2 2 679 1
5 combined2b 40 5 שלום 1 2 1 2 2 1248 1
5 combined2b 41 88 ערן 2 1 1 2 2 1203 1
5 combined2b 42 81 דני 2 1 1 2 2 856 1
5 combined2b 43 15 קשת 1 2 1 2 2 711 1
5 combined2b 44 9 נאמן 1 2 1 2 2 906 1
5 combined2b 45 83 משה 2 1 1 2 2 562 1
5 combined2b 46 53 מוחמד 1 1 1 2 2 787 1
5 combined2b 47 91 רבקה 2 1 1 2 2 902 1
5 combined2b 48 31 תאונה 2 2 1 2 2 939 1
5 combined2b 49 40 טרגדיה 2 2 1 2 2 2150 1
5 combined2b 50 39 זיהום 2 2 1 2 2 1761 1
6 bw 1 36 ערן 2 1 0 4 1 3655 1
6 bw 2 30 אבי 2 1 0 4 1 809 1
6 bw 3 21 סאלים 1 1 0 3 1 772 1
6 bw 4 13 עביר 1 1 0 3 1 1152 1
6 bw 5 19 ראניה 1 1 0 3 1 685 1
6 bw 6 3 מדחאת 1 1 0 3 1 632 1
6 bw 7 33 מאיה 2 1 0 4 1 425 2
6 bw 8 10 סאמיר 1 1 0 3 1 1587 1
6 bw 9 7 נור 1 1 0 3 1 691 1
6 bw 10 5 מוסא 1 1 0 3 1 879 1
6 bw 11 43 עידן 2 1 0 4 1 932 1
6 bw 12 39 רבקה 2 1 0 4 1 787 1
6 bw 13 44 יפעת 2 1 0 4 1 630 1
6 bw 14 32 שני 2 1 0 4 1 578 1
6 bw 15 31 משה 2 1 0 4 1 716 1
6 bw 16 34 נועה 2 1 0 4 1 529 1
6 bw 17 20 עבד 1 1 0 3 1 682 1
6 bw 18 14 פאטימה 1 1 0 3 1 1032 1
6 bw 19 18 תייסיר 1 1 0 3 1 730 1
6 bw 20 22 סוילמאן 1 1 0 3 1 633 1
6 bw 21 47 מיטל 2 1 0 4 1 714 1
6 bw 22 15 האדיל 1 1 0 3 1 1115 1
6 bw 23 17 עאידה 1 1 0 3 1 1128 1
6 bw 24 41 אורן 2 1 0 4 1 1443 1
6 bw 25 42 עדי 2 1 0 4 1 557 2
6 bw 26 37 יאיר 2 1 0 4 1 722 1
6 bw 27 4 איברהים 1 1 0 3 1 838 1
6 bw 28 40 שמעון 2 1 0 4 1 706 1
6 bw 29 45 אהרון 2 1 0 4 1 754 1
6 bw 30 12 סאמיחה 1 1 0 3 1 1097 1
6 bw 31 38 עמוס 2 1 0 4 1 1374 1
6 bw 32 49 ישראל 2 1 0 4 1 1548 1
6 bw 33 48 יוכבד 2 1 0 4 1 826 1
6 bw 34 9 ראפיק 1 1 0 3 1 1174 1
6 bw 35 26 יאיר 2 1 0 4 1 3032 1
6 bw 36 11 עזיזה 1 1 0 3 1 959 2
6 bw 37 50 יהודה 2 1 0 4 1 1026 1
6 bw 38 27 רונן 2 1 0 4 1 1032 1
6 bw 39 1 מוחמד 1 1 0 3 1 663 1
6 bw 40 25 סאמירה 1 1 0 3 1 1697 1
6 bw 41 8 עליאן 1 1 0 3 1 1700 1
6 bw 42 28 יובל 2 1 0 4 1 895 1
6 bw 43 6 איבתיסאם 1 1 0 3 1 737 1
6 bw 44 29 דני 2 1 0 4 1 751 1
6 bw 45 35 נעמה 2 1 0 4 1 795 1
6 bw 46 2 אחמד 1 1 0 3 1 883 1
6 bw 47 24 ראינאן 1 1 0 3 1 1299 1
6 bw 48 16 נאדיה 1 1 0 3 1 844 1
6 bw 49 23 אשראף 1 1 0 3 1 1061 1
6 bw 50 46 דויד 2 1 0 4 1 666 1
7 combined1 1 72 עבד 1 1 2 4 1 4550 1
7 combined1 2 56 איברהים 1 1 2 4 1 1023 1
7 combined1 3 54 אחמד 1 1 2 4 1 1218 1
7 combined1 4 21 משפחה 1 2 2 4 1 1382 1
7 combined1 5 88 ערן 2 1 2 4 1 2309 1
7 combined1 6 61 ראפיק 1 1 2 4 1 864 1
7 combined1 7 32 מוות 2 2 2 4 1 1164 1
7 combined1 8 9 נאמן 1 2 2 4 1 2317 1
7 combined1 9 70 תייסיר 1 1 2 4 1 3155 1
7 combined1 10 64 סאמיחה 1 1 2 4 1 737 1
7 combined1 11 3 בריאות 1 2 2 4 1 2724 2
7 combined1 12 6 לעודד 1 2 2 4 1 4992 1
7 combined1 13 12 עדין 1 2 2 4 1 2446 1
7 combined1 14 77 סאמירה 1 1 2 4 1 954 1
7 combined1 15 83 משה 2 1 2 4 1 907 1
7 combined1 16 55 מדחאת 1 1 2 4 1 1145 1
7 combined1 17 4 אהבה 1 2 2 4 1 757 1
7 combined1 18 84 שני 2 1 2 4 1 1426 1
7 combined1 19 25 חופשה 1 2 2 4 1 2709 1
7 combined1 20 20 זריחה 1 2 2 4 1 769 1
7 combined1 21 95 עידן 2 1 2 4 1 1975 1
7 combined1 22 73 סאלים 1 1 2 4 1 2291 1
7 combined1 23 28 לכלוך 2 2 2 4 1 1274 1
7 combined1 24 96 יפעת 2 1 2 4 1 1270 1
7 combined1 25 62 סאמיר 1 1 2 4 1 969 1
7 combined1 26 68 נאדיה 1 1 2 4 1 1535 1
7 combined1 27 14 מזל 1 2 2 4 1 1071 2
7 combined1 28 24 עילאי 1 2 2 4 1 3065 1
7 combined1 29 69 עאידה 1 1 2 4 1 2956 1
7 combined1 30 22 שמחה 1 2 2 4 1 1645 1
7 combined1 31 42 גירושין 2 2 2 4 1 966 1
7 combined1 32 51 צער 2 2 2 4 1 2576 1
7 combined1 33 23 צחוק 1 2 2 4 1 910 1
7 combined1 34 81 דני 2 1 2 4 1 1099 1
7 combined1 35 65 עביר 1 1 2 4 1 1110 1
7 combined1 36 53 מוחמד 1 1 2 4 1 867 1
7 combined1 37 60 עליאן 1 1 2 4 1 724 1
7 combined1 38 2 חופש 1 2 2 4 1 937 1
7 combined1 39 7 חבר 1 2 2 4 1 1198 1
7 combined1 40 31 תאונה 2 2 2 4 1 1069 1
7 combined1 41 35 סירחון 2 2 2 4 1 805 1
7 combined1 42 71 ראניה 1 1 2 4 1 781 1
7 combined1 43 38 שנאה 2 2 2 4 1 1389 1
7 combined1 44 58 איבתיסאם 1 1 2 4 1 981 1
7 combined1 45 33 אבל 2 2 2 4 1 982 1
7 combined1 46 92 שמעון 2 1 2 4 1 1312 1
7 combined1 47 59 נור 1 1 2 4 1 1625 1
7 combined1 48 99 מיטל 2 1 2 4 1 776 1
7 combined1 49 76 ראינאן 1 1 2 4 1 957 1
7 combined1 50 86 נועה 2 1 2 4 1 846 1
8 combined1b 1 79 רונן 2 1 2 4 1 3046 1
8 combined1b 2 29 רצח 2 2 2 4 1 1101 1
8 combined1b 3 15 קשת 1 2 2 4 1 922 2
8 combined1b 4 97 אהרון 2 1 2 4 1 852 1
8 combined1b 5 45 מכוער 2 2 2 4 1 1912 1
8 combined1b 6 46 סרטן 2 2 2 4 1 1020 1
8 combined1b 7 13 כנה 1 2 2 4 1 3618 1
8 combined1b 8 90 עמוס 2 1 2 4 1 1467 1
8 combined1b 9 30 חולי 2 2 2 4 1 1474 1
8 combined1b 10 26 התעללות 2 2 2 4 1 827 1
8 combined1b 11 37 אסון 2 2 2 4 1 577 1
8 combined1b 12 11 יהלום 1 2 2 4 1 568 2
8 combined1b 13 80 יובל 2 1 2 4 1 936 1
8 combined1b 14 40 טרגדיה 2 2 2 4 1 1171 1
8 combined1b 15 94 עדי 2 1 2 4 1 553 1
8 combined1b 16 63 עזיזה 1 1 2 4 1 1171 1
8 combined1b 17 1 ללטף 1 2 2 4 1 1125 1
8 combined1b 18 82 אבי 2 1 2 4 1 1046 1
8 combined1b 19 100 יוכבד 2 1 2 4 1 1850 1
8 combined1b 20 66 פאטימה 1 1 2 4 1 1328 1
8 combined1b 21 17 מתנה 1 2 2 4 1 1923 1
8 combined1b 22 98 דויד 2 1 2 4 1 883 1
8 combined1b 23 19 נס 1 2 2 4 1 1184 1
8 combined1b 24 87 נעמה 2 1 2 4 1 826 1
8 combined1b 25 57 מוסא 1 1 2 4 1 933 1
8 combined1b 26 85 מאיה 2 1 2 4 1 737 1
8 combined1b 27 10 תענוג 1 2 2 4 1 1074 2
8 combined1b 28 50 קיא 2 2 2 4 1 1122 1
8 combined1b 29 91 רבקה 2 1 2 4 1 990 1
8 combined1b 30 75 אשראף 1 1 2 4 1 1370 1
8 combined1b 31 16 הישג 1 2 2 4 1 975 1
8 combined1b 32 41 פצצה 2 2 2 4 1 1168 1
8 combined1b 33 47 רשע 2 2 2 4 1 953 1
8 combined1b 34 89 יאיר 2 1 2 4 1 1370 1
8 combined1b 35 67 האדיל 1 1 2 4 1 1056 1
8 combined1b 36 39 זיהום 2 2 2 4 1 1034 1
8 combined1b 37 5 שלום 1 2 2 4 1 1058 1
8 combined1b 38 8 כיף 1 2 2 4 1 1167 1
8 combined1b 39 43 כלא 2 2 2 4 1 930 1
8 combined1b 40 93 אורן 2 1 2 4 1 988 1
8 combined1b 41 74 סוילמאן 1 1 2 4 1 765 1
8 combined1b 42 52 לכוד 2 2 2 4 1 987 1
8 combined1b 43 78 יאיר 2 1 2 4 1 1139 1
8 combined1b 44 36 תקיפה 2 2 2 4 1 1178 1
8 combined1b 45 48 להרוג 2 2 2 4 1 688 1
8 combined1b 46 44 עוני 2 2 2 4 1 612 1
8 combined1b 47 49 רקוב 2 2 2 4 1 651 1
8 combined1b 48 18 כבוד 1 2 2 4 1 692 1
8 combined1b 49 27 התרסקות 2 2 2 4 1 1410 1
8 combined1b 50 34 רעל 2 2 2 4 1 676 1
9 bw 1 15 האדיל 1 1 0 3 1 3963 1
9 bw 2 20 עבד 1 1 0 3 1 998 1
9 bw 3 5 מוסא 1 1 0 3 1 566 1
9 bw 4 43 עידן 2 1 0 4 1 704 1
9 bw 5 34 נועה 2 1 0 4 1 944 1
9 bw 6 32 שני 2 1 0 4 1 1210 1
9 bw 7 36 ערן 2 1 0 4 1 938 1
9 bw 8 21 סאלים 1 1 0 3 1 1159 2
9 bw 9 28 יובל 2 1 0 4 1 962 1
9 bw 10 3 מדחאת 1 1 0 3 1 659 1
9 bw 11 29 דני 2 1 0 4 1 782 1
9 bw 12 46 דויד 2 1 0 4 1 1296 1
9 bw 13 41 אורן 2 1 0 4 1 1893 1
9 bw 14 14 פאטימה 1 1 0 3 1 1162 1
9 bw 15 18 תייסיר 1 1 0 3 1 1253 1
9 bw 16 4 איברהים 1 1 0 3 1 851 1
9 bw 17 26 יאיר 2 1 0 4 1 869 1
9 bw 18 12 סאמיחה 1 1 0 3 1 915 1
9 bw 19 10 סאמיר 1 1 0 3 1 776 1
9 bw 20 24 ראינאן 1 1 0 3 1 493 1
9 bw 21 44 יפעת 2 1 0 4 1 383 2
9 bw 22 35 נעמה 2 1 0 4 1 762 1
9 bw 23 38 עמוס 2 1 0 4 1 1671 1
9 bw 24 45 אהרון 2 1 0 4 1 663 1
9 bw 25 50 יהודה 2 1 0 4 1 900 1
9 bw 26 6 איבתיסאם 1 1 0 3 1 694 1
9 bw 27 19 ראניה 1 1 0 3 1 1355 1
9 bw 28 37 יאיר 2 1 0 4 1 714 1
9 bw 29 42 עדי 2 1 0 4 1 805 1
9 bw 30 27 רונן 2 1 0 4 1 1449 1
9 bw 31 39 רבקה 2 1 0 4 1 1319 1
9 bw 32 47 מיטל 2 1 0 4 1 572 1
9 bw 33 2 אחמד 1 1 0 3 1 756 1
9 bw 34 40 שמעון 2 1 0 4 1 1122 1
9 bw 35 17 עאידה 1 1 0 3 1 1855 1
9 bw 36 16 נאדיה 1 1 0 3 1 1010 1
9 bw 37 48 יוכבד 2 1 0 4 1 1008 1
9 bw 38 49 ישראל 2 1 0 4 1 1134 1
9 bw 39 23 אשראף 1 1 0 3 1 689 1
9 bw 40 31 משה 2 1 0 4 1 679 1
9 bw 41 33 מאיה 2 1 0 4 1 1144 1
9 bw 42 9 ראפיק 1 1 0 3 1 1485 1
9 bw 43 11 עזיזה 1 1 0 3 1 1657 1
9 bw 44 30 אבי 2 1 0 4 1 838 1
9 bw 45 1 מוחמד 1 1 0 3 1 1035 1
9 bw 46 13 עביר 1 1 0 3 1 1082 1
9 bw 47 8 עליאן 1 1 0 3 1 937 1
9 bw 48 25 סאמירה 1 1 0 3 1 864 1
9 bw 49 22 סוילמאן 1 1 0 3 1 655 1
9 bw 50 7 נור 1 1 0 3 1 724 1
10 combined1 1 76 ראינאן 1 1 2 3 1 3148 1
10 combined1 2 46 סרטן 2 2 2 3 1 3072 1
10 combined1 3 19 נס 1 2 2 3 1 934 1
10 combined1 4 2 חופש 1 2 2 3 1 661 1
10 combined1 5 14 מזל 1 2 2 3 1 648 1
10 combined1 6 5 שלום 1 2 2 3 1 548 1
10 combined1 7 41 פצצה 2 2 2 3 1 885 1
10 combined1 8 7 חבר 1 2 2 3 1 1190 1
10 combined1 9 66 פאטימה 1 1 2 3 1 891 1
10 combined1 10 96 יפעת 2 1 2 3 1 1094 1
10 combined1 11 61 ראפיק 1 1 2 3 1 1524 1
10 combined1 12 98 דויד 2 1 2 3 1 975 1
10 combined1 13 56 איברהים 1 1 2 3 1 1935 1
10 combined1 14 89 יאיר 2 1 2 3 1 1815 1
10 combined1 15 93 אורן 2 1 2 3 1 1367 1
10 combined1 16 53 מוחמד 1 1 2 3 1 1235 1
10 combined1 17 99 מיטל 2 1 2 3 1 740 1
10 combined1 18 91 רבקה 2 1 2 3 1 1105 1
10 combined1 19 24 עילאי 1 2 2 3 1 1338 1
10 combined1 20 37 אסון 2 2 2 3 1 1766 1
10 combined1 21 21 משפחה 1 2 2 3 1 787 1
10 combined1 22 51 צער 2 2 2 3 1 958 1
10 combined1 23 49 רקוב 2 2 2 3 1 1443 1
10 combined1 24 23 צחוק 1 2 2 3 1 700 1
10 combined1 25 38 שנאה 2 2 2 3 1 812 1
10 combined1 26 18 כבוד 1 2 2 3 1 1240 2
10 combined1 27 6 לעודד 1 2 2 3 1 4666 1
10 combined1 28 26 התעללות 2 2 2 3 1 781 1
10 combined1 29 86 נועה 2 1 2 3 1 2116 1
10 combined1 30 71 ראניה 1 1 2 3 1 1008 1
10 combined1 31 17 מתנה 1 2 2 3 1 817 1
10 combined1 32 92 שמעון 2 1 2 3 1 998 1
10 combined1 33 88 ערן 2 1 2 3 1 4134 1
10 combined1 34 47 רשע 2 2 2 3 1 2072 1
10 combined1 35 57 מוסא 1 1 2 3 1 5132 1
10 combined1 36 87 נעמה 2 1 2 3 1 1087 1
10 combined1 37 58 איבתיסאם 1 1 2 3 1 872 1
10 combined1 38 10 תענוג 1 2 2 3 1 1095 1
10 combined1 39 68 נאדיה 1 1 2 3 1 1067 1
10 combined1 40 22 שמחה 1 2 2 3 1 1022 1
10 combined1 41 55 מדחאת 1 1 2 3 1 686 1
10 combined1 42 13 כנה 1 2 2 3 1 1523 1
10 combined1 43 27 התרסקות 2 2 2 3 1 825 1
10 combined1 44 12 עדין 1 2 2 3 1 757 2
10 combined1 45 44 עוני 2 2 2 3 1 1175 1
10 combined1 46 77 סאמירה 1 1 2 3 1 763 1
10 combined1 47 25 חופשה 1 2 2 3 1 1121 2
10 combined1 48 69 עאידה 1 1 2 3 1 1732 1
10 combined1 49 30 חולי 2 2 2 3 1 2676 1
10 combined1 50 81 דני 2 1 2 3 1 1309 1
11 combined1b 1 73 סאלים 1 1 2 3 1 4422 1
11 combined1b 2 42 גירושין 2 2 2 3 1 4125 1
11 combined1b 3 84 שני 2 1 2 3 1 1518 1
11 combined1b 4 3 בריאות 1 2 2 3 1 1701 1
11 combined1b 5 16 הישג 1 2 2 3 1 986 1
11 combined1b 6 9 נאמן 1 2 2 3 1 775 1
11 combined1b 7 39 זיהום 2 2 2 3 1 928 1
11 combined1b 8 74 סוילמאן 1 1 2 3 1 793 1
11 combined1b 9 64 סאמיחה 1 1 2 3 1 714 1
11 combined1b 10 63 עזיזה 1 1 2 3 1 598 1
11 combined1b 11 72 עבד 1 1 2 3 1 613 1
11 combined1b 12 4 אהבה 1 2 2 3 1 759 1
11 combined1b 13 43 כלא 2 2 2 3 1 841 1
11 combined1b 14 100 יוכבד 2 1 2 3 1 656 1
11 combined1b 15 20 זריחה 1 2 2 3 1 1102 1
11 combined1b 16 50 קיא 2 2 2 3 1 916 1
11 combined1b 17 36 תקיפה 2 2 2 3 1 1157 1
11 combined1b 18 79 רונן 2 1 2 3 1 778 1
11 combined1b 19 40 טרגדיה 2 2 2 3 1 790 1
11 combined1b 20 60 עליאן 1 1 2 3 1 932 1
11 combined1b 21 83 משה 2 1 2 3 1 1552 1
11 combined1b 22 15 קשת 1 2 2 3 1 1307 2
11 combined1b 23 85 מאיה 2 1 2 3 1 2767 1
11 combined1b 24 82 אבי 2 1 2 3 1 846 1
11 combined1b 25 11 יהלום 1 2 2 3 1 1322 2
11 combined1b 26 65 עביר 1 1 2 3 1 1067 1
11 combined1b 27 70 תייסיר 1 1 2 3 1 2048 1
11 combined1b 28 45 מכוער 2 2 2 3 1 2349 1
11 combined1b 29 31 תאונה 2 2 2 3 1 2731 1
11 combined1b 30 34 רעל 2 2 2 3 1 1254 1
11 combined1b 31 1 ללטף 1 2 2 3 1 3433 1
11 combined1b 32 75 אשראף 1 1 2 3 1 1683 1
11 combined1b 33 48 להרוג 2 2 2 3 1 867 1
11 combined1b 34 80 יובל 2 1 2 3 1 1018 1
11 combined1b 35 35 סירחון 2 2 2 3 1 1685 1
11 combined1b 36 95 עידן 2 1 2 3 1 1827 1
11 combined1b 37 28 לכלוך 2 2 2 3 1 1154 1
11 combined1b 38 8 כיף 1 2 2 3 1 1211 1
11 combined1b 39 32 מוות 2 2 2 3 1 872 1
11 combined1b 40 97 אהרון 2 1 2 3 1 881 1
11 combined1b 41 94 עדי 2 1 2 3 1 770 1
11 combined1b 42 52 לכוד 2 2 2 3 1 1037 1
11 combined1b 43 29 רצח 2 2 2 3 1 1408 1
11 combined1b 44 54 אחמד 1 1 2 3 1 880 1
11 combined1b 45 78 יאיר 2 1 2 3 1 790 1
11 combined1b 46 59 נור 1 1 2 3 1 1119 1
11 combined1b 47 62 סאמיר 1 1 2 3 1 766 1
11 combined1b 48 90 עמוס 2 1 2 3 1 1089 1
11 combined1b 49 67 האדיל 1 1 2 3 1 1396 1
11 combined1b 50 33 אבל 2 2 2 3 1 1176 1
12 wb 1 42 עדי 2 1 0 4 2 5699 1
12 wb 2 12 סאמיחה 1 1 0 3 2 1004 1
12 wb 3 8 עליאן 1 1 0 3 2 775 1
12 wb 4 2 אחמד 1 1 0 3 2 689 1
12 wb 5 3 מדחאת 1 1 0 3 2 603 1
12 wb 6 39 רבקה 2 1 0 4 2 706 1
12 wb 7 32 שני 2 1 0 4 2 876 1
12 wb 8 31 משה 2 1 0 4 2 544 1
12 wb 9 16 נאדיה 1 1 0 3 2 701 1
12 wb 10 50 יהודה 2 1 0 4 2 829 1
12 wb 11 46 דויד 2 1 0 4 2 586 1
12 wb 12 44 יפעת 2 1 0 4 2 689 1
12 wb 13 14 פאטימה 1 1 0 3 2 697 1
12 wb 14 18 תייסיר 1 1 0 3 2 787 1
12 wb 15 41 אורן 2 1 0 4 2 812 1
12 wb 16 30 אבי 2 1 0 4 2 802 1
12 wb 17 17 עאידה 1 1 0 3 2 727 1
12 wb 18 48 יוכבד 2 1 0 4 2 1175 1
12 wb 19 36 ערן 2 1 0 4 2 1784 1
12 wb 20 1 מוחמד 1 1 0 3 2 655 1
12 wb 21 20 עבד 1 1 0 3 2 1195 1
12 wb 22 13 עביר 1 1 0 3 2 792 1
12 wb 23 25 סאמירה 1 1 0 3 2 887 1
12 wb 24 10 סאמיר 1 1 0 3 2 557 1
12 wb 25 26 יאיר 2 1 0 4 2 1281 1
12 wb 26 40 שמעון 2 1 0 4 2 663 1
12 wb 27 47 מיטל 2 1 0 4 2 621 1
12 wb 28 38 עמוס 2 1 0 4 2 724 1
12 wb 29 27 רונן 2 1 0 4 2 657 1
12 wb 30 9 ראפיק 1 1 0 3 2 763 1
12 wb 31 49 ישראל 2 1 0 4 2 925 1
12 wb 32 21 סאלים 1 1 0 3 2 661 2
12 wb 33 35 נעמה 2 1 0 4 2 1051 1
12 wb 34 24 ראינאן 1 1 0 3 2 666 1
12 wb 35 5 מוסא 1 1 0 3 2 797 1
12 wb 36 19 ראניה 1 1 0 3 2 753 1
12 wb 37 15 האדיל 1 1 0 3 2 589 1
12 wb 38 33 מאיה 2 1 0 4 2 597 1
12 wb 39 7 נור 1 1 0 3 2 732 1
12 wb 40 23 אשראף 1 1 0 3 2 828 1
12 wb 41 34 נועה 2 1 0 4 2 763 1
12 wb 42 6 איבתיסאם 1 1 0 3 2 809 1
12 wb 43 43 עידן 2 1 0 4 2 789 1
12 wb 44 37 יאיר 2 1 0 4 2 774 2
12 wb 45 28 יובל 2 1 0 4 2 779 1
12 wb 46 11 עזיזה 1 1 0 3 2 1194 2
12 wb 47 29 דני 2 1 0 4 2 979 1
12 wb 48 22 סוילמאן 1 1 0 3 2 742 1
12 wb 49 45 אהרון 2 1 0 4 2 704 1
12 wb 50 4 איברהים 1 1 0 3 2 1022 1
13 combined2 1 9 נאמן 1 2 1 3 2 3873 1
13 combined2 2 74 סוילמאן 1 1 1 3 2 736 1
13 combined2 3 95 עידן 2 1 1 3 2 882 1
13 combined2 4 96 יפעת 2 1 1 3 2 655 1
13 combined2 5 8 כיף 1 2 1 3 2 731 1
13 combined2 6 89 יאיר 2 1 1 3 2 714 1
13 combined2 7 65 עביר 1 1 1 3 2 813 1
13 combined2 8 100 יוכבד 2 1 1 3 2 773 1
13 combined2 9 57 מוסא 1 1 1 3 2 803 1
13 combined2 10 38 שנאה 2 2 1 3 2 952 1
13 combined2 11 90 עמוס 2 1 1 3 2 763 1
13 combined2 12 52 לכוד 2 2 1 3 2 987 1
13 combined2 13 51 צער 2 2 1 3 2 1044 2
13 combined2 14 94 עדי 2 1 1 3 2 1142 1
13 combined2 15 54 אחמד 1 1 1 3 2 933 1
13 combined2 16 50 קיא 2 2 1 3 2 1582 1
13 combined2 17 23 צחוק 1 2 1 3 2 1114 1
13 combined2 18 64 סאמיחה 1 1 1 3 2 977 1
13 combined2 19 97 אהרון 2 1 1 3 2 847 1
13 combined2 20 62 סאמיר 1 1 1 3 2 742 1
13 combined2 21 59 נור 1 1 1 3 2 894 1
13 combined2 22 32 מוות 2 2 1 3 2 962 1
13 combined2 23 80 יובל 2 1 1 3 2 787 1
13 combined2 24 55 מדחאת 1 1 1 3 2 901 1
13 combined2 25 21 משפחה 1 2 1 3 2 813 1
13 combined2 26 53 מוחמד 1 1 1 3 2 777 1
13 combined2 27 46 סרטן 2 2 1 3 2 1149 1
13 combined2 28 35 סירחון 2 2 1 3 2 935 1
13 combined2 29 67 האדיל 1 1 1 3 2 958 1
13 combined2 30 33 אבל 2 2 1 3 2 905 1
13 combined2 31 15 קשת 1 2 1 3 2 2311 1
13 combined2 32 27 התרסקות 2 2 1 3 2 2379 1
13 combined2 33 69 עאידה 1 1 1 3 2 848 1
13 combined2 34 47 רשע 2 2 1 3 2 1001 1
13 combined2 35 30 חולי 2 2 1 3 2 1273 1
13 combined2 36 24 עילאי 1 2 1 3 2 1632 1
13 combined2 37 44 עוני 2 2 1 3 2 763 1
13 combined2 38 73 סאלים 1 1 1 3 2 975 1
13 combined2 39 22 שמחה 1 2 1 3 2 904 1
13 combined2 40 82 אבי 2 1 1 3 2 882 1
13 combined2 41 93 אורן 2 1 1 3 2 900 2
13 combined2 42 36 תקיפה 2 2 1 3 2 877 1
13 combined2 43 28 לכלוך 2 2 1 3 2 1130 1
13 combined2 44 25 חופשה 1 2 1 3 2 916 1
13 combined2 45 76 ראינאן 1 1 1 3 2 899 1
13 combined2 46 1 ללטף 1 2 1 3 2 899 1
13 combined2 47 2 חופש 1 2 1 3 2 858 1
13 combined2 48 40 טרגדיה 2 2 1 3 2 891 1
13 combined2 49 19 נס 1 2 1 3 2 810 1
13 combined2 50 49 רקוב 2 2 1 3 2 770 1
14 combined2b 1 48 להרוג 2 2 1 3 2 3028 1
14 combined2b 2 77 סאמירה 1 1 1 3 2 957 1
14 combined2b 3 58 איבתיסאם 1 1 1 3 2 752 1
14 combined2b 4 98 דויד 2 1 1 3 2 941 1
14 combined2b 5 56 איברהים 1 1 1 3 2 1061 1
14 combined2b 6 70 תייסיר 1 1 1 3 2 848 1
14 combined2b 7 16 הישג 1 2 1 3 2 831 1
14 combined2b 8 71 ראניה 1 1 1 3 2 911 1
14 combined2b 9 42 גירושין 2 2 1 3 2 937 1
14 combined2b 10 87 נעמה 2 1 1 3 2 913 1
14 combined2b 11 83 משה 2 1 1 3 2 942 2
14 combined2b 12 20 זריחה 1 2 1 3 2 587 1
14 combined2b 13 72 עבד 1 1 1 3 2 875 1
14 combined2b 14 99 מיטל 2 1 1 3 2 841 1
14 combined2b 15 78 יאיר 2 1 1 3 2 900 1
14 combined2b 16 60 עליאן 1 1 1 3 2 859 1
14 combined2b 17 6 לעודד 1 2 1 3 2 826 1
14 combined2b 18 39 זיהום 2 2 1 3 2 1310 1
14 combined2b 19 75 אשראף 1 1 1 3 2 975 1
14 combined2b 20 5 שלום 1 2 1 3 2 1061 2
14 combined2b 21 10 תענוג 1 2 1 3 2 788 2
14 combined2b 22 85 מאיה 2 1 1 3 2 950 1
14 combined2b 23 4 אהבה 1 2 1 3 2 719 1
14 combined2b 24 7 חבר 1 2 1 3 2 1035 1
14 combined2b 25 66 פאטימה 1 1 1 3 2 968 1
14 combined2b 26 34 רעל 2 2 1 3 2 1068 1
14 combined2b 27 13 כנה 1 2 1 3 2 780 1
14 combined2b 28 68 נאדיה 1 1 1 3 2 886 1
14 combined2b 29 11 יהלום 1 2 1 3 2 1017 1
14 combined2b 30 63 עזיזה 1 1 1 3 2 1026 1
14 combined2b 31 84 שני 2 1 1 3 2 878 1
14 combined2b 32 31 תאונה 2 2 1 3 2 1003 1
14 combined2b 33 29 רצח 2 2 1 3 2 799 1
14 combined2b 34 61 ראפיק 1 1 1 3 2 986 1
14 combined2b 35 92 שמעון 2 1 1 3 2 922 1
14 combined2b 36 41 פצצה 2 2 1 3 2 1085 1
14 combined2b 37 26 התעללות 2 2 1 3 2 1004 1
14 combined2b 38 79 רונן 2 1 1 3 2 1071 1
14 combined2b 39 88 ערן 2 1 1 3 2 1070 1
14 combined2b 40 45 מכוער 2 2 1 3 2 879 2
14 combined2b 41 86 נועה 2 1 1 3 2 1469 1
14 combined2b 42 91 רבקה 2 1 1 3 2 1247 1
14 combined2b 43 14 מזל 1 2 1 3 2 577 1
14 combined2b 44 37 אסון 2 2 1 3 2 673 2
14 combined2b 45 81 דני 2 1 1 3 2 1038 1
14 combined2b 46 17 מתנה 1 2 1 3 2 634 1
14 combined2b 47 3 בריאות 1 2 1 3 2 550 1
14 combined2b 48 43 כלא 2 2 1 3 2 1704 1
14 combined2b 49 18 כבוד 1 2 1 3 2 746 1
14 combined2b 50 12 עדין 1 2 1 3 2 774 1
160 253 0
