2 bw 1 19 ראניה 1 1 0 3 1 2258 1
2 bw 2 27 רונן 2 1 0 4 1 1237 1
2 bw 3 8 עליאן 1 1 0 3 1 1113 1
2 bw 4 38 עמוס 2 1 0 4 1 1068 1
2 bw 5 25 סאמירה 1 1 0 3 1 1338 1
2 bw 6 36 ערן 2 1 0 4 1 1248 1
2 bw 7 18 תייסיר 1 1 0 3 1 1404 1
2 bw 8 22 סוילמאן 1 1 0 3 1 1069 1
2 bw 9 30 אבי 2 1 0 4 1 1085 1
2 bw 10 6 איבתיסאם 1 1 0 3 1 1188 1
2 bw 11 13 עביר 1 1 0 3 1 1159 1
2 bw 12 47 מיטל 2 1 0 4 1 899 1
2 bw 13 46 דויד 2 1 0 4 1 777 1
2 bw 14 14 פאטימה 1 1 0 3 1 992 1
2 bw 15 2 אחמד 1 1 0 3 1 1159 1
2 bw 16 49 ישראל 2 1 0 4 1 812 1
2 bw 17 29 דני 2 1 0 4 1 1807 1
2 bw 18 32 שני 2 1 0 4 1 860 1
2 bw 19 3 מדחאת 1 1 0 3 1 1216 1
2 bw 20 24 ראינאן 1 1 0 3 1 778 1
2 bw 21 17 עאידה 1 1 0 3 1 721 1
2 bw 22 43 עידן 2 1 0 4 1 859 1
2 bw 23 26 יאיר 2 1 0 4 1 1583 1
2 bw 24 9 ראפיק 1 1 0 3 1 756 1
2 bw 25 33 מאיה 2 1 0 4 1 2190 1
2 bw 26 21 סאלים 1 1 0 3 1 801 1
2 bw 27 41 אורן 2 1 0 4 1 2369 1
2 bw 28 48 יוכבד 2 1 0 4 1 849 1
2 bw 29 5 מוסא 1 1 0 3 1 723 1
2 bw 30 34 נועה 2 1 0 4 1 1034 1
2 bw 31 20 עבד 1 1 0 3 1 1164 1
2 bw 32 12 סאמיחה 1 1 0 3 1 1077 1
2 bw 33 31 משה 2 1 0 4 1 679 1
2 bw 34 11 עזיזה 1 1 0 3 1 1021 2
2 bw 35 4 איברהים 1 1 0 3 1 1398 1
2 bw 36 10 סאמיר 1 1 0 3 1 899 1
2 bw 37 44 יפעת 2 1 0 4 1 809 1
2 bw 38 23 אשראף 1 1 0 3 1 719 1
2 bw 39 45 אהרון 2 1 0 4 1 2526 1
2 bw 40 7 נור 1 1 0 3 1 3343 1
2 bw 41 50 יהודה 2 1 0 4 1 852 1
2 bw 42 37 יאיר 2 1 0 4 1 780 1
2 bw 43 42 עדי 2 1 0 4 1 681 1
2 bw 44 16 נאדיה 1 1 0 3 1 806 1
2 bw 45 28 יובל 2 1 0 4 1 1067 1
2 bw 46 1 מוחמד 1 1 0 3 1 1147 1
2 bw 47 40 שמעון 2 1 0 4 1 1164 1
2 bw 48 39 רבקה 2 1 0 4 1 575 1
2 bw 49 35 נעמה 2 1 0 4 1 815 1
2 bw 50 15 האדיל 1 1 0 3 1 980 1
3 pu 1 26 התעללות 2 2 0 2 1 1388 1
3 pu 2 51 צער 2 2 0 2 1 985 1
3 pu 3 27 התרסקות 2 2 0 2 1 779 1
3 pu 4 31 תאונה 2 2 0 2 1 954 1
3 pu 5 21 משפחה 1 2 0 1 1 2140 1
3 pu 6 11 יהלום 1 2 0 1 1 1942 1
3 pu 7 15 קשת 1 2 0 1 1 947 1
3 pu 8 25 חופשה 1 2 0 1 1 854 1
3 pu 9 9 נאמן 1 2 0 1 1 1029 1
3 pu 10 45 מכוער 2 2 0 2 1 1243 1
3 pu 11 29 רצח 2 2 0 2 1 849 1
3 pu 12 8 כיף 1 2 0 1 1 3081 1
3 pu 13 48 להרוג 2 2 0 2 1 2251 1
3 pu 14 47 רשע 2 2 0 2 1 1010 1
3 pu 15 44 עוני 2 2 0 2 1 2451 1
3 pu 16 20 זריחה 1 2 0 1 1 1818 1
3 pu 17 32 מוות 2 2 0 2 1 2124 1
3 pu 18 7 חבר 1 2 0 1 1 1922 1
3 pu 19 19 נס 1 2 0 1 1 2178 1
3 pu 20 33 אבל 2 2 0 2 1 2623 1
3 pu 21 52 לכוד 2 2 0 2 1 1233 1
3 pu 22 34 רעל 2 2 0 2 1 658 1
3 pu 23 50 קיא 2 2 0 2 1 1721 1
3 pu 24 43 כלא 2 2 0 2 1 1851 1
3 pu 25 30 חולי 2 2 0 2 1 817 1
3 pu 26 42 גירושין 2 2 0 2 1 867 1
3 pu 27 1 ללטף 1 2 0 1 1 1264 1
3 pu 28 40 טרגדיה 2 2 0 2 1 920 1
3 pu 29 5 שלום 1 2 0 1 1 3081 1
3 pu 30 24 עילאי 1 2 0 1 1 1047 1
3 pu 31 2 חופש 1 2 0 1 1 808 1
3 pu 32 22 שמחה 1 2 0 1 1 1965 1
3 pu 33 6 לעודד 1 2 0 1 1 2443 1
3 pu 34 39 זיהום 2 2 0 2 1 1420 1
3 pu 35 17 מתנה 1 2 0 1 1 885 1
3 pu 36 35 סירחון 2 2 0 2 1 2941 1
3 pu 37 14 מזל 1 2 0 1 1 1302 1
3 pu 38 4 אהבה 1 2 0 1 1 2405 1
3 pu 39 16 הישג 1 2 0 1 1 913 1
3 pu 40 23 צחוק 1 2 0 1 1 615 1
3 pu 41 37 אסון 2 2 0 2 1 1676 1
3 pu 42 46 סרטן 2 2 0 2 1 1462 1
3 pu 43 36 תקיפה 2 2 0 2 1 1787 1
3 pu 44 10 תענוג 1 2 0 1 1 818 1
3 pu 45 13 כנה 1 2 0 1 1 1080 1
3 pu 46 38 שנאה 2 2 0 2 1 1137 1
3 pu 47 28 לכלוך 2 2 0 2 1 3226 1
3 pu 48 49 רקוב 2 2 0 2 1 1961 1
3 pu 49 12 עדין 1 2 0 1 1 1439 1
3 pu 50 3 בריאות 1 2 0 1 1 933 1
4 combined1 1 88 ערן 2 1 2 1 1 3618 1
4 combined1 2 61 ראפיק 1 1 2 1 1 2396 1
4 combined1 3 19 נס 1 2 2 1 1 2733 2
4 combined1 4 13 כנה 1 2 2 1 1 2687 2
4 combined1 5 20 זריחה 1 2 2 1 1 2949 2
4 combined1 6 64 סאמיחה 1 1 2 1 1 3451 1
4 combined1 7 23 צחוק 1 2 2 1 1 4040 1
4 combined1 8 98 דויד 2 1 2 1 1 1746 1
4 combined1 9 47 רשע 2 2 2 1 1 5291 1
4 combined1 10 60 עליאן 1 1 2 1 1 2792 1
4 combined1 11 91 רבקה 2 1 2 1 1 1324 1
4 combined1 12 79 רונן 2 1 2 1 1 1007 1
4 combined1 13 78 יאיר 2 1 2 1 1 588 1
4 combined1 14 97 אהרון 2 1 2 1 1 570 1
4 combined1 15 58 איבתיסאם 1 1 2 1 1 1261 1
4 combined1 16 72 עבד 1 1 2 1 1 1391 1
4 combined1 17 10 תענוג 1 2 2 1 1 2186 1
4 combined1 18 63 עזיזה 1 1 2 1 1 3627 1
4 combined1 19 46 סרטן 2 2 2 1 1 3734 1
4 combined1 20 9 נאמן 1 2 2 1 1 1230 1
4 combined1 21 30 חולי 2 2 2 1 1 966 1
4 combined1 22 29 רצח 2 2 2 1 1 826 1
4 combined1 23 82 אבי 2 1 2 1 1 4136 1
4 combined1 24 31 תאונה 2 2 2 1 1 2464 1
4 combined1 25 2 חופש 1 2 2 1 1 1951 1
4 combined1 26 28 לכלוך 2 2 2 1 1 2076 1
4 combined1 27 87 נעמה 2 1 2 1 1 3623 1
4 combined1 28 67 האדיל 1 1 2 1 1 5125 1
4 combined1 29 74 סוילמאן 1 1 2 1 1 1354 1
4 combined1 30 44 עוני 2 2 2 1 1 2574 1
4 combined1 31 56 איברהים 1 1 2 1 1 4853 1
4 combined1 32 33 אבל 2 2 2 1 1 1454 1
4 combined1 33 69 עאידה 1 1 2 1 1 931 1
4 combined1 34 54 אחמד 1 1 2 1 1 651 1
4 combined1 35 36 תקיפה 2 2 2 1 1 947 1
4 combined1 36 14 מזל 1 2 2 1 1 2999 1
4 combined1 37 90 עמוס 2 1 2 1 1 3331 2
4 combined1 38 5 שלום 1 2 2 1 1 2259 1
4 combined1 39 100 יוכבד 2 1 2 1 1 1250 1
4 combined1 40 76 ראינאן 1 1 2 1 1 844 1
4 combined1 41 80 יובל 2 1 2 1 1 808 1
4 combined1 42 71 ראניה 1 1 2 1 1 810 1
4 combined1 43 95 עידן 2 1 2 1 1 998 1
4 combined1 44 38 שנאה 2 2 2 1 1 1993 1
4 combined1 45 11 יהלום 1 2 2 1 1 1277 1
4 combined1 46 4 אהבה 1 2 2 1 1 3100 1
4 combined1 47 65 עביר 1 1 2 1 1 5102 1
4 combined1 48 51 צער 2 2 2 1 1 1184 1
4 combined1 49 92 שמעון 2 1 2 1 1 1343 1
4 combined1 50 7 חבר 1 2 2 1 1 4580 1
5 combined1b 1 94 עדי 2 1 2 1 1 2111 1
5 combined1b 2 40 טרגדיה 2 2 2 1 1 2048 1
5 combined1b 3 22 שמחה 1 2 2 1 1 3387 1
5 combined1b 4 70 תייסיר 1 1 2 1 1 1345 1
5 combined1b 5 62 סאמיר 1 1 2 1 1 797 1
5 combined1b 6 81 דני 2 1 2 1 1 772 1
5 combined1b 7 41 פצצה 2 2 2 1 1 1470 1
5 combined1b 8 55 מדחאת 1 1 2 1 1 2425 1
5 combined1b 9 17 מתנה 1 2 2 1 1 2149 1
5 combined1b 10 96 יפעת 2 1 2 1 1 3498 1
5 combined1b 11 66 פאטימה 1 1 2 1 1 1220 1
5 combined1b 12 84 שני 2 1 2 1 1 1496 1
5 combined1b 13 99 מיטל 2 1 2 1 1 839 1
5 combined1b 14 57 מוסא 1 1 2 1 1 795 1
5 combined1b 15 12 עדין 1 2 2 1 1 1640 1
5 combined1b 16 27 התרסקות 2 2 2 1 1 1202 1
5 combined1b 17 50 קיא 2 2 2 1 1 929 1
5 combined1b 18 73 סאלים 1 1 2 1 1 1648 1
5 combined1b 19 26 התעללות 2 2 2 1 1 2400 1
5 combined1b 20 89 יאיר 2 1 2 1 1 3476 1
5 combined1b 21 3 בריאות 1 2 2 1 1 4222 1
5 combined1b 22 25 חופשה 1 2 2 1 1 1758 1
5 combined1b 23 8 כיף 1 2 2 1 1 1285 1
5 combined1b 24 37 אסון 2 2 2 1 1 1993 1
5 combined1b 25 15 קשת 1 2 2 1 1 2475 1
5 combined1b 26 83 משה 2 1 2 1 1 1285 1
5 combined1b 27 52 לכוד 2 2 2 1 1 1591 1
5 combined1b 28 18 כבוד 1 2 2 1 1 2498 1
5 combined1b 29 49 רקוב 2 2 2 1 1 1333 1
5 combined1b 30 85 מאיה 2 1 2 1 1 1392 1
5 combined1b 31 24 עילאי 1 2 2 1 1 2325 1
5 combined1b 32 6 לעודד 1 2 2 1 1 2768 1
5 combined1b 33 34 רעל 2 2 2 1 1 1110 1
5 combined1b 34 93 אורן 2 1 2 1 1 1329 1
5 combined1b 35 59 נור 1 1 2 1 1 3233 2
5 combined1b 36 48 להרוג 2 2 2 1 1 3704 1
5 combined1b 37 42 גירושין 2 2 2 1 1 2113 1
5 combined1b 38 86 נועה 2 1 2 1 1 1895 1
5 combined1b 39 16 הישג 1 2 2 1 1 1464 1
5 combined1b 40 45 מכוער 2 2 2 1 1 916 1
5 combined1b 41 39 זיהום 2 2 2 1 1 4354 1
5 combined1b 42 68 נאדיה 1 1 2 1 1 1050 1
5 combined1b 43 35 סירחון 2 2 2 1 1 1178 1
5 combined1b 44 77 סאמירה 1 1 2 1 1 974 1
5 combined1b 45 21 משפחה 1 2 2 1 1 1696 1
5 combined1b 46 32 מוות 2 2 2 1 1 3108 1
5 combined1b 47 43 כלא 2 2 2 1 1 725 1
5 combined1b 48 1 ללטף 1 2 2 1 1 1041 1
5 combined1b 49 75 אשראף 1 1 2 1 1 1730 1
5 combined1b 50 53 מוחמד 1 1 2 1 1 1257 1
6 wb 1 32 שני 2 1 0 4 2 2611 1
6 wb 2 26 יאיר 2 1 0 4 2 725 1
6 wb 3 6 איבתיסאם 1 1 0 3 2 806 1
6 wb 4 40 שמעון 2 1 0 4 2 800 1
6 wb 5 27 רונן 2 1 0 4 2 1115 1
6 wb 6 1 מוחמד 1 1 0 3 2 708 1
6 wb 7 25 סאמירה 1 1 0 3 2 706 1
6 wb 8 22 סוילמאן 1 1 0 3 2 665 1
6 wb 9 39 רבקה 2 1 0 4 2 735 1
6 wb 10 14 פאטימה 1 1 0 3 2 689 1
6 wb 11 42 עדי 2 1 0 4 2 941 1
6 wb 12 7 נור 1 1 0 3 2 1282 2
6 wb 13 10 סאמיר 1 1 0 3 2 1770 1
6 wb 14 38 עמוס 2 1 0 4 2 1029 2
6 wb 15 48 יוכבד 2 1 0 4 2 1190 1
6 wb 16 8 עליאן 1 1 0 3 2 614 1
6 wb 17 13 עביר 1 1 0 3 2 1587 1
6 wb 18 37 יאיר 2 1 0 4 2 810 1
6 wb 19 33 מאיה 2 1 0 4 2 1090 1
6 wb 20 43 עידן 2 1 0 4 2 740 1
6 wb 21 30 אבי 2 1 0 4 2 640 1
6 wb 22 44 יפעת 2 1 0 4 2 805 1
6 wb 23 47 מיטל 2 1 0 4 2 684 1
6 wb 24 15 האדיל 1 1 0 3 2 985 1
6 wb 25 18 תייסיר 1 1 0 3 2 759 1
6 wb 26 21 סאלים 1 1 0 3 2 631 1
6 wb 27 4 איברהים 1 1 0 3 2 615 1
6 wb 28 2 אחמד 1 1 0 3 2 598 1
6 wb 29 31 משה 2 1 0 4 2 848 1
6 wb 30 17 עאידה 1 1 0 3 2 689 1
6 wb 31 23 אשראף 1 1 0 3 2 1118 1
6 wb 32 36 ערן 2 1 0 4 2 753 1
6 wb 33 12 סאמיחה 1 1 0 3 2 2516 1
6 wb 34 49 ישראל 2 1 0 4 2 1363 1
6 wb 35 3 מדחאת 1 1 0 3 2 1002 1
6 wb 36 9 ראפיק 1 1 0 3 2 669 1
6 wb 37 29 דני 2 1 0 4 2 734 1
6 wb 38 41 אורן 2 1 0 4 2 951 1
6 wb 39 24 ראינאן 1 1 0 3 2 792 1
6 wb 40 5 מוסא 1 1 0 3 2 1090 1
6 wb 41 46 דויד 2 1 0 4 2 1347 1
6 wb 42 28 יובל 2 1 0 4 2 855 1
6 wb 43 16 נאדיה 1 1 0 3 2 692 1
6 wb 44 11 עזיזה 1 1 0 3 2 2463 2
6 wb 45 19 ראניה 1 1 0 3 2 2197 1
6 wb 46 45 אהרון 2 1 0 4 2 952 1
6 wb 47 34 נועה 2 1 0 4 2 1287 1
6 wb 48 50 יהודה 2 1 0 4 2 1775 1
6 wb 49 20 עבד 1 1 0 3 2 889 1
6 wb 50 35 נעמה 2 1 0 4 2 865 1
7 combined2 1 69 עאידה 1 1 1 4 2 1832 1
7 combined2 2 87 נעמה 2 1 1 4 2 911 1
7 combined2 3 8 כיף 1 2 1 4 2 1426 1
7 combined2 4 31 תאונה 2 2 1 4 2 4450 1
7 combined2 5 78 יאיר 2 1 1 4 2 5060 1
7 combined2 6 37 אסון 2 2 1 4 2 1398 1
7 combined2 7 75 אשראף 1 1 1 4 2 1518 1
7 combined2 8 45 מכוער 2 2 1 4 2 2279 1
7 combined2 9 38 שנאה 2 2 1 4 2 915 1
7 combined2 10 35 סירחון 2 2 1 4 2 549 1
7 combined2 11 46 סרטן 2 2 1 4 2 645 1
7 combined2 12 58 איבתיסאם 1 1 1 4 2 860 1
7 combined2 13 2 חופש 1 2 1 4 2 2408 1
7 combined2 14 64 סאמיחה 1 1 1 4 2 3224 1
7 combined2 15 77 סאמירה 1 1 1 4 2 545 1
7 combined2 16 60 עליאן 1 1 1 4 2 571 1
7 combined2 17 88 ערן 2 1 1 4 2 2085 1
7 combined2 18 89 יאיר 2 1 1 4 2 575 1
7 combined2 19 3 בריאות 1 2 1 4 2 784 1
7 combined2 20 21 משפחה 1 2 1 4 2 589 1
7 combined2 21 83 משה 2 1 1 4 2 917 1
7 combined2 22 49 רקוב 2 2 1 4 2 900 1
7 combined2 23 91 רבקה 2 1 1 4 2 793 1
7 combined2 24 92 שמעון 2 1 1 4 2 869 1
7 combined2 25 13 כנה 1 2 1 4 2 1839 1
7 combined2 26 48 להרוג 2 2 1 4 2 991 1
7 combined2 27 53 מוחמד 1 1 1 4 2 844 1
7 combined2 28 59 נור 1 1 1 4 2 1065 1
7 combined2 29 16 הישג 1 2 1 4 2 1358 1
7 combined2 30 1 ללטף 1 2 1 4 2 988 1
7 combined2 31 85 מאיה 2 1 1 4 2 858 1
7 combined2 32 74 סוילמאן 1 1 1 4 2 996 1
7 combined2 33 62 סאמיר 1 1 1 4 2 672 1
7 combined2 34 23 צחוק 1 2 1 4 2 753 1
7 combined2 35 61 ראפיק 1 1 1 4 2 1440 1
7 combined2 36 73 סאלים 1 1 1 4 2 567 1
7 combined2 37 36 תקיפה 2 2 1 4 2 1591 1
7 combined2 38 32 מוות 2 2 1 4 2 699 1
7 combined2 39 12 עדין 1 2 1 4 2 3451 1
7 combined2 40 40 טרגדיה 2 2 1 4 2 1320 2
7 combined2 41 50 קיא 2 2 1 4 2 2593 1
7 combined2 42 57 מוסא 1 1 1 4 2 4107 1
7 combined2 43 44 עוני 2 2 1 4 2 4366 1
7 combined2 44 6 לעודד 1 2 1 4 2 2027 1
7 combined2 45 47 רשע 2 2 1 4 2 2485 1
7 combined2 46 42 גירושין 2 2 1 4 2 1024 1
7 combined2 47 96 יפעת 2 1 1 4 2 1447 1
7 combined2 48 18 כבוד 1 2 1 4 2 800 1
7 combined2 49 7 חבר 1 2 1 4 2 546 1
7 combined2 50 86 נועה 2 1 1 4 2 1146 1
8 combined2b 1 51 צער 2 2 1 4 2 2709 1
8 combined2b 2 28 לכלוך 2 2 1 4 2 1200 1
8 combined2b 3 19 נס 1 2 1 4 2 2043 1
8 combined2b 4 56 איברהים 1 1 1 4 2 894 1
8 combined2b 5 94 עדי 2 1 1 4 2 2381 1
8 combined2b 6 14 מזל 1 2 1 4 2 1851 1
8 combined2b 7 99 מיטל 2 1 1 4 2 2055 1
8 combined2b 8 4 אהבה 1 2 1 4 2 657 1
8 combined2b 9 81 דני 2 1 1 4 2 590 1
8 combined2b 10 90 עמוס 2 1 1 4 2 756 1
8 combined2b 11 43 כלא 2 2 1 4 2 713 1
8 combined2b 12 20 זריחה 1 2 1 4 2 973 1
8 combined2b 13 55 מדחאת 1 1 1 4 2 1522 1
8 combined2b 14 65 עביר 1 1 1 4 2 1660 2
8 combined2b 15 95 עידן 2 1 1 4 2 3943 1
8 combined2b 16 63 עזיזה 1 1 1 4 2 899 1
8 combined2b 17 33 אבל 2 2 1 4 2 1928 1
8 combined2b 18 29 רצח 2 2 1 4 2 690 1
8 combined2b 19 25 חופשה 1 2 1 4 2 1460 1
8 combined2b 20 17 מתנה 1 2 1 4 2 1413 1
8 combined2b 21 52 לכוד 2 2 1 4 2 892 1
8 combined2b 22 68 נאדיה 1 1 1 4 2 877 1
8 combined2b 23 67 האדיל 1 1 1 4 2 2401 1
8 combined2b 24 5 שלום 1 2 1 4 2 2261 1
8 combined2b 25 24 עילאי 1 2 1 4 2 1220 1
8 combined2b 26 22 שמחה 1 2 1 4 2 3971 1
8 combined2b 27 93 אורן 2 1 1 4 2 1122 1
8 combined2b 28 76 ראינאן 1 1 1 4 2 691 1
8 combined2b 29 9 נאמן 1 2 1 4 2 1073 1
8 combined2b 30 70 תייסיר 1 1 1 4 2 1011 1
8 combined2b 31 79 רונן 2 1 1 4 2 6234 1
8 combined2b 32 10 תענוג 1 2 1 4 2 920 1
8 combined2b 33 71 ראניה 1 1 1 4 2 1515 1
8 combined2b 34 30 חולי 2 2 1 4 2 3691 1
8 combined2b 35 98 דויד 2 1 1 4 2 4186 1
8 combined2b 36 100 יוכבד 2 1 1 4 2 796 1
8 combined2b 37 15 קשת 1 2 1 4 2 766 1
8 combined2b 38 66 פאטימה 1 1 1 4 2 913 1
8 combined2b 39 72 עבד 1 1 1 4 2 847 1
8 combined2b 40 11 יהלום 1 2 1 4 2 780 1
8 combined2b 41 41 פצצה 2 2 1 4 2 1098 1
8 combined2b 42 34 רעל 2 2 1 4 2 756 1
8 combined2b 43 80 יובל 2 1 1 4 2 1464 1
8 combined2b 44 97 אהרון 2 1 1 4 2 569 1
8 combined2b 45 54 אחמד 1 1 1 4 2 773 1
8 combined2b 46 84 שני 2 1 1 4 2 1201 1
8 combined2b 47 82 אבי 2 1 1 4 2 1690 2
8 combined2b 48 26 התעללות 2 2 1 4 2 1050 1
8 combined2b 49 27 התרסקות 2 2 1 4 2 626 1
8 combined2b 50 39 זיהום 2 2 1 4 2 711 1
9 wb 1 1 מוחמד 1 1 0 3 2 1145 1
9 wb 2 41 אורן 2 1 0 4 2 644 1
9 wb 3 18 תייסיר 1 1 0 3 2 696 1
9 wb 4 31 משה 2 1 0 4 2 1021 1
9 wb 5 22 סוילמאן 1 1 0 3 2 2475 1
9 wb 6 4 איברהים 1 1 0 3 2 591 1
9 wb 7 13 עביר 1 1 0 3 2 569 1
9 wb 8 37 יאיר 2 1 0 4 2 516 2
9 wb 9 3 מדחאת 1 1 0 3 2 1153 1
9 wb 10 7 נור 1 1 0 3 2 1187 1
9 wb 11 47 מיטל 2 1 0 4 2 901 1
9 wb 12 28 יובל 2 1 0 4 2 776 1
9 wb 13 16 נאדיה 1 1 0 3 2 718 1
9 wb 14 48 יוכבד 2 1 0 4 2 1554 1
9 wb 15 36 ערן 2 1 0 4 2 775 1
9 wb 16 50 יהודה 2 1 0 4 2 627 1
9 wb 17 29 דני 2 1 0 4 2 827 1
9 wb 18 49 ישראל 2 1 0 4 2 628 1
9 wb 19 42 עדי 2 1 0 4 2 801 1
9 wb 20 8 עליאן 1 1 0 3 2 819 1
9 wb 21 33 מאיה 2 1 0 4 2 1997 1
9 wb 22 2 אחמד 1 1 0 3 2 756 1
9 wb 23 30 אבי 2 1 0 4 2 1136 1
9 wb 24 20 עבד 1 1 0 3 2 2090 1
9 wb 25 21 סאלים 1 1 0 3 2 584 1
9 wb 26 34 נועה 2 1 0 4 2 637 1
9 wb 27 11 עזיזה 1 1 0 3 2 765 1
9 wb 28 24 ראינאן 1 1 0 3 2 690 1
9 wb 29 40 שמעון 2 1 0 4 2 677 1
9 wb 30 5 מוסא 1 1 0 3 2 1527 1
9 wb 31 15 האדיל 1 1 0 3 2 949 1
9 wb 32 43 עידן 2 1 0 4 2 1231 1
9 wb 33 44 יפעת 2 1 0 4 2 2356 1
9 wb 34 9 ראפיק 1 1 0 3 2 767 1
9 wb 35 17 עאידה 1 1 0 3 2 1128 1
9 wb 36 6 איבתיסאם 1 1 0 3 2 588 1
9 wb 37 32 שני 2 1 0 4 2 600 1
9 wb 38 25 סאמירה 1 1 0 3 2 579 1
9 wb 39 10 סאמיר 1 1 0 3 2 613 1
9 wb 40 12 סאמיחה 1 1 0 3 2 654 1
9 wb 41 35 נעמה 2 1 0 4 2 1028 1
9 wb 42 23 אשראף 1 1 0 3 2 656 1
9 wb 43 26 יאיר 2 1 0 4 2 776 1
9 wb 44 14 פאטימה 1 1 0 3 2 580 1
9 wb 45 27 רונן 2 1 0 4 2 947 1
9 wb 46 45 אהרון 2 1 0 4 2 528 1
9 wb 47 39 רבקה 2 1 0 4 2 571 1
9 wb 48 38 עמוס 2 1 0 4 2 597 1
9 wb 49 46 דויד 2 1 0 4 2 619 1
9 wb 50 19 ראניה 1 1 0 3 2 684 1
10 combined2 1 77 סאמירה 1 1 1 3 2 1702 1
10 combined2 2 20 זריחה 1 2 1 3 2 1543 1
10 combined2 3 37 אסון 2 2 1 3 2 1142 1
10 combined2 4 78 יאיר 2 1 1 3 2 1802 1
10 combined2 5 29 רצח 2 2 1 3 2 960 1
10 combined2 6 75 אשראף 1 1 1 3 2 3154 1
10 combined2 7 72 עבד 1 1 1 3 2 965 1
10 combined2 8 68 נאדיה 1 1 1 3 2 2395 1
10 combined2 9 59 נור 1 1 1 3 2 1129 1
10 combined2 10 15 קשת 1 2 1 3 2 4430 1
10 combined2 11 94 עדי 2 1 1 3 2 1958 1
10 combined2 12 16 הישג 1 2 1 3 2 1273 1
10 combined2 13 80 יובל 2 1 1 3 2 1062 1
10 combined2 14 21 משפחה 1 2 1 3 2 780 1
10 combined2 15 1 ללטף 1 2 1 3 2 588 1
10 combined2 16 44 עוני 2 2 1 3 2 750 1
10 combined2 17 64 סאמיחה 1 1 1 3 2 885 1
10 combined2 18 7 חבר 1 2 1 3 2 709 1
10 combined2 19 67 האדיל 1 1 1 3 2 969 1
10 combined2 20 4 אהבה 1 2 1 3 2 989 1
10 combined2 21 27 התרסקות 2 2 1 3 2 986 1
10 combined2 22 76 ראינאן 1 1 1 3 2 775 1
10 combined2 23 8 כיף 1 2 1 3 2 787 1
10 combined2 24 6 לעודד 1 2 1 3 2 2561 1
10 combined2 25 100 יוכבד 2 1 1 3 2 780 1
10 combined2 26 85 מאיה 2 1 1 3 2 601 1
10 combined2 27 55 מדחאת 1 1 1 3 2 634 1
10 combined2 28 31 תאונה 2 2 1 3 2 789 1
10 combined2 29 97 אהרון 2 1 1 3 2 775 1
10 combined2 30 81 דני 2 1 1 3 2 905 1
10 combined2 31 96 יפעת 2 1 1 3 2 708 1
10 combined2 32 73 סאלים 1 1 1 3 2 636 1
10 combined2 33 91 רבקה 2 1 1 3 2 685 1
10 combined2 34 47 רשע 2 2 1 3 2 1026 1
10 combined2 35 17 מתנה 1 2 1 3 2 876 1
10 combined2 36 95 עידן 2 1 1 3 2 4341 1
10 combined2 37 5 שלום 1 2 1 3 2 1316 1
10 combined2 38 65 עביר 1 1 1 3 2 1426 1
10 combined2 39 45 מכוער 2 2 1 3 2 1383 1
10 combined2 40 46 סרטן 2 2 1 3 2 906 1
10 combined2 41 79 רונן 2 1 1 3 2 716 1
10 combined2 42 53 מוחמד 1 1 1 3 2 688 1
10 combined2 43 19 נס 1 2 1 3 2 1273 1
10 combined2 44 2 חופש 1 2 1 3 2 784 1
10 combined2 45 90 עמוס 2 1 1 3 2 718 2
10 combined2 46 48 להרוג 2 2 1 3 2 2624 1
10 combined2 47 33 אבל 2 2 1 3 2 751 1
10 combined2 48 26 התעללות 2 2 1 3 2 805 1
10 combined2 49 13 כנה 1 2 1 3 2 797 1
10 combined2 50 66 פאטימה 1 1 1 3 2 900 1
11 combined2b 1 84 שני 2 1 1 3 2 2136 1
11 combined2b 2 86 נועה 2 1 1 3 2 684 1
11 combined2b 3 36 תקיפה 2 2 1 3 2 1083 1
11 combined2b 4 38 שנאה 2 2 1 3 2 669 1
11 combined2b 5 57 מוסא 1 1 1 3 2 927 1
11 combined2b 6 49 רקוב 2 2 1 3 2 812 1
11 combined2b 7 52 לכוד 2 2 1 3 2 643 1
11 combined2b 8 12 עדין 1 2 1 3 2 648 1
11 combined2b 9 60 עליאן 1 1 1 3 2 821 1
11 combined2b 10 89 יאיר 2 1 1 3 2 662 1
11 combined2b 11 69 עאידה 1 1 1 3 2 1186 1
11 combined2b 12 71 ראניה 1 1 1 3 2 1171 1
11 combined2b 13 40 טרגדיה 2 2 1 3 2 1463 1
11 combined2b 14 93 אורן 2 1 1 3 2 693 1
11 combined2b 15 18 כבוד 1 2 1 3 2 950 1
11 combined2b 16 63 עזיזה 1 1 1 3 2 1080 1
11 combined2b 17 28 לכלוך 2 2 1 3 2 2791 1
11 combined2b 18 88 ערן 2 1 1 3 2 2507 2
11 combined2b 19 43 כלא 2 2 1 3 2 1439 1
11 combined2b 20 11 יהלום 1 2 1 3 2 787 1
11 combined2b 21 41 פצצה 2 2 1 3 2 789 1
11 combined2b 22 87 נעמה 2 1 1 3 2 960 1
11 combined2b 23 23 צחוק 1 2 1 3 2 1040 1
11 combined2b 24 9 נאמן 1 2 1 3 2 1979 1
11 combined2b 25 99 מיטל 2 1 1 3 2 1155 1
11 combined2b 26 35 סירחון 2 2 1 3 2 858 1
11 combined2b 27 25 חופשה 1 2 1 3 2 680 1
11 combined2b 28 92 שמעון 2 1 1 3 2 1223 1
11 combined2b 29 98 דויד 2 1 1 3 2 578 1
11 combined2b 30 24 עילאי 1 2 1 3 2 564 1
11 combined2b 31 58 איבתיסאם 1 1 1 3 2 643 1
11 combined2b 32 62 סאמיר 1 1 1 3 2 819 2
11 combined2b 33 61 ראפיק 1 1 1 3 2 1688 1
11 combined2b 34 3 בריאות 1 2 1 3 2 1362 1
11 combined2b 35 30 חולי 2 2 1 3 2 1005 1
11 combined2b 36 83 משה 2 1 1 3 2 1538 1
11 combined2b 37 50 קיא 2 2 1 3 2 2204 1
11 combined2b 38 82 אבי 2 1 1 3 2 1770 1
11 combined2b 39 39 זיהום 2 2 1 3 2 2504 1
11 combined2b 40 51 צער 2 2 1 3 2 963 1
11 combined2b 41 14 מזל 1 2 1 3 2 1601 1
11 combined2b 42 22 שמחה 1 2 1 3 2 2547 1
11 combined2b 43 70 תייסיר 1 1 1 3 2 987 1
11 combined2b 44 42 גירושין 2 2 1 3 2 1155 1
11 combined2b 45 34 רעל 2 2 1 3 2 540 1
11 combined2b 46 32 מוות 2 2 1 3 2 537 1
11 combined2b 47 54 אחמד 1 1 1 3 2 609 1
11 combined2b 48 56 איברהים 1 1 1 3 2 528 1
11 combined2b 49 74 סוילמאן 1 1 1 3 2 528 1
11 combined2b 50 10 תענוג 1 2 1 3 2 706 1
12 bw 1 43 עידן 2 1 0 4 1 1092 1
12 bw 2 36 ערן 2 1 0 4 1 676 1
12 bw 3 15 האדיל 1 1 0 3 1 834 2
12 bw 4 40 שמעון 2 1 0 4 1 1088 1
12 bw 5 2 אחמד 1 1 0 3 1 873 1
12 bw 6 10 סאמיר 1 1 0 3 1 892 1
12 bw 7 29 דני 2 1 0 4 1 627 1
12 bw 8 49 ישראל 2 1 0 4 1 1129 1
12 bw 9 18 תייסיר 1 1 0 3 1 844 1
12 bw 10 9 ראפיק 1 1 0 3 1 668 1
12 bw 11 48 יוכבד 2 1 0 4 1 625 1
12 bw 12 6 איבתיסאם 1 1 0 3 1 720 1
12 bw 13 27 רונן 2 1 0 4 1 2256 1
12 bw 14 30 אבי 2 1 0 4 1 547 1
12 bw 15 17 עאידה 1 1 0 3 1 643 1
12 bw 16 28 יובל 2 1 0 4 1 1266 1
12 bw 17 41 אורן 2 1 0 4 1 732 1
12 bw 18 4 איברהים 1 1 0 3 1 521 2
12 bw 19 1 מוחמד 1 1 0 3 1 1440 1
12 bw 20 5 מוסא 1 1 0 3 1 633 1
12 bw 21 37 יאיר 2 1 0 4 1 675 1
12 bw 22 31 משה 2 1 0 4 1 1484 1
12 bw 23 35 נעמה 2 1 0 4 1 1418 1
12 bw 24 7 נור 1 1 0 3 1 1101 1
12 bw 25 39 רבקה 2 1 0 4 1 846 1
12 bw 26 25 סאמירה 1 1 0 3 1 737 1
12 bw 27 12 סאמיחה 1 1 0 3 1 508 1
12 bw 28 44 יפעת 2 1 0 4 1 832 1
12 bw 29 50 יהודה 2 1 0 4 1 574 1
12 bw 30 11 עזיזה 1 1 0 3 1 829 1
12 bw 31 24 ראינאן 1 1 0 3 1 675 1
12 bw 32 20 עבד 1 1 0 3 1 859 1
12 bw 33 8 עליאן 1 1 0 3 1 833 1
12 bw 34 14 פאטימה 1 1 0 3 1 696 1
12 bw 35 19 ראניה 1 1 0 3 1 702 1
12 bw 36 32 שני 2 1 0 4 1 890 1
12 bw 37 13 עביר 1 1 0 3 1 984 1
12 bw 38 22 סוילמאן 1 1 0 3 1 966 1
12 bw 39 38 עמוס 2 1 0 4 1 1359 1
12 bw 40 33 מאיה 2 1 0 4 1 1362 1
12 bw 41 16 נאדיה 1 1 0 3 1 796 2
12 bw 42 34 נועה 2 1 0 4 1 758 1
12 bw 43 3 מדחאת 1 1 0 3 1 603 1
12 bw 44 21 סאלים 1 1 0 3 1 561 1
12 bw 45 42 עדי 2 1 0 4 1 796 1
12 bw 46 23 אשראף 1 1 0 3 1 2128 1
12 bw 47 45 אהרון 2 1 0 4 1 716 1
12 bw 48 26 יאיר 2 1 0 4 1 1337 1
12 bw 49 46 דויד 2 1 0 4 1 922 1
12 bw 50 47 מיטל 2 1 0 4 1 1664 1
13 combined1 1 15 קשת 1 2 2 4 1 1230 1
13 combined1 2 5 שלום 1 2 2 4 1 2271 1
13 combined1 3 99 מיטל 2 1 2 4 1 2733 1
13 combined1 4 91 רבקה 2 1 2 4 1 754 1
13 combined1 5 58 איבתיסאם 1 1 2 4 1 1044 1
13 combined1 6 13 כנה 1 2 2 4 1 1130 1
13 combined1 7 16 הישג 1 2 2 4 1 883 1
13 combined1 8 81 דני 2 1 2 4 1 1627 1
13 combined1 9 23 צחוק 1 2 2 4 1 1883 1
13 combined1 10 92 שמעון 2 1 2 4 1 1279 1
13 combined1 11 83 משה 2 1 2 4 1 953 1
13 combined1 12 24 עילאי 1 2 2 4 1 1032 1
13 combined1 13 57 מוסא 1 1 2 4 1 1166 1
13 combined1 14 50 קיא 2 2 2 4 1 1253 1
13 combined1 15 37 אסון 2 2 2 4 1 3485 1
13 combined1 16 69 עאידה 1 1 2 4 1 1151 1
13 combined1 17 47 רשע 2 2 2 4 1 1636 1
13 combined1 18 51 צער 2 2 2 4 1 3072 1
13 combined1 19 33 אבל 2 2 2 4 1 772 1
13 combined1 20 66 פאטימה 1 1 2 4 1 1011 1
13 combined1 21 85 מאיה 2 1 2 4 1 2833 1
13 combined1 22 25 חופשה 1 2 2 4 1 1797 1
13 combined1 23 36 תקיפה 2 2 2 4 1 2111 1
13 combined1 24 100 יוכבד 2 1 2 4 1 1396 1
13 combined1 25 11 יהלום 1 2 2 4 1 1733 2
13 combined1 26 80 יובל 2 1 2 4 1 3279 1
13 combined1 27 68 נאדיה 1 1 2 4 1 990 1
13 combined1 28 60 עליאן 1 1 2 4 1 803 1
13 combined1 29 48 להרוג 2 2 2 4 1 936 1
13 combined1 30 62 סאמיר 1 1 2 4 1 801 1
13 combined1 31 9 נאמן 1 2 2 4 1 1317 1
13 combined1 32 53 מוחמד 1 1 2 4 1 1562 1
13 combined1 33 89 יאיר 2 1 2 4 1 1864 1
13 combined1 34 63 עזיזה 1 1 2 4 1 952 1
13 combined1 35 22 שמחה 1 2 2 4 1 1815 1
13 combined1 36 38 שנאה 2 2 2 4 1 1103 1
13 combined1 37 88 ערן 2 1 2 4 1 2331 1
13 combined1 38 67 האדיל 1 1 2 4 1 1609 1
13 combined1 39 30 חולי 2 2 2 4 1 2122 1
13 combined1 40 29 רצח 2 2 2 4 1 700 1
13 combined1 41 40 טרגדיה 2 2 2 4 1 1601 1
13 combined1 42 82 אבי 2 1 2 4 1 1308 1
13 combined1 43 73 סאלים 1 1 2 4 1 822 1
13 combined1 44 8 כיף 1 2 2 4 1 19 1
13 combined1 45 86 נועה 2 1 2 4 1 4270 2
13 combined1 46 2 חופש 1 2 2 4 1 2906 1
13 combined1 47 28 לכלוך 2 2 2 4 1 957 1
13 combined1 48 12 עדין 1 2 2 4 1 2043 1
13 combined1 49 70 תייסיר 1 1 2 4 1 1526 1
13 combined1 50 97 אהרון 2 1 2 4 1 941 1
14 combined1b 1 4 אהבה 1 2 2 4 1 1629 1
14 combined1b 2 46 סרטן 2 2 2 4 1 757 1
14 combined1b 3 54 אחמד 1 1 2 4 1 1112 1
14 combined1b 4 1 ללטף 1 2 2 4 1 971 1
14 combined1b 5 90 עמוס 2 1 2 4 1 975 1
14 combined1b 6 79 רונן 2 1 2 4 1 1212 1
14 combined1b 7 77 סאמירה 1 1 2 4 1 783 1
14 combined1b 8 55 מדחאת 1 1 2 4 1 1003 1
14 combined1b 9 35 סירחון 2 2 2 4 1 1162 1
14 combined1b 10 21 משפחה 1 2 2 4 1 2669 1
14 combined1b 11 31 תאונה 2 2 2 4 1 808 1
14 combined1b 12 93 אורן 2 1 2 4 1 1916 1
14 combined1b 13 6 לעודד 1 2 2 4 1 1315 1
14 combined1b 14 71 ראניה 1 1 2 4 1 1627 1
14 combined1b 15 78 יאיר 2 1 2 4 1 1431 1
14 combined1b 16 34 רעל 2 2 2 4 1 1693 1
14 combined1b 17 44 עוני 2 2 2 4 1 732 1
14 combined1b 18 87 נעמה 2 1 2 4 1 2257 1
14 combined1b 19 20 זריחה 1 2 2 4 1 2745 1
14 combined1b 20 52 לכוד 2 2 2 4 1 872 1
14 combined1b 21 27 התרסקות 2 2 2 4 1 730 1
14 combined1b 22 96 יפעת 2 1 2 4 1 797 1
14 combined1b 23 84 שני 2 1 2 4 1 946 1
14 combined1b 24 18 כבוד 1 2 2 4 1 1315 1
14 combined1b 25 45 מכוער 2 2 2 4 1 1021 1
14 combined1b 26 65 עביר 1 1 2 4 1 1300 1
14 combined1b 27 72 עבד 1 1 2 4 1 2060 1
14 combined1b 28 17 מתנה 1 2 2 4 1 1220 2
14 combined1b 29 39 זיהום 2 2 2 4 1 4607 1
14 combined1b 30 61 ראפיק 1 1 2 4 1 820 1
14 combined1b 31 26 התעללות 2 2 2 4 1 2965 1
14 combined1b 32 56 איברהים 1 1 2 4 1 817 1
14 combined1b 33 32 מוות 2 2 2 4 1 1518 1
14 combined1b 34 10 תענוג 1 2 2 4 1 1532 1
14 combined1b 35 7 חבר 1 2 2 4 1 2683 1
14 combined1b 36 43 כלא 2 2 2 4 1 1577 1
14 combined1b 37 64 סאמיחה 1 1 2 4 1 1206 1
14 combined1b 38 42 גירושין 2 2 2 4 1 2928 1
14 combined1b 39 74 סוילמאן 1 1 2 4 1 1114 1
14 combined1b 40 41 פצצה 2 2 2 4 1 3684 1
14 combined1b 41 76 ראינאן 1 1 2 4 1 773 1
14 combined1b 42 19 נס 1 2 2 4 1 1905 1
14 combined1b 43 75 אשראף 1 1 2 4 1 1746 1
14 combined1b 44 14 מזל 1 2 2 4 1 1817 1
14 combined1b 45 59 נור 1 1 2 4 1 1776 1
14 combined1b 46 95 עידן 2 1 2 4 1 1767 1
14 combined1b 47 94 עדי 2 1 2 4 1 1440 2
14 combined1b 48 49 רקוב 2 2 2 4 1 6565 1
14 combined1b 49 3 בריאות 1 2 2 4 1 3761 1
14 combined1b 50 98 דויד 2 1 2 4 1 889 1
351 467 0
