2 wb 1 46 דויד 2 1 0 4 2 1955 1
2 wb 2 34 נועה 2 1 0 4 2 1003 1
2 wb 3 48 יוכבד 2 1 0 4 2 1022 1
2 wb 4 42 עדי 2 1 0 4 2 796 1
2 wb 5 6 איבתיסאם 1 1 0 3 2 700 1
2 wb 6 37 יאיר 2 1 0 4 2 963 1
2 wb 7 28 יובל 2 1 0 4 2 567 1
2 wb 8 12 סאמיחה 1 1 0 3 2 555 1
2 wb 9 40 שמעון 2 1 0 4 2 761 1
2 wb 10 3 מדחאת 1 1 0 3 2 523 1
2 wb 11 9 ראפיק 1 1 0 3 2 568 1
2 wb 12 2 אחמד 1 1 0 3 2 564 1
2 wb 13 30 אבי 2 1 0 4 2 699 1
2 wb 14 16 נאדיה 1 1 0 3 2 540 1
2 wb 15 1 מוחמד 1 1 0 3 2 1677 1
2 wb 16 32 שני 2 1 0 4 2 792 1
2 wb 17 47 מיטל 2 1 0 4 2 554 1
2 wb 18 20 עבד 1 1 0 3 2 770 1
2 wb 19 23 אשראף 1 1 0 3 2 511 1
2 wb 20 29 דני 2 1 0 4 2 539 1
2 wb 21 41 אורן 2 1 0 4 2 604 1
2 wb 22 13 עביר 1 1 0 3 2 775 1
2 wb 23 24 ראינאן 1 1 0 3 2 525 1
2 wb 24 5 מוסא 1 1 0 3 2 507 1
2 wb 25 15 האדיל 1 1 0 3 2 677 1
2 wb 26 4 איברהים 1 1 0 3 2 650 1
2 wb 27 36 ערן 2 1 0 4 2 528 1
2 wb 28 45 אהרון 2 1 0 4 2 636 1
2 wb 29 44 יפעת 2 1 0 4 2 565 1
2 wb 30 11 עזיזה 1 1 0 3 2 511 1
2 wb 31 25 סאמירה 1 1 0 3 2 407 1
2 wb 32 18 תייסיר 1 1 0 3 2 478 1
2 wb 33 39 רבקה 2 1 0 4 2 598 1
2 wb 34 50 יהודה 2 1 0 4 2 577 1
2 wb 35 31 משה 2 1 0 4 2 370 1
2 wb 36 49 ישראל 2 1 0 4 2 412 1
2 wb 37 27 רונן 2 1 0 4 2 424 1
2 wb 38 26 יאיר 2 1 0 4 2 465 1
2 wb 39 19 ראניה 1 1 0 3 2 658 1
2 wb 40 43 עידן 2 1 0 4 2 800 1
2 wb 41 14 פאטימה 1 1 0 3 2 477 1
2 wb 42 33 מאיה 2 1 0 4 2 973 1
2 wb 43 7 נור 1 1 0 3 2 854 1
2 wb 44 35 נעמה 2 1 0 4 2 540 1
2 wb 45 17 עאידה 1 1 0 3 2 543 1
2 wb 46 10 סאמיר 1 1 0 3 2 1259 1
2 wb 47 8 עליאן 1 1 0 3 2 472 1
2 wb 48 22 סוילמאן 1 1 0 3 2 556 1
2 wb 49 38 עמוס 2 1 0 4 2 724 1
2 wb 50 21 סאלים 1 1 0 3 2 792 1
3 pu 1 36 תקיפה 2 2 0 2 2 2631 1
3 pu 2 27 התרסקות 2 2 0 2 2 1242 1
3 pu 3 25 חופשה 1 2 0 1 2 763 2
3 pu 4 33 אבל 2 2 0 2 2 2133 1
3 pu 5 22 שמחה 1 2 0 1 2 1373 1
3 pu 6 1 ללטף 1 2 0 1 2 959 1
3 pu 7 48 להרוג 2 2 0 2 2 726 1
3 pu 8 18 כבוד 1 2 0 1 2 936 1
3 pu 9 35 סירחון 2 2 0 2 2 758 1
3 pu 10 50 קיא 2 2 0 2 2 570 1
3 pu 11 47 רשע 2 2 0 2 2 672 1
3 pu 12 52 לכוד 2 2 0 2 2 812 1
3 pu 13 4 אהבה 1 2 0 1 2 592 1
3 pu 14 5 שלום 1 2 0 1 2 577 1
3 pu 15 34 רעל 2 2 0 2 2 700 1
3 pu 16 42 גירושין 2 2 0 2 2 1100 1
3 pu 17 2 חופש 1 2 0 1 2 1719 1
3 pu 18 17 מתנה 1 2 0 1 2 1006 1
3 pu 19 43 כלא 2 2 0 2 2 793 1
3 pu 20 45 מכוער 2 2 0 2 2 455 1
3 pu 21 41 פצצה 2 2 0 2 2 680 1
3 pu 22 13 כנה 1 2 0 1 2 482 1
3 pu 23 44 עוני 2 2 0 2 2 794 1
3 pu 24 20 זריחה 1 2 0 1 2 1486 1
3 pu 25 6 לעודד 1 2 0 1 2 1067 2
3 pu 26 30 חולי 2 2 0 2 2 1471 1
3 pu 27 23 צחוק 1 2 0 1 2 633 1
3 pu 28 11 יהלום 1 2 0 1 2 891 1
3 pu 29 16 הישג 1 2 0 1 2 661 1
3 pu 30 49 רקוב 2 2 0 2 2 656 1
3 pu 31 21 משפחה 1 2 0 1 2 766 1
3 pu 32 24 עילאי 1 2 0 1 2 1209 1
3 pu 33 19 נס 1 2 0 1 2 579 1
3 pu 34 39 זיהום 2 2 0 2 2 728 1
3 pu 35 31 תאונה 2 2 0 2 2 713 1
3 pu 36 12 עדין 1 2 0 1 2 595 1
3 pu 37 40 טרגדיה 2 2 0 2 2 629 1
3 pu 38 46 סרטן 2 2 0 2 2 1437 1
3 pu 39 29 רצח 2 2 0 2 2 517 1
3 pu 40 3 בריאות 1 2 0 1 2 1108 1
3 pu 41 28 לכלוך 2 2 0 2 2 694 1
3 pu 42 15 קשת 1 2 0 1 2 850 1
3 pu 43 14 מזל 1 2 0 1 2 592 1
3 pu 44 7 חבר 1 2 0 1 2 577 1
3 pu 45 38 שנאה 2 2 0 2 2 538 1
3 pu 46 26 התעללות 2 2 0 2 2 606 1
3 pu 47 51 צער 2 2 0 2 2 1179 1
3 pu 48 8 כיף 1 2 0 1 2 462 1
3 pu 49 10 תענוג 1 2 0 1 2 606 1
3 pu 50 32 מוות 2 2 0 2 2 478 1
4 combined2 1 76 ראינאן 1 1 1 2 2 3046 1
4 combined2 2 14 מזל 1 2 1 2 2 1046 1
4 combined2 3 9 נאמן 1 2 1 2 2 3691 1
4 combined2 4 6 לעודד 1 2 1 2 2 1425 1
4 combined2 5 40 טרגדיה 2 2 1 2 2 2330 1
4 combined2 6 36 תקיפה 2 2 1 2 2 1457 1
4 combined2 7 73 סאלים 1 1 1 2 2 1664 1
4 combined2 8 44 עוני 2 2 1 2 2 1029 1
4 combined2 9 79 רונן 2 1 1 2 2 652 1
4 combined2 10 91 רבקה 2 1 1 2 2 556 1
4 combined2 11 32 מוות 2 2 1 2 2 1050 1
4 combined2 12 70 תייסיר 1 1 1 2 2 571 1
4 combined2 13 90 עמוס 2 1 1 2 2 693 1
4 combined2 14 93 אורן 2 1 1 2 2 518 1
4 combined2 15 65 עביר 1 1 1 2 2 1084 1
4 combined2 16 96 יפעת 2 1 1 2 2 838 1
4 combined2 17 81 דני 2 1 1 2 2 489 1
4 combined2 18 37 אסון 2 2 1 2 2 558 2
4 combined2 19 19 נס 1 2 1 2 2 1975 1
4 combined2 20 23 צחוק 1 2 1 2 2 659 1
4 combined2 21 56 איברהים 1 1 1 2 2 706 1
4 combined2 22 62 סאמיר 1 1 1 2 2 647 1
4 combined2 23 66 פאטימה 1 1 1 2 2 491 1
4 combined2 24 4 אהבה 1 2 1 2 2 829 1
4 combined2 25 46 סרטן 2 2 1 2 2 853 1
4 combined2 26 72 עבד 1 1 1 2 2 609 1
4 combined2 27 51 צער 2 2 1 2 2 1047 1
4 combined2 28 38 שנאה 2 2 1 2 2 1026 1
4 combined2 29 35 סירחון 2 2 1 2 2 509 1
4 combined2 30 77 סאמירה 1 1 1 2 2 576 1
4 combined2 31 92 שמעון 2 1 1 2 2 935 1
4 combined2 32 31 תאונה 2 2 1 2 2 788 1
4 combined2 33 17 מתנה 1 2 1 2 2 805 1
4 combined2 34 83 משה 2 1 1 2 2 470 1
4 combined2 35 2 חופש 1 2 1 2 2 516 1
4 combined2 36 43 כלא 2 2 1 2 2 775 1
4 combined2 37 34 רעל 2 2 1 2 2 542 1
4 combined2 38 71 ראניה 1 1 1 2 2 544 1
4 combined2 39 67 האדיל 1 1 1 2 2 545 1
4 combined2 40 41 פצצה 2 2 1 2 2 641 1
4 combined2 41 98 דויד 2 1 1 2 2 441 1
4 combined2 42 61 ראפיק 1 1 1 2 2 768 2
4 combined2 43 53 מוחמד 1 1 1 2 2 1366 1
4 combined2 44 69 עאידה 1 1 1 2 2 925 1
4 combined2 45 52 לכוד 2 2 1 2 2 2234 1
4 combined2 46 54 אחמד 1 1 1 2 2 1501 1
4 combined2 47 87 נעמה 2 1 1 2 2 639 1
4 combined2 48 28 לכלוך 2 2 1 2 2 768 1
4 combined2 49 97 אהרון 2 1 1 2 2 1437 1
4 combined2 50 59 נור 1 1 1 2 2 992 1
5 combined2b 1 75 אשראף 1 1 1 2 2 2938 1
5 combined2b 2 48 להרוג 2 2 1 2 2 1864 1
5 combined2b 3 95 עידן 2 1 1 2 2 728 1
5 combined2b 4 78 יאיר 2 1 1 2 2 806 1
5 combined2b 5 88 ערן 2 1 1 2 2 771 1
5 combined2b 6 33 אבל 2 2 1 2 2 1575 1
5 combined2b 7 64 סאמיחה 1 1 1 2 2 765 1
5 combined2b 8 30 חולי 2 2 1 2 2 752 1
5 combined2b 9 47 רשע 2 2 1 2 2 684 1
5 combined2b 10 39 זיהום 2 2 1 2 2 542 1
5 combined2b 11 74 סוילמאן 1 1 1 2 2 427 1
5 combined2b 12 29 רצח 2 2 1 2 2 435 1
5 combined2b 13 82 אבי 2 1 1 2 2 710 2
5 combined2b 14 18 כבוד 1 2 1 2 2 2368 1
5 combined2b 15 16 הישג 1 2 1 2 2 824 1
5 combined2b 16 42 גירושין 2 2 1 2 2 909 1
5 combined2b 17 5 שלום 1 2 1 2 2 786 1
5 combined2b 18 80 יובל 2 1 1 2 2 1543 1
5 combined2b 19 49 רקוב 2 2 1 2 2 723 1
5 combined2b 20 13 כנה 1 2 1 2 2 693 2
5 combined2b 21 25 חופשה 1 2 1 2 2 1400 1
5 combined2b 22 1 ללטף 1 2 1 2 2 2309 1
5 combined2b 23 84 שני 2 1 1 2 2 903 1
5 combined2b 24 50 קיא 2 2 1 2 2 1420 1
5 combined2b 25 21 משפחה 1 2 1 2 2 691 1
5 combined2b 26 63 עזיזה 1 1 1 2 2 618 1
5 combined2b 27 85 מאיה 2 1 1 2 2 699 1
5 combined2b 28 60 עליאן 1 1 1 2 2 1519 1
5 combined2b 29 58 איבתיסאם 1 1 1 2 2 551 1
5 combined2b 30 3 בריאות 1 2 1 2 2 1865 1
5 combined2b 31 45 מכוער 2 2 1 2 2 1115 1
5 combined2b 32 7 חבר 1 2 1 2 2 647 1
5 combined2b 33 89 יאיר 2 1 1 2 2 600 1
5 combined2b 34 94 עדי 2 1 1 2 2 482 1
5 combined2b 35 57 מוסא 1 1 1 2 2 601 1
5 combined2b 36 22 שמחה 1 2 1 2 2 1126 1
5 combined2b 37 12 עדין 1 2 1 2 2 1073 1
5 combined2b 38 20 זריחה 1 2 1 2 2 521 1
5 combined2b 39 55 מדחאת 1 1 1 2 2 625 1
5 combined2b 40 100 יוכבד 2 1 1 2 2 550 2
5 combined2b 41 10 תענוג 1 2 1 2 2 2693 1
5 combined2b 42 15 קשת 1 2 1 2 2 1417 1
5 combined2b 43 27 התרסקות 2 2 1 2 2 558 1
5 combined2b 44 11 יהלום 1 2 1 2 2 547 1
5 combined2b 45 24 עילאי 1 2 1 2 2 751 1
5 combined2b 46 26 התעללות 2 2 1 2 2 1344 1
5 combined2b 47 8 כיף 1 2 1 2 2 525 1
5 combined2b 48 86 נועה 2 1 1 2 2 752 1
5 combined2b 49 68 נאדיה 1 1 1 2 2 845 1
5 combined2b 50 99 מיטל 2 1 1 2 2 1223 1
6 bw 1 45 אהרון 2 1 0 4 1 3806 1
6 bw 2 40 שמעון 2 1 0 4 1 1526 1
6 bw 3 6 איבתיסאם 1 1 0 3 1 812 1
6 bw 4 10 סאמיר 1 1 0 3 1 1141 1
6 bw 5 29 דני 2 1 0 4 1 793 1
6 bw 6 16 נאדיה 1 1 0 3 1 697 1
6 bw 7 5 מוסא 1 1 0 3 1 650 1
6 bw 8 1 מוחמד 1 1 0 3 1 603 1
6 bw 9 31 משה 2 1 0 4 1 522 1
6 bw 10 3 מדחאת 1 1 0 3 1 606 1
6 bw 11 14 פאטימה 1 1 0 3 1 618 1
6 bw 12 8 עליאן 1 1 0 3 1 490 1
6 bw 13 34 נועה 2 1 0 4 1 493 1
6 bw 14 27 רונן 2 1 0 4 1 734 1
6 bw 15 26 יאיר 2 1 0 4 1 512 1
6 bw 16 13 עביר 1 1 0 3 1 1122 1
6 bw 17 37 יאיר 2 1 0 4 1 954 1
6 bw 18 36 ערן 2 1 0 4 1 785 1
6 bw 19 30 אבי 2 1 0 4 1 445 1
6 bw 20 12 סאמיחה 1 1 0 3 1 792 1
6 bw 21 50 יהודה 2 1 0 4 1 713 1
6 bw 22 28 יובל 2 1 0 4 1 460 1
6 bw 23 20 עבד 1 1 0 3 1 539 1
6 bw 24 9 ראפיק 1 1 0 3 1 658 1
6 bw 25 2 אחמד 1 1 0 3 1 976 1
6 bw 26 11 עזיזה 1 1 0 3 1 525 1
6 bw 27 17 עאידה 1 1 0 3 1 471 1
6 bw 28 7 נור 1 1 0 3 1 716 1
6 bw 29 25 סאמירה 1 1 0 3 1 435 1
6 bw 30 46 דויד 2 1 0 4 1 432 1
6 bw 31 4 איברהים 1 1 0 3 1 798 1
6 bw 32 41 אורן 2 1 0 4 1 598 1
6 bw 33 15 האדיל 1 1 0 3 1 837 1
6 bw 34 47 מיטל 2 1 0 4 1 560 1
6 bw 35 38 עמוס 2 1 0 4 1 654 1
6 bw 36 18 תייסיר 1 1 0 3 1 595 1
6 bw 37 42 עדי 2 1 0 4 1 531 1
6 bw 38 49 ישראל 2 1 0 4 1 505 1
6 bw 39 22 סוילמאן 1 1 0 3 1 604 1
6 bw 40 24 ראינאן 1 1 0 3 1 471 1
6 bw 41 35 נעמה 2 1 0 4 1 450 1
6 bw 42 39 רבקה 2 1 0 4 1 492 1
6 bw 43 44 יפעת 2 1 0 4 1 543 1
6 bw 44 32 שני 2 1 0 4 1 651 1
6 bw 45 23 אשראף 1 1 0 3 1 503 1
6 bw 46 43 עידן 2 1 0 4 1 658 1
6 bw 47 21 סאלים 1 1 0 3 1 753 1
6 bw 48 19 ראניה 1 1 0 3 1 601 1
6 bw 49 33 מאיה 2 1 0 4 1 498 1
6 bw 50 48 יוכבד 2 1 0 4 1 559 1
7 combined1 1 33 אבל 2 2 2 4 1 5590 1
7 combined1 2 95 עידן 2 1 2 4 1 1698 1
7 combined1 3 21 משפחה 1 2 2 4 1 693 2
7 combined1 4 3 בריאות 1 2 2 4 1 4698 1
7 combined1 5 29 רצח 2 2 2 4 1 1576 1
7 combined1 6 42 גירושין 2 2 2 4 1 994 1
7 combined1 7 47 רשע 2 2 2 4 1 853 1
7 combined1 8 87 נעמה 2 1 2 4 1 697 1
7 combined1 9 96 יפעת 2 1 2 4 1 558 1
7 combined1 10 57 מוסא 1 1 2 4 1 1290 1
7 combined1 11 72 עבד 1 1 2 4 1 622 1
7 combined1 12 45 מכוער 2 2 2 4 1 486 2
7 combined1 13 18 כבוד 1 2 2 4 1 3121 1
7 combined1 14 53 מוחמד 1 1 2 4 1 1284 1
7 combined1 15 61 ראפיק 1 1 2 4 1 1105 1
7 combined1 16 78 יאיר 2 1 2 4 1 806 1
7 combined1 17 79 רונן 2 1 2 4 1 2326 1
7 combined1 18 71 ראניה 1 1 2 4 1 787 1
7 combined1 19 20 זריחה 1 2 2 4 1 1105 1
7 combined1 20 66 פאטימה 1 1 2 4 1 1117 1
7 combined1 21 41 פצצה 2 2 2 4 1 1366 1
7 combined1 22 31 תאונה 2 2 2 4 1 1733 1
7 combined1 23 37 אסון 2 2 2 4 1 779 1
7 combined1 24 99 מיטל 2 1 2 4 1 1100 1
7 combined1 25 39 זיהום 2 2 2 4 1 1703 1
7 combined1 26 94 עדי 2 1 2 4 1 1134 1
7 combined1 27 1 ללטף 1 2 2 4 1 1156 2
7 combined1 28 90 עמוס 2 1 2 4 1 1908 1
7 combined1 29 9 נאמן 1 2 2 4 1 2440 1
7 combined1 30 32 מוות 2 2 2 4 1 913 1
7 combined1 31 92 שמעון 2 1 2 4 1 1295 1
7 combined1 32 46 סרטן 2 2 2 4 1 1536 1
7 combined1 33 70 תייסיר 1 1 2 4 1 1737 1
7 combined1 34 7 חבר 1 2 2 4 1 1465 1
7 combined1 35 73 סאלים 1 1 2 4 1 592 1
7 combined1 36 63 עזיזה 1 1 2 4 1 531 1
7 combined1 37 80 יובל 2 1 2 4 1 853 1
7 combined1 38 89 יאיר 2 1 2 4 1 640 1
7 combined1 39 30 חולי 2 2 2 4 1 1357 1
7 combined1 40 27 התרסקות 2 2 2 4 1 1454 1
7 combined1 41 62 סאמיר 1 1 2 4 1 479 2
7 combined1 42 52 לכוד 2 2 2 4 1 2069 2
7 combined1 43 16 הישג 1 2 2 4 1 2777 1
7 combined1 44 5 שלום 1 2 2 4 1 975 1
7 combined1 45 67 האדיל 1 1 2 4 1 1667 1
7 combined1 46 64 סאמיחה 1 1 2 4 1 628 1
7 combined1 47 34 רעל 2 2 2 4 1 4322 1
7 combined1 48 25 חופשה 1 2 2 4 1 1172 1
7 combined1 49 13 כנה 1 2 2 4 1 980 1
7 combined1 50 6 לעודד 1 2 2 4 1 701 1
8 combined1b 1 50 קיא 2 2 2 4 1 3859 1
8 combined1b 2 26 התעללות 2 2 2 4 1 3543 1
8 combined1b 3 44 עוני 2 2 2 4 1 2348 1
8 combined1b 4 23 צחוק 1 2 2 4 1 2783 1
8 combined1b 5 11 יהלום 1 2 2 4 1 616 1
8 combined1b 6 97 אהרון 2 1 2 4 1 735 2
8 combined1b 7 36 תקיפה 2 2 2 4 1 1528 1
8 combined1b 8 74 סוילמאן 1 1 2 4 1 1810 1
8 combined1b 9 40 טרגדיה 2 2 2 4 1 951 1
8 combined1b 10 24 עילאי 1 2 2 4 1 1344 2
8 combined1b 11 58 איבתיסאם 1 1 2 4 1 3930 1
8 combined1b 12 2 חופש 1 2 2 4 1 1196 1
8 combined1b 13 17 מתנה 1 2 2 4 1 578 1
8 combined1b 14 91 רבקה 2 1 2 4 1 1000 1
8 combined1b 15 49 רקוב 2 2 2 4 1 780 1
8 combined1b 16 22 שמחה 1 2 2 4 1 3081 1
8 combined1b 17 98 דויד 2 1 2 4 1 1546 1
8 combined1b 18 93 אורן 2 1 2 4 1 773 1
8 combined1b 19 38 שנאה 2 2 2 4 1 2049 1
8 combined1b 20 35 סירחון 2 2 2 4 1 863 1
8 combined1b 21 59 נור 1 1 2 4 1 1061 1
8 combined1b 22 76 ראינאן 1 1 2 4 1 541 1
8 combined1b 23 28 לכלוך 2 2 2 4 1 2709 1
8 combined1b 24 8 כיף 1 2 2 4 1 1582 1
8 combined1b 25 83 משה 2 1 2 4 1 785 1
8 combined1b 26 10 תענוג 1 2 2 4 1 1253 2
8 combined1b 27 86 נועה 2 1 2 4 1 1141 1
8 combined1b 28 65 עביר 1 1 2 4 1 2881 1
8 combined1b 29 43 כלא 2 2 2 4 1 1166 1
8 combined1b 30 68 נאדיה 1 1 2 4 1 1434 1
8 combined1b 31 56 איברהים 1 1 2 4 1 641 1
8 combined1b 32 60 עליאן 1 1 2 4 1 876 1
8 combined1b 33 84 שני 2 1 2 4 1 960 1
8 combined1b 34 82 אבי 2 1 2 4 1 734 1
8 combined1b 35 75 אשראף 1 1 2 4 1 608 2
8 combined1b 36 48 להרוג 2 2 2 4 1 3939 1
8 combined1b 37 15 קשת 1 2 2 4 1 2117 1
8 combined1b 38 81 דני 2 1 2 4 1 679 1
8 combined1b 39 14 מזל 1 2 2 4 1 709 2
8 combined1b 40 12 עדין 1 2 2 4 1 5012 1
8 combined1b 41 54 אחמד 1 1 2 4 1 1522 1
8 combined1b 42 69 עאידה 1 1 2 4 1 994 1
8 combined1b 43 77 סאמירה 1 1 2 4 1 607 1
8 combined1b 44 4 אהבה 1 2 2 4 1 1105 2
8 combined1b 45 51 צער 2 2 2 4 1 2717 1
8 combined1b 46 85 מאיה 2 1 2 4 1 724 1
8 combined1b 47 55 מדחאת 1 1 2 4 1 667 1
8 combined1b 48 88 ערן 2 1 2 4 1 1975 1
8 combined1b 49 100 יוכבד 2 1 2 4 1 501 1
8 combined1b 50 19 נס 1 2 2 4 1 770 2
9 bw 1 38 עמוס 2 1 0 4 1 2450 1
9 bw 2 2 אחמד 1 1 0 3 1 694 1
9 bw 3 1 מוחמד 1 1 0 3 1 780 1
9 bw 4 25 סאמירה 1 1 0 3 1 411 1
9 bw 5 19 ראניה 1 1 0 3 1 443 1
9 bw 6 44 יפעת 2 1 0 4 1 1395 1
9 bw 7 17 עאידה 1 1 0 3 1 622 1
9 bw 8 37 יאיר 2 1 0 4 1 544 1
9 bw 9 29 דני 2 1 0 4 1 627 1
9 bw 10 34 נועה 2 1 0 4 1 417 1
9 bw 11 32 שני 2 1 0 4 1 570 1
9 bw 12 30 אבי 2 1 0 4 1 501 1
9 bw 13 4 איברהים 1 1 0 3 1 446 2
9 bw 14 35 נעמה 2 1 0 4 1 1016 1
9 bw 15 27 רונן 2 1 0 4 1 549 1
9 bw 16 16 נאדיה 1 1 0 3 1 551 1
9 bw 17 40 שמעון 2 1 0 4 1 502 1
9 bw 18 36 ערן 2 1 0 4 1 712 1
9 bw 19 8 עליאן 1 1 0 3 1 439 1
9 bw 20 21 סאלים 1 1 0 3 1 709 1
9 bw 21 46 דויד 2 1 0 4 1 466 1
9 bw 22 45 אהרון 2 1 0 4 1 939 1
9 bw 23 43 עידן 2 1 0 4 1 846 1
9 bw 24 39 רבקה 2 1 0 4 1 381 1
9 bw 25 48 יוכבד 2 1 0 4 1 378 1
9 bw 26 13 עביר 1 1 0 3 1 606 1
9 bw 27 23 אשראף 1 1 0 3 1 493 1
9 bw 28 28 יובל 2 1 0 4 1 481 1
9 bw 29 7 נור 1 1 0 3 1 931 1
9 bw 30 6 איבתיסאם 1 1 0 3 1 637 1
9 bw 31 20 עבד 1 1 0 3 1 563 1
9 bw 32 33 מאיה 2 1 0 4 1 430 1
9 bw 33 50 יהודה 2 1 0 4 1 2385 1
9 bw 34 11 עזיזה 1 1 0 3 1 659 1
9 bw 35 3 מדחאת 1 1 0 3 1 432 1
9 bw 36 42 עדי 2 1 0 4 1 887 1
9 bw 37 5 מוסא 1 1 0 3 1 645 1
9 bw 38 41 אורן 2 1 0 4 1 755 1
9 bw 39 9 ראפיק 1 1 0 3 1 674 1
9 bw 40 47 מיטל 2 1 0 4 1 484 1
9 bw 41 12 סאמיחה 1 1 0 3 1 540 1
9 bw 42 24 ראינאן 1 1 0 3 1 503 1
9 bw 43 22 סוילמאן 1 1 0 3 1 396 1
9 bw 44 14 פאטימה 1 1 0 3 1 581 1
9 bw 45 15 האדיל 1 1 0 3 1 410 1
9 bw 46 18 תייסיר 1 1 0 3 1 387 1
9 bw 47 49 ישראל 2 1 0 4 1 650 1
9 bw 48 10 סאמיר 1 1 0 3 1 2559 1
9 bw 49 31 משה 2 1 0 4 1 549 1
9 bw 50 26 יאיר 2 1 0 4 1 869 1
10 combined1 1 71 ראניה 1 1 2 4 1 2676 1
10 combined1 2 69 עאידה 1 1 2 4 1 447 1
10 combined1 3 44 עוני 2 2 2 4 1 1375 1
10 combined1 4 25 חופשה 1 2 2 4 1 700 2
10 combined1 5 66 פאטימה 1 1 2 4 1 1264 1
10 combined1 6 3 בריאות 1 2 2 4 1 1750 1
10 combined1 7 59 נור 1 1 2 4 1 2223 1
10 combined1 8 20 זריחה 1 2 2 4 1 1953 1
10 combined1 9 8 כיף 1 2 2 4 1 590 1
10 combined1 10 41 פצצה 2 2 2 4 1 731 1
10 combined1 11 55 מדחאת 1 1 2 4 1 645 1
10 combined1 12 76 ראינאן 1 1 2 4 1 569 1
10 combined1 13 74 סוילמאן 1 1 2 4 1 440 1
10 combined1 14 43 כלא 2 2 2 4 1 727 1
10 combined1 15 19 נס 1 2 2 4 1 727 1
10 combined1 16 42 גירושין 2 2 2 4 1 1241 1
10 combined1 17 15 קשת 1 2 2 4 1 990 1
10 combined1 18 56 איברהים 1 1 2 4 1 743 1
10 combined1 19 99 מיטל 2 1 2 4 1 841 1
10 combined1 20 29 רצח 2 2 2 4 1 1844 1
10 combined1 21 2 חופש 1 2 2 4 1 2721 1
10 combined1 22 81 דני 2 1 2 4 1 1148 1
10 combined1 23 1 ללטף 1 2 2 4 1 2898 1
10 combined1 24 27 התרסקות 2 2 2 4 1 1128 1
10 combined1 25 97 אהרון 2 1 2 4 1 2004 1
10 combined1 26 89 יאיר 2 1 2 4 1 478 1
10 combined1 27 49 רקוב 2 2 2 4 1 737 1
10 combined1 28 72 עבד 1 1 2 4 1 1081 1
10 combined1 29 60 עליאן 1 1 2 4 1 832 1
10 combined1 30 4 אהבה 1 2 2 4 1 656 1
10 combined1 31 36 תקיפה 2 2 2 4 1 1359 1
10 combined1 32 64 סאמיחה 1 1 2 4 1 717 1
10 combined1 33 21 משפחה 1 2 2 4 1 942 2
10 combined1 34 65 עביר 1 1 2 4 1 3028 1
10 combined1 35 30 חולי 2 2 2 4 1 3438 1
10 combined1 36 31 תאונה 2 2 2 4 1 1854 1
10 combined1 37 80 יובל 2 1 2 4 1 2337 1
10 combined1 38 17 מתנה 1 2 2 4 1 675 1
10 combined1 39 54 אחמד 1 1 2 4 1 910 1
10 combined1 40 10 תענוג 1 2 2 4 1 727 1
10 combined1 41 98 דויד 2 1 2 4 1 838 1
10 combined1 42 48 להרוג 2 2 2 4 1 905 1
10 combined1 43 39 זיהום 2 2 2 4 1 996 1
10 combined1 44 22 שמחה 1 2 2 4 1 536 1
10 combined1 45 67 האדיל 1 1 2 4 1 780 1
10 combined1 46 85 מאיה 2 1 2 4 1 861 1
10 combined1 47 86 נועה 2 1 2 4 1 543 1
10 combined1 48 88 ערן 2 1 2 4 1 487 1
10 combined1 49 40 טרגדיה 2 2 2 4 1 779 1
10 combined1 50 50 קיא 2 2 2 4 1 561 1
11 combined1b 1 79 רונן 2 1 2 4 1 2350 1
11 combined1b 2 32 מוות 2 2 2 4 1 821 1
11 combined1b 3 34 רעל 2 2 2 4 1 584 1
11 combined1b 4 61 ראפיק 1 1 2 4 1 597 2
11 combined1b 5 37 אסון 2 2 2 4 1 1017 1
11 combined1b 6 84 שני 2 1 2 4 1 2297 1
11 combined1b 7 77 סאמירה 1 1 2 4 1 591 1
11 combined1b 8 13 כנה 1 2 2 4 1 1268 1
11 combined1b 9 100 יוכבד 2 1 2 4 1 1618 1
11 combined1b 10 87 נעמה 2 1 2 4 1 478 1
11 combined1b 11 47 רשע 2 2 2 4 1 504 1
11 combined1b 12 7 חבר 1 2 2 4 1 1208 1
11 combined1b 13 83 משה 2 1 2 4 1 917 1
11 combined1b 14 14 מזל 1 2 2 4 1 1664 1
11 combined1b 15 28 לכלוך 2 2 2 4 1 1090 1
11 combined1b 16 52 לכוד 2 2 2 4 1 1170 1
11 combined1b 17 45 מכוער 2 2 2 4 1 527 1
11 combined1b 18 78 יאיר 2 1 2 4 1 887 1
11 combined1b 19 53 מוחמד 1 1 2 4 1 651 1
11 combined1b 20 33 אבל 2 2 2 4 1 790 1
11 combined1b 21 11 יהלום 1 2 2 4 1 1047 1
11 combined1b 22 58 איבתיסאם 1 1 2 4 1 718 1
11 combined1b 23 91 רבקה 2 1 2 4 1 719 1
11 combined1b 24 94 עדי 2 1 2 4 1 614 1
11 combined1b 25 92 שמעון 2 1 2 4 1 440 1
11 combined1b 26 38 שנאה 2 2 2 4 1 421 1
11 combined1b 27 70 תייסיר 1 1 2 4 1 575 2
11 combined1b 28 62 סאמיר 1 1 2 4 1 742 1
11 combined1b 29 9 נאמן 1 2 2 4 1 839 2
11 combined1b 30 93 אורן 2 1 2 4 1 1352 1
11 combined1b 31 96 יפעת 2 1 2 4 1 726 1
11 combined1b 32 68 נאדיה 1 1 2 4 1 654 1
11 combined1b 33 95 עידן 2 1 2 4 1 783 1
11 combined1b 34 12 עדין 1 2 2 4 1 1054 1
11 combined1b 35 26 התעללות 2 2 2 4 1 807 1
11 combined1b 36 18 כבוד 1 2 2 4 1 883 1
11 combined1b 37 16 הישג 1 2 2 4 1 779 1
11 combined1b 38 51 צער 2 2 2 4 1 855 1
11 combined1b 39 63 עזיזה 1 1 2 4 1 836 1
11 combined1b 40 75 אשראף 1 1 2 4 1 420 1
11 combined1b 41 82 אבי 2 1 2 4 1 744 1
11 combined1b 42 23 צחוק 1 2 2 4 1 864 1
11 combined1b 43 73 סאלים 1 1 2 4 1 1260 1
11 combined1b 44 35 סירחון 2 2 2 4 1 896 1
11 combined1b 45 5 שלום 1 2 2 4 1 1208 1
11 combined1b 46 6 לעודד 1 2 2 4 1 867 1
11 combined1b 47 46 סרטן 2 2 2 4 1 814 1
11 combined1b 48 57 מוסא 1 1 2 4 1 680 1
11 combined1b 49 24 עילאי 1 2 2 4 1 989 2
11 combined1b 50 90 עמוס 2 1 2 4 1 5240 1
12 wb 1 3 מדחאת 1 1 0 3 2 4758 1
12 wb 2 49 ישראל 2 1 0 4 2 572 1
12 wb 3 29 דני 2 1 0 4 2 628 1
12 wb 4 19 ראניה 1 1 0 3 2 793 1
12 wb 5 1 מוחמד 1 1 0 3 2 542 1
12 wb 6 34 נועה 2 1 0 4 2 646 1
12 wb 7 33 מאיה 2 1 0 4 2 615 1
12 wb 8 16 נאדיה 1 1 0 3 2 770 1
12 wb 9 50 יהודה 2 1 0 4 2 664 1
12 wb 10 25 סאמירה 1 1 0 3 2 848 1
12 wb 11 28 יובל 2 1 0 4 2 1393 1
12 wb 12 46 דויד 2 1 0 4 2 799 1
12 wb 13 26 יאיר 2 1 0 4 2 1008 1
12 wb 14 39 רבקה 2 1 0 4 2 464 1
12 wb 15 17 עאידה 1 1 0 3 2 492 1
12 wb 16 47 מיטל 2 1 0 4 2 611 1
12 wb 17 2 אחמד 1 1 0 3 2 634 1
12 wb 18 38 עמוס 2 1 0 4 2 1222 1
12 wb 19 45 אהרון 2 1 0 4 2 586 1
12 wb 20 35 נעמה 2 1 0 4 2 482 1
12 wb 21 4 איברהים 1 1 0 3 2 585 1
12 wb 22 21 סאלים 1 1 0 3 2 627 1
12 wb 23 43 עידן 2 1 0 4 2 408 1
12 wb 24 42 עדי 2 1 0 4 2 506 1
12 wb 25 6 איבתיסאם 1 1 0 3 2 506 1
12 wb 26 11 עזיזה 1 1 0 3 2 490 1
12 wb 27 7 נור 1 1 0 3 2 510 1
12 wb 28 40 שמעון 2 1 0 4 2 580 1
12 wb 29 30 אבי 2 1 0 4 2 504 1
12 wb 30 5 מוסא 1 1 0 3 2 515 1
12 wb 31 31 משה 2 1 0 4 2 1042 1
12 wb 32 20 עבד 1 1 0 3 2 586 1
12 wb 33 14 פאטימה 1 1 0 3 2 551 1
12 wb 34 48 יוכבד 2 1 0 4 2 672 1
12 wb 35 18 תייסיר 1 1 0 3 2 657 1
12 wb 36 9 ראפיק 1 1 0 3 2 510 1
12 wb 37 10 סאמיר 1 1 0 3 2 403 1
12 wb 38 15 האדיל 1 1 0 3 2 525 1
12 wb 39 24 ראינאן 1 1 0 3 2 456 1
12 wb 40 23 אשראף 1 1 0 3 2 505 1
12 wb 41 22 סוילמאן 1 1 0 3 2 675 1
12 wb 42 44 יפעת 2 1 0 4 2 407 1
12 wb 43 37 יאיר 2 1 0 4 2 508 1
12 wb 44 27 רונן 2 1 0 4 2 472 1
12 wb 45 13 עביר 1 1 0 3 2 633 1
12 wb 46 8 עליאן 1 1 0 3 2 577 1
12 wb 47 41 אורן 2 1 0 4 2 510 1
12 wb 48 32 שני 2 1 0 4 2 817 1
12 wb 49 36 ערן 2 1 0 4 2 557 1
12 wb 50 12 סאמיחה 1 1 0 3 2 564 1
13 combined2 1 89 יאיר 2 1 1 3 2 3058 1
13 combined2 2 66 פאטימה 1 1 1 3 2 692 1
13 combined2 3 64 סאמיחה 1 1 1 3 2 712 1
13 combined2 4 51 צער 2 2 1 3 2 1095 1
13 combined2 5 40 טרגדיה 2 2 1 3 2 972 1
13 combined2 6 72 עבד 1 1 1 3 2 571 1
13 combined2 7 94 עדי 2 1 1 3 2 587 1
13 combined2 8 98 דויד 2 1 1 3 2 537 1
13 combined2 9 97 אהרון 2 1 1 3 2 482 1
13 combined2 10 79 רונן 2 1 1 3 2 374 1
13 combined2 11 13 כנה 1 2 1 3 2 447 1
13 combined2 12 85 מאיה 2 1 1 3 2 486 1
13 combined2 13 95 עידן 2 1 1 3 2 413 1
13 combined2 14 12 עדין 1 2 1 3 2 366 1
13 combined2 15 54 אחמד 1 1 1 3 2 421 2
13 combined2 16 100 יוכבד 2 1 1 3 2 733 1
13 combined2 17 60 עליאן 1 1 1 3 2 642 1
13 combined2 18 37 אסון 2 2 1 3 2 831 1
13 combined2 19 28 לכלוך 2 2 1 3 2 470 1
13 combined2 20 96 יפעת 2 1 1 3 2 576 1
13 combined2 21 33 אבל 2 2 1 3 2 1090 1
13 combined2 22 55 מדחאת 1 1 1 3 2 593 1
13 combined2 23 10 תענוג 1 2 1 3 2 606 1
13 combined2 24 69 עאידה 1 1 1 3 2 682 1
13 combined2 25 23 צחוק 1 2 1 3 2 637 1
13 combined2 26 99 מיטל 2 1 1 3 2 1552 1
13 combined2 27 31 תאונה 2 2 1 3 2 645 1
13 combined2 28 71 ראניה 1 1 1 3 2 643 1
13 combined2 29 34 רעל 2 2 1 3 2 601 1
13 combined2 30 59 נור 1 1 1 3 2 449 1
13 combined2 31 70 תייסיר 1 1 1 3 2 514 1
13 combined2 32 78 יאיר 2 1 1 3 2 558 1
13 combined2 33 63 עזיזה 1 1 1 3 2 653 1
13 combined2 34 11 יהלום 1 2 1 3 2 677 1
13 combined2 35 90 עמוס 2 1 1 3 2 539 1
13 combined2 36 30 חולי 2 2 1 3 2 589 1
13 combined2 37 42 גירושין 2 2 1 3 2 520 1
13 combined2 38 44 עוני 2 2 1 3 2 525 1
13 combined2 39 58 איבתיסאם 1 1 1 3 2 539 1
13 combined2 40 20 זריחה 1 2 1 3 2 454 1
13 combined2 41 35 סירחון 2 2 1 3 2 1469 1
13 combined2 42 26 התעללות 2 2 1 3 2 630 1
13 combined2 43 9 נאמן 1 2 1 3 2 1038 1
13 combined2 44 15 קשת 1 2 1 3 2 629 1
13 combined2 45 45 מכוער 2 2 1 3 2 498 1
13 combined2 46 50 קיא 2 2 1 3 2 587 1
13 combined2 47 6 לעודד 1 2 1 3 2 679 1
13 combined2 48 3 בריאות 1 2 1 3 2 600 1
13 combined2 49 92 שמעון 2 1 1 3 2 1292 1
13 combined2 50 82 אבי 2 1 1 3 2 481 1
14 combined2b 1 84 שני 2 1 1 3 2 2214 1
14 combined2b 2 14 מזל 1 2 1 3 2 552 1
14 combined2b 3 87 נעמה 2 1 1 3 2 423 1
14 combined2b 4 19 נס 1 2 1 3 2 516 1
14 combined2b 5 62 סאמיר 1 1 1 3 2 668 1
14 combined2b 6 80 יובל 2 1 1 3 2 494 1
14 combined2b 7 39 זיהום 2 2 1 3 2 907 1
14 combined2b 8 16 הישג 1 2 1 3 2 551 1
14 combined2b 9 53 מוחמד 1 1 1 3 2 717 1
14 combined2b 10 83 משה 2 1 1 3 2 612 2
14 combined2b 11 93 אורן 2 1 1 3 2 734 1
14 combined2b 12 74 סוילמאן 1 1 1 3 2 2698 1
14 combined2b 13 65 עביר 1 1 1 3 2 844 1
14 combined2b 14 81 דני 2 1 1 3 2 472 1
14 combined2b 15 48 להרוג 2 2 1 3 2 1016 1
14 combined2b 16 4 אהבה 1 2 1 3 2 2385 1
14 combined2b 17 32 מוות 2 2 1 3 2 774 1
14 combined2b 18 67 האדיל 1 1 1 3 2 2848 1
14 combined2b 19 61 ראפיק 1 1 1 3 2 636 1
14 combined2b 20 5 שלום 1 2 1 3 2 626 1
14 combined2b 21 49 רקוב 2 2 1 3 2 1843 1
14 combined2b 22 22 שמחה 1 2 1 3 2 693 1
14 combined2b 23 27 התרסקות 2 2 1 3 2 770 1
14 combined2b 24 57 מוסא 1 1 1 3 2 652 1
14 combined2b 25 43 כלא 2 2 1 3 2 1145 1
14 combined2b 26 47 רשע 2 2 1 3 2 3165 1
14 combined2b 27 17 מתנה 1 2 1 3 2 566 1
14 combined2b 28 86 נועה 2 1 1 3 2 578 1
14 combined2b 29 8 כיף 1 2 1 3 2 490 1
14 combined2b 30 25 חופשה 1 2 1 3 2 856 1
14 combined2b 31 88 ערן 2 1 1 3 2 689 1
14 combined2b 32 29 רצח 2 2 1 3 2 584 1
14 combined2b 33 21 משפחה 1 2 1 3 2 694 1
14 combined2b 34 24 עילאי 1 2 1 3 2 784 1
14 combined2b 35 76 ראינאן 1 1 1 3 2 671 1
14 combined2b 36 7 חבר 1 2 1 3 2 576 1
14 combined2b 37 1 ללטף 1 2 1 3 2 1102 1
14 combined2b 38 36 תקיפה 2 2 1 3 2 605 1
14 combined2b 39 73 סאלים 1 1 1 3 2 882 1
14 combined2b 40 77 סאמירה 1 1 1 3 2 516 1
14 combined2b 41 75 אשראף 1 1 1 3 2 452 1
14 combined2b 42 68 נאדיה 1 1 1 3 2 591 1
14 combined2b 43 38 שנאה 2 2 1 3 2 595 1
14 combined2b 44 18 כבוד 1 2 1 3 2 802 1
14 combined2b 45 91 רבקה 2 1 1 3 2 382 1
14 combined2b 46 56 איברהים 1 1 1 3 2 701 1
14 combined2b 47 46 סרטן 2 2 1 3 2 1717 1
14 combined2b 48 2 חופש 1 2 1 3 2 551 1
14 combined2b 49 41 פצצה 2 2 1 3 2 596 1
14 combined2b 50 52 לכוד 2 2 1 3 2 667 1
260 418 0
