2 wb 1 14 פאטימה 1 1 0 3 2 1024 1
2 wb 2 16 נאדיה 1 1 0 3 2 660 1
2 wb 3 23 אשראף 1 1 0 3 2 592 1
2 wb 4 31 משה 2 1 0 4 2 653 1
2 wb 5 1 מוחמד 1 1 0 3 2 625 1
2 wb 6 30 אבי 2 1 0 4 2 534 1
2 wb 7 5 מוסא 1 1 0 3 2 562 1
2 wb 8 21 סאלים 1 1 0 3 2 565 1
2 wb 9 44 יפעת 2 1 0 4 2 566 1
2 wb 10 24 ראינאן 1 1 0 3 2 554 1
2 wb 11 32 שני 2 1 0 4 2 559 1
2 wb 12 9 ראפיק 1 1 0 3 2 601 1
2 wb 13 29 דני 2 1 0 4 2 523 1
2 wb 14 33 מאיה 2 1 0 4 2 954 1
2 wb 15 8 עליאן 1 1 0 3 2 766 1
2 wb 16 22 סוילמאן 1 1 0 3 2 569 1
2 wb 17 10 סאמיר 1 1 0 3 2 508 1
2 wb 18 7 נור 1 1 0 3 2 476 2
2 wb 19 36 ערן 2 1 0 4 2 612 1
2 wb 20 27 רונן 2 1 0 4 2 615 1
2 wb 21 38 עמוס 2 1 0 4 2 622 1
2 wb 22 6 איבתיסאם 1 1 0 3 2 530 1
2 wb 23 34 נועה 2 1 0 4 2 1486 1
2 wb 24 13 עביר 1 1 0 3 2 547 1
2 wb 25 25 סאמירה 1 1 0 3 2 682 1
2 wb 26 17 עאידה 1 1 0 3 2 460 1
2 wb 27 42 עדי 2 1 0 4 2 539 1
2 wb 28 35 נעמה 2 1 0 4 2 593 1
2 wb 29 40 שמעון 2 1 0 4 2 508 1
2 wb 30 4 איברהים 1 1 0 3 2 481 1
2 wb 31 49 ישראל 2 1 0 4 2 597 1
2 wb 32 43 עידן 2 1 0 4 2 580 1
2 wb 33 12 סאמיחה 1 1 0 3 2 593 1
2 wb 34 47 מיטל 2 1 0 4 2 843 1
2 wb 35 45 אהרון 2 1 0 4 2 1138 1
2 wb 36 39 רבקה 2 1 0 4 2 895 1
2 wb 37 18 תייסיר 1 1 0 3 2 611 1
2 wb 38 2 אחמד 1 1 0 3 2 655 1
2 wb 39 11 עזיזה 1 1 0 3 2 641 1
2 wb 40 46 דויד 2 1 0 4 2 533 1
2 wb 41 20 עבד 1 1 0 3 2 1015 1
2 wb 42 26 יאיר 2 1 0 4 2 822 1
2 wb 43 41 אורן 2 1 0 4 2 1200 1
2 wb 44 15 האדיל 1 1 0 3 2 1349 1
2 wb 45 48 יוכבד 2 1 0 4 2 650 1
2 wb 46 28 יובל 2 1 0 4 2 714 1
2 wb 47 19 ראניה 1 1 0 3 2 507 1
2 wb 48 3 מדחאת 1 1 0 3 2 519 1
2 wb 49 50 יהודה 2 1 0 4 2 553 1
2 wb 50 37 יאיר 2 1 0 4 2 489 1
3 pu 1 7 חבר 1 2 0 1 2 1374 1
3 pu 2 42 גירושין 2 2 0 2 2 1128 1
3 pu 3 32 מוות 2 2 0 2 2 738 1
3 pu 4 14 מזל 1 2 0 1 2 405 1
3 pu 5 13 כנה 1 2 0 1 2 694 1
3 pu 6 2 חופש 1 2 0 1 2 998 1
3 pu 7 48 להרוג 2 2 0 2 2 800 1
3 pu 8 33 אבל 2 2 0 2 2 728 1
3 pu 9 45 מכוער 2 2 0 2 2 995 1
3 pu 10 43 כלא 2 2 0 2 2 912 1
3 pu 11 17 מתנה 1 2 0 1 2 708 1
3 pu 12 11 יהלום 1 2 0 1 2 755 1
3 pu 13 23 צחוק 1 2 0 1 2 866 1
3 pu 14 35 סירחון 2 2 0 2 2 763 1
3 pu 15 44 עוני 2 2 0 2 2 1439 1
3 pu 16 52 לכוד 2 2 0 2 2 666 1
3 pu 17 30 חולי 2 2 0 2 2 614 1
3 pu 18 3 בריאות 1 2 0 1 2 646 1
3 pu 19 6 לעודד 1 2 0 1 2 664 1
3 pu 20 34 רעל 2 2 0 2 2 717 1
3 pu 21 4 אהבה 1 2 0 1 2 792 1
3 pu 22 31 תאונה 2 2 0 2 2 575 1
3 pu 23 9 נאמן 1 2 0 1 2 628 1
3 pu 24 15 קשת 1 2 0 1 2 733 1
3 pu 25 37 אסון 2 2 0 2 2 765 1
3 pu 26 28 לכלוך 2 2 0 2 2 1164 1
3 pu 27 51 צער 2 2 0 2 2 1090 1
3 pu 28 39 זיהום 2 2 0 2 2 505 1
3 pu 29 26 התעללות 2 2 0 2 2 430 1
3 pu 30 50 קיא 2 2 0 2 2 474 1
3 pu 31 18 כבוד 1 2 0 1 2 448 1
3 pu 32 10 תענוג 1 2 0 1 2 505 1
3 pu 33 12 עדין 1 2 0 1 2 596 1
3 pu 34 47 רשע 2 2 0 2 2 455 1
3 pu 35 25 חופשה 1 2 0 1 2 462 1
3 pu 36 8 כיף 1 2 0 1 2 576 1
3 pu 37 24 עילאי 1 2 0 1 2 556 1
3 pu 38 40 טרגדיה 2 2 0 2 2 872 2
3 pu 39 41 פצצה 2 2 0 2 2 742 1
3 pu 40 49 רקוב 2 2 0 2 2 637 1
3 pu 41 5 שלום 1 2 0 1 2 773 1
3 pu 42 16 הישג 1 2 0 1 2 964 1
3 pu 43 22 שמחה 1 2 0 1 2 554 1
3 pu 44 36 תקיפה 2 2 0 2 2 808 1
3 pu 45 1 ללטף 1 2 0 1 2 565 2
3 pu 46 29 רצח 2 2 0 2 2 1394 1
3 pu 47 46 סרטן 2 2 0 2 2 513 1
3 pu 48 27 התרסקות 2 2 0 2 2 903 1
3 pu 49 38 שנאה 2 2 0 2 2 1221 1
3 pu 50 21 משפחה 1 2 0 1 2 698 1
4 combined2 1 26 התעללות 2 2 1 1 2 1380 1
4 combined2 2 40 טרגדיה 2 2 1 1 2 733 1
4 combined2 3 30 חולי 2 2 1 1 2 567 1
4 combined2 4 12 עדין 1 2 1 1 2 1371 1
4 combined2 5 87 נעמה 2 1 1 1 2 767 1
4 combined2 6 17 מתנה 1 2 1 1 2 673 1
4 combined2 7 11 יהלום 1 2 1 1 2 602 1
4 combined2 8 100 יוכבד 2 1 1 1 2 472 1
4 combined2 9 60 עליאן 1 1 1 1 2 594 1
4 combined2 10 53 מוחמד 1 1 1 1 2 659 1
4 combined2 11 76 ראינאן 1 1 1 1 2 534 1
4 combined2 12 38 שנאה 2 2 1 1 2 1256 1
4 combined2 13 5 שלום 1 2 1 1 2 716 1
4 combined2 14 89 יאיר 2 1 1 1 2 531 1
4 combined2 15 66 פאטימה 1 1 1 1 2 791 1
4 combined2 16 10 תענוג 1 2 1 1 2 727 2
4 combined2 17 98 דויד 2 1 1 1 2 959 1
4 combined2 18 47 רשע 2 2 1 1 2 732 1
4 combined2 19 91 רבקה 2 1 1 1 2 931 1
4 combined2 20 3 בריאות 1 2 1 1 2 965 1
4 combined2 21 78 יאיר 2 1 1 1 2 863 1
4 combined2 22 72 עבד 1 1 1 1 2 923 1
4 combined2 23 37 אסון 2 2 1 1 2 820 1
4 combined2 24 75 אשראף 1 1 1 1 2 780 1
4 combined2 25 36 תקיפה 2 2 1 1 2 1234 1
4 combined2 26 20 זריחה 1 2 1 1 2 1504 1
4 combined2 27 35 סירחון 2 2 1 1 2 730 1
4 combined2 28 16 הישג 1 2 1 1 2 1494 1
4 combined2 29 74 סוילמאן 1 1 1 1 2 2040 1
4 combined2 30 1 ללטף 1 2 1 1 2 1141 1
4 combined2 31 46 סרטן 2 2 1 1 2 885 1
4 combined2 32 49 רקוב 2 2 1 1 2 960 1
4 combined2 33 48 להרוג 2 2 1 1 2 1526 1
4 combined2 34 34 רעל 2 2 1 1 2 650 1
4 combined2 35 62 סאמיר 1 1 1 1 2 638 1
4 combined2 36 59 נור 1 1 1 1 2 588 1
4 combined2 37 4 אהבה 1 2 1 1 2 1078 1
4 combined2 38 83 משה 2 1 1 1 2 566 1
4 combined2 39 58 איבתיסאם 1 1 1 1 2 606 1
4 combined2 40 90 עמוס 2 1 1 1 2 956 1
4 combined2 41 39 זיהום 2 2 1 1 2 638 1
4 combined2 42 41 פצצה 2 2 1 1 2 958 1
4 combined2 43 61 ראפיק 1 1 1 1 2 1020 1
4 combined2 44 18 כבוד 1 2 1 1 2 1419 1
4 combined2 45 63 עזיזה 1 1 1 1 2 3847 1
4 combined2 46 81 דני 2 1 1 1 2 662 1
4 combined2 47 2 חופש 1 2 1 1 2 1783 1
4 combined2 48 42 גירושין 2 2 1 1 2 837 1
4 combined2 49 92 שמעון 2 1 1 1 2 867 1
4 combined2 50 85 מאיה 2 1 1 1 2 1006 1
5 combined2b 1 88 ערן 2 1 1 1 2 890 1
5 combined2b 2 79 רונן 2 1 1 1 2 484 1
5 combined2b 3 84 שני 2 1 1 1 2 748 1
5 combined2b 4 57 מוסא 1 1 1 1 2 922 1
5 combined2b 5 82 אבי 2 1 1 1 2 565 1
5 combined2b 6 27 התרסקות 2 2 1 1 2 630 1
5 combined2b 7 97 אהרון 2 1 1 1 2 919 1
5 combined2b 8 8 כיף 1 2 1 1 2 547 1
5 combined2b 9 94 עדי 2 1 1 1 2 631 1
5 combined2b 10 44 עוני 2 2 1 1 2 1183 1
5 combined2b 11 95 עידן 2 1 1 1 2 716 1
5 combined2b 12 19 נס 1 2 1 1 2 1041 1
5 combined2b 13 64 סאמיחה 1 1 1 1 2 603 1
5 combined2b 14 70 תייסיר 1 1 1 1 2 521 1
5 combined2b 15 9 נאמן 1 2 1 1 2 736 1
5 combined2b 16 14 מזל 1 2 1 1 2 687 1
5 combined2b 17 73 סאלים 1 1 1 1 2 776 1
5 combined2b 18 56 איברהים 1 1 1 1 2 496 1
5 combined2b 19 15 קשת 1 2 1 1 2 576 1
5 combined2b 20 43 כלא 2 2 1 1 2 678 1
5 combined2b 21 22 שמחה 1 2 1 1 2 599 1
5 combined2b 22 23 צחוק 1 2 1 1 2 456 1
5 combined2b 23 77 סאמירה 1 1 1 1 2 482 1
5 combined2b 24 80 יובל 2 1 1 1 2 608 1
5 combined2b 25 28 לכלוך 2 2 1 1 2 737 1
5 combined2b 26 99 מיטל 2 1 1 1 2 621 1
5 combined2b 27 51 צער 2 2 1 1 2 1117 1
5 combined2b 28 71 ראניה 1 1 1 1 2 754 1
5 combined2b 29 86 נועה 2 1 1 1 2 720 1
5 combined2b 30 31 תאונה 2 2 1 1 2 739 1
5 combined2b 31 29 רצח 2 2 1 1 2 746 2
5 combined2b 32 33 אבל 2 2 1 1 2 796 1
5 combined2b 33 54 אחמד 1 1 1 1 2 551 1
5 combined2b 34 55 מדחאת 1 1 1 1 2 725 1
5 combined2b 35 7 חבר 1 2 1 1 2 881 1
5 combined2b 36 6 לעודד 1 2 1 1 2 1049 2
5 combined2b 37 32 מוות 2 2 1 1 2 1263 1
5 combined2b 38 67 האדיל 1 1 1 1 2 576 1
5 combined2b 39 96 יפעת 2 1 1 1 2 735 1
5 combined2b 40 21 משפחה 1 2 1 1 2 874 1
5 combined2b 41 65 עביר 1 1 1 1 2 959 1
5 combined2b 42 25 חופשה 1 2 1 1 2 1247 1
5 combined2b 43 45 מכוער 2 2 1 1 2 580 1
5 combined2b 44 52 לכוד 2 2 1 1 2 965 1
5 combined2b 45 24 עילאי 1 2 1 1 2 730 1
5 combined2b 46 50 קיא 2 2 1 1 2 1252 1
5 combined2b 47 93 אורן 2 1 1 1 2 1012 1
5 combined2b 48 13 כנה 1 2 1 1 2 939 1
5 combined2b 49 69 עאידה 1 1 1 1 2 558 1
5 combined2b 50 68 נאדיה 1 1 1 1 2 544 1
6 bw 1 16 נאדיה 1 1 0 3 1 1463 1
6 bw 2 40 שמעון 2 1 0 4 1 685 1
6 bw 3 4 איברהים 1 1 0 3 1 622 1
6 bw 4 20 עבד 1 1 0 3 1 662 1
6 bw 5 10 סאמיר 1 1 0 3 1 555 1
6 bw 6 8 עליאן 1 1 0 3 1 802 1
6 bw 7 50 יהודה 2 1 0 4 1 521 1
6 bw 8 32 שני 2 1 0 4 1 493 1
6 bw 9 38 עמוס 2 1 0 4 1 600 1
6 bw 10 9 ראפיק 1 1 0 3 1 648 1
6 bw 11 48 יוכבד 2 1 0 4 1 1123 2
6 bw 12 3 מדחאת 1 1 0 3 1 503 1
6 bw 13 41 אורן 2 1 0 4 1 458 1
6 bw 14 37 יאיר 2 1 0 4 1 543 1
6 bw 15 35 נעמה 2 1 0 4 1 676 2
6 bw 16 15 האדיל 1 1 0 3 1 1098 1
6 bw 17 18 תייסיר 1 1 0 3 1 530 1
6 bw 18 24 ראינאן 1 1 0 3 1 463 1
6 bw 19 46 דויד 2 1 0 4 1 456 1
6 bw 20 34 נועה 2 1 0 4 1 502 1
6 bw 21 28 יובל 2 1 0 4 1 384 1
6 bw 22 5 מוסא 1 1 0 3 1 513 1
6 bw 23 11 עזיזה 1 1 0 3 1 523 1
6 bw 24 1 מוחמד 1 1 0 3 1 421 1
6 bw 25 27 רונן 2 1 0 4 1 491 1
6 bw 26 30 אבי 2 1 0 4 1 551 1
6 bw 27 36 ערן 2 1 0 4 1 536 1
6 bw 28 22 סוילמאן 1 1 0 3 1 414 1
6 bw 29 45 אהרון 2 1 0 4 1 608 1
6 bw 30 47 מיטל 2 1 0 4 1 574 2
6 bw 31 2 אחמד 1 1 0 3 1 548 1
6 bw 32 26 יאיר 2 1 0 4 1 586 1
6 bw 33 29 דני 2 1 0 4 1 784 1
6 bw 34 39 רבקה 2 1 0 4 1 592 2
6 bw 35 42 עדי 2 1 0 4 1 528 1
6 bw 36 43 עידן 2 1 0 4 1 480 1
6 bw 37 6 איבתיסאם 1 1 0 3 1 572 1
6 bw 38 13 עביר 1 1 0 3 1 665 1
6 bw 39 7 נור 1 1 0 3 1 622 1
6 bw 40 49 ישראל 2 1 0 4 1 585 1
6 bw 41 21 סאלים 1 1 0 3 1 1104 1
6 bw 42 14 פאטימה 1 1 0 3 1 693 1
6 bw 43 33 מאיה 2 1 0 4 1 574 1
6 bw 44 25 סאמירה 1 1 0 3 1 616 1
6 bw 45 12 סאמיחה 1 1 0 3 1 492 1
6 bw 46 31 משה 2 1 0 4 1 575 1
6 bw 47 44 יפעת 2 1 0 4 1 837 1
6 bw 48 17 עאידה 1 1 0 3 1 590 1
6 bw 49 23 אשראף 1 1 0 3 1 561 1
6 bw 50 19 ראניה 1 1 0 3 1 486 1
7 combined1 1 14 מזל 1 2 2 3 1 1568 1
7 combined1 2 8 כיף 1 2 2 3 1 953 1
7 combined1 3 11 יהלום 1 2 2 3 1 1088 1
7 combined1 4 56 איברהים 1 1 2 3 1 2002 1
7 combined1 5 3 בריאות 1 2 2 3 1 1250 1
7 combined1 6 72 עבד 1 1 2 3 1 911 1
7 combined1 7 30 חולי 2 2 2 3 1 1207 1
7 combined1 8 45 מכוער 2 2 2 3 1 800 1
7 combined1 9 4 אהבה 1 2 2 3 1 829 1
7 combined1 10 29 רצח 2 2 2 3 1 839 1
7 combined1 11 6 לעודד 1 2 2 3 1 916 1
7 combined1 12 18 כבוד 1 2 2 3 1 818 1
7 combined1 13 48 להרוג 2 2 2 3 1 909 1
7 combined1 14 16 הישג 1 2 2 3 1 1434 1
7 combined1 15 12 עדין 1 2 2 3 1 1965 1
7 combined1 16 40 טרגדיה 2 2 2 3 1 1077 2
7 combined1 17 80 יובל 2 1 2 3 1 942 1
7 combined1 18 90 עמוס 2 1 2 3 1 1696 1
7 combined1 19 47 רשע 2 2 2 3 1 1852 1
7 combined1 20 32 מוות 2 2 2 3 1 1135 1
7 combined1 21 93 אורן 2 1 2 3 1 1150 1
7 combined1 22 88 ערן 2 1 2 3 1 2296 2
7 combined1 23 65 עביר 1 1 2 3 1 2060 1
7 combined1 24 77 סאמירה 1 1 2 3 1 1002 1
7 combined1 25 13 כנה 1 2 2 3 1 905 1
7 combined1 26 63 עזיזה 1 1 2 3 1 799 1
7 combined1 27 51 צער 2 2 2 3 1 915 1
7 combined1 28 53 מוחמד 1 1 2 3 1 778 1
7 combined1 29 21 משפחה 1 2 2 3 1 1396 1
7 combined1 30 84 שני 2 1 2 3 1 757 1
7 combined1 31 50 קיא 2 2 2 3 1 1289 1
7 combined1 32 76 ראינאן 1 1 2 3 1 1104 1
7 combined1 33 74 סוילמאן 1 1 2 3 1 1091 1
7 combined1 34 59 נור 1 1 2 3 1 1546 1
7 combined1 35 36 תקיפה 2 2 2 3 1 924 1
7 combined1 36 9 נאמן 1 2 2 3 1 1413 1
7 combined1 37 41 פצצה 2 2 2 3 1 635 1
7 combined1 38 37 אסון 2 2 2 3 1 794 1
7 combined1 39 69 עאידה 1 1 2 3 1 641 1
7 combined1 40 61 ראפיק 1 1 2 3 1 499 1
7 combined1 41 89 יאיר 2 1 2 3 1 682 1
7 combined1 42 26 התעללות 2 2 2 3 1 804 1
7 combined1 43 62 סאמיר 1 1 2 3 1 912 1
7 combined1 44 5 שלום 1 2 2 3 1 1098 1
7 combined1 45 95 עידן 2 1 2 3 1 688 1
7 combined1 46 2 חופש 1 2 2 3 1 923 1
7 combined1 47 43 כלא 2 2 2 3 1 750 1
7 combined1 48 17 מתנה 1 2 2 3 1 1026 1
7 combined1 49 42 גירושין 2 2 2 3 1 1236 1
7 combined1 50 44 עוני 2 2 2 3 1 1056 1
8 combined1b 1 81 דני 2 1 2 3 1 1183 1
8 combined1b 2 31 תאונה 2 2 2 3 1 764 1
8 combined1b 3 25 חופשה 1 2 2 3 1 944 1
8 combined1b 4 83 משה 2 1 2 3 1 941 1
8 combined1b 5 54 אחמד 1 1 2 3 1 3259 1
8 combined1b 6 96 יפעת 2 1 2 3 1 2096 2
8 combined1b 7 15 קשת 1 2 2 3 1 1472 1
8 combined1b 8 39 זיהום 2 2 2 3 1 2039 1
8 combined1b 9 19 נס 1 2 2 3 1 854 1
8 combined1b 10 49 רקוב 2 2 2 3 1 910 1
8 combined1b 11 85 מאיה 2 1 2 3 1 1972 1
8 combined1b 12 97 אהרון 2 1 2 3 1 1433 1
8 combined1b 13 73 סאלים 1 1 2 3 1 962 1
8 combined1b 14 82 אבי 2 1 2 3 1 884 1
8 combined1b 15 23 צחוק 1 2 2 3 1 1901 1
8 combined1b 16 100 יוכבד 2 1 2 3 1 816 1
8 combined1b 17 46 סרטן 2 2 2 3 1 966 1
8 combined1b 18 1 ללטף 1 2 2 3 1 2056 1
8 combined1b 19 86 נועה 2 1 2 3 1 634 1
8 combined1b 20 22 שמחה 1 2 2 3 1 1250 1
8 combined1b 21 7 חבר 1 2 2 3 1 988 1
8 combined1b 22 71 ראניה 1 1 2 3 1 660 1
8 combined1b 23 87 נעמה 2 1 2 3 1 798 1
8 combined1b 24 98 דויד 2 1 2 3 1 991 1
8 combined1b 25 20 זריחה 1 2 2 3 1 796 1
8 combined1b 26 70 תייסיר 1 1 2 3 1 782 1
8 combined1b 27 91 רבקה 2 1 2 3 1 870 1
8 combined1b 28 75 אשראף 1 1 2 3 1 759 1
8 combined1b 29 57 מוסא 1 1 2 3 1 1252 1
8 combined1b 30 68 נאדיה 1 1 2 3 1 711 1
8 combined1b 31 35 סירחון 2 2 2 3 1 1060 1
8 combined1b 32 24 עילאי 1 2 2 3 1 1409 1
8 combined1b 33 34 רעל 2 2 2 3 1 954 1
8 combined1b 34 79 רונן 2 1 2 3 1 866 1
8 combined1b 35 94 עדי 2 1 2 3 1 1102 1
8 combined1b 36 60 עליאן 1 1 2 3 1 916 1
8 combined1b 37 92 שמעון 2 1 2 3 1 1137 1
8 combined1b 38 99 מיטל 2 1 2 3 1 1404 1
8 combined1b 39 78 יאיר 2 1 2 3 1 1299 1
8 combined1b 40 33 אבל 2 2 2 3 1 1033 1
8 combined1b 41 27 התרסקות 2 2 2 3 1 561 1
8 combined1b 42 55 מדחאת 1 1 2 3 1 647 1
8 combined1b 43 58 איבתיסאם 1 1 2 3 1 460 1
8 combined1b 44 64 סאמיחה 1 1 2 3 1 408 1
8 combined1b 45 38 שנאה 2 2 2 3 1 729 1
8 combined1b 46 66 פאטימה 1 1 2 3 1 722 1
8 combined1b 47 52 לכוד 2 2 2 3 1 674 1
8 combined1b 48 10 תענוג 1 2 2 3 1 406 1
8 combined1b 49 67 האדיל 1 1 2 3 1 746 1
8 combined1b 50 28 לכלוך 2 2 2 3 1 697 1
9 bw 1 42 עדי 2 1 0 4 1 867 1
9 bw 2 15 האדיל 1 1 0 3 1 639 1
9 bw 3 31 משה 2 1 0 4 1 867 1
9 bw 4 38 עמוס 2 1 0 4 1 1297 1
9 bw 5 12 סאמיחה 1 1 0 3 1 792 1
9 bw 6 37 יאיר 2 1 0 4 1 715 1
9 bw 7 2 אחמד 1 1 0 3 1 1418 1
9 bw 8 29 דני 2 1 0 4 1 551 1
9 bw 9 30 אבי 2 1 0 4 1 795 1
9 bw 10 7 נור 1 1 0 3 1 556 1
9 bw 11 27 רונן 2 1 0 4 1 896 1
9 bw 12 20 עבד 1 1 0 3 1 636 1
9 bw 13 5 מוסא 1 1 0 3 1 664 1
9 bw 14 50 יהודה 2 1 0 4 1 621 1
9 bw 15 24 ראינאן 1 1 0 3 1 537 1
9 bw 16 14 פאטימה 1 1 0 3 1 466 1
9 bw 17 43 עידן 2 1 0 4 1 529 1
9 bw 18 21 סאלים 1 1 0 3 1 406 2
9 bw 19 4 איברהים 1 1 0 3 1 651 1
9 bw 20 11 עזיזה 1 1 0 3 1 494 1
9 bw 21 1 מוחמד 1 1 0 3 1 423 1
9 bw 22 25 סאמירה 1 1 0 3 1 356 1
9 bw 23 17 עאידה 1 1 0 3 1 329 1
9 bw 24 47 מיטל 2 1 0 4 1 317 2
9 bw 25 9 ראפיק 1 1 0 3 1 506 1
9 bw 26 34 נועה 2 1 0 4 1 530 1
9 bw 27 10 סאמיר 1 1 0 3 1 570 1
9 bw 28 40 שמעון 2 1 0 4 1 595 1
9 bw 29 19 ראניה 1 1 0 3 1 627 1
9 bw 30 6 איבתיסאם 1 1 0 3 1 623 1
9 bw 31 23 אשראף 1 1 0 3 1 526 1
9 bw 32 8 עליאן 1 1 0 3 1 1220 1
9 bw 33 49 ישראל 2 1 0 4 1 543 1
9 bw 34 46 דויד 2 1 0 4 1 970 1
9 bw 35 36 ערן 2 1 0 4 1 644 1
9 bw 36 28 יובל 2 1 0 4 1 602 1
9 bw 37 33 מאיה 2 1 0 4 1 1089 1
9 bw 38 41 אורן 2 1 0 4 1 502 1
9 bw 39 26 יאיר 2 1 0 4 1 483 1
9 bw 40 39 רבקה 2 1 0 4 1 633 2
9 bw 41 45 אהרון 2 1 0 4 1 914 2
9 bw 42 3 מדחאת 1 1 0 3 1 526 1
9 bw 43 22 סוילמאן 1 1 0 3 1 508 1
9 bw 44 13 עביר 1 1 0 3 1 665 1
9 bw 45 18 תייסיר 1 1 0 3 1 491 1
9 bw 46 35 נעמה 2 1 0 4 1 529 1
9 bw 47 32 שני 2 1 0 4 1 468 1
9 bw 48 16 נאדיה 1 1 0 3 1 390 2
9 bw 49 44 יפעת 2 1 0 4 1 564 1
9 bw 50 48 יוכבד 2 1 0 4 1 556 1
10 combined1 1 10 תענוג 1 2 2 4 1 1711 1
10 combined1 2 18 כבוד 1 2 2 4 1 1857 1
10 combined1 3 96 יפעת 2 1 2 4 1 1497 1
10 combined1 4 48 להרוג 2 2 2 4 1 1089 1
10 combined1 5 75 אשראף 1 1 2 4 1 1331 1
10 combined1 6 81 דני 2 1 2 4 1 1021 1
10 combined1 7 49 רקוב 2 2 2 4 1 1182 1
10 combined1 8 66 פאטימה 1 1 2 4 1 1047 1
10 combined1 9 60 עליאן 1 1 2 4 1 763 1
10 combined1 10 95 עידן 2 1 2 4 1 1506 1
10 combined1 11 64 סאמיחה 1 1 2 4 1 1157 1
10 combined1 12 100 יוכבד 2 1 2 4 1 762 1
10 combined1 13 30 חולי 2 2 2 4 1 810 1
10 combined1 14 3 בריאות 1 2 2 4 1 580 1
10 combined1 15 89 יאיר 2 1 2 4 1 697 1
10 combined1 16 17 מתנה 1 2 2 4 1 1082 1
10 combined1 17 11 יהלום 1 2 2 4 1 624 1
10 combined1 18 61 ראפיק 1 1 2 4 1 690 1
10 combined1 19 27 התרסקות 2 2 2 4 1 613 1
10 combined1 20 78 יאיר 2 1 2 4 1 770 1
10 combined1 21 93 אורן 2 1 2 4 1 652 1
10 combined1 22 63 עזיזה 1 1 2 4 1 980 1
10 combined1 23 38 שנאה 2 2 2 4 1 870 1
10 combined1 24 74 סוילמאן 1 1 2 4 1 605 1
10 combined1 25 84 שני 2 1 2 4 1 862 1
10 combined1 26 91 רבקה 2 1 2 4 1 876 1
10 combined1 27 73 סאלים 1 1 2 4 1 664 1
10 combined1 28 77 סאמירה 1 1 2 4 1 492 1
10 combined1 29 12 עדין 1 2 2 4 1 860 1
10 combined1 30 88 ערן 2 1 2 4 1 808 1
10 combined1 31 29 רצח 2 2 2 4 1 576 1
10 combined1 32 47 רשע 2 2 2 4 1 558 1
10 combined1 33 19 נס 1 2 2 4 1 543 1
10 combined1 34 53 מוחמד 1 1 2 4 1 485 1
10 combined1 35 44 עוני 2 2 2 4 1 695 1
10 combined1 36 41 פצצה 2 2 2 4 1 713 1
10 combined1 37 58 איבתיסאם 1 1 2 4 1 487 1
10 combined1 38 79 רונן 2 1 2 4 1 498 1
10 combined1 39 72 עבד 1 1 2 4 1 678 1
10 combined1 40 71 ראניה 1 1 2 4 1 602 1
10 combined1 41 42 גירושין 2 2 2 4 1 1147 2
10 combined1 42 82 אבי 2 1 2 4 1 743 1
10 combined1 43 13 כנה 1 2 2 4 1 1200 1
10 combined1 44 99 מיטל 2 1 2 4 1 768 1
10 combined1 45 43 כלא 2 2 2 4 1 787 1
10 combined1 46 65 עביר 1 1 2 4 1 564 1
10 combined1 47 83 משה 2 1 2 4 1 628 1
10 combined1 48 50 קיא 2 2 2 4 1 602 1
10 combined1 49 32 מוות 2 2 2 4 1 576 1
10 combined1 50 67 האדיל 1 1 2 4 1 469 2
11 combined1b 1 68 נאדיה 1 1 2 4 1 2113 1
11 combined1b 2 39 זיהום 2 2 2 4 1 887 1
11 combined1b 3 21 משפחה 1 2 2 4 1 1505 1
11 combined1b 4 20 זריחה 1 2 2 4 1 2049 1
11 combined1b 5 35 סירחון 2 2 2 4 1 840 1
11 combined1b 6 80 יובל 2 1 2 4 1 616 1
11 combined1b 7 4 אהבה 1 2 2 4 1 1262 1
11 combined1b 8 46 סרטן 2 2 2 4 1 718 1
11 combined1b 9 14 מזל 1 2 2 4 1 1172 1
11 combined1b 10 2 חופש 1 2 2 4 1 935 1
11 combined1b 11 76 ראינאן 1 1 2 4 1 632 1
11 combined1b 12 37 אסון 2 2 2 4 1 643 2
11 combined1b 13 51 צער 2 2 2 4 1 701 1
11 combined1b 14 24 עילאי 1 2 2 4 1 702 1
11 combined1b 15 98 דויד 2 1 2 4 1 765 1
11 combined1b 16 31 תאונה 2 2 2 4 1 1735 1
11 combined1b 17 6 לעודד 1 2 2 4 1 833 1
11 combined1b 18 8 כיף 1 2 2 4 1 601 1
11 combined1b 19 55 מדחאת 1 1 2 4 1 614 1
11 combined1b 20 54 אחמד 1 1 2 4 1 742 1
11 combined1b 21 25 חופשה 1 2 2 4 1 781 1
11 combined1b 22 45 מכוער 2 2 2 4 1 947 1
11 combined1b 23 69 עאידה 1 1 2 4 1 619 1
11 combined1b 24 40 טרגדיה 2 2 2 4 1 845 1
11 combined1b 25 62 סאמיר 1 1 2 4 1 604 1
11 combined1b 26 87 נעמה 2 1 2 4 1 1018 2
11 combined1b 27 56 איברהים 1 1 2 4 1 710 1
11 combined1b 28 5 שלום 1 2 2 4 1 792 1
11 combined1b 29 59 נור 1 1 2 4 1 605 1
11 combined1b 30 36 תקיפה 2 2 2 4 1 929 1
11 combined1b 31 16 הישג 1 2 2 4 1 748 1
11 combined1b 32 15 קשת 1 2 2 4 1 986 1
11 combined1b 33 90 עמוס 2 1 2 4 1 981 1
11 combined1b 34 86 נועה 2 1 2 4 1 1029 2
11 combined1b 35 34 רעל 2 2 2 4 1 500 1
11 combined1b 36 7 חבר 1 2 2 4 1 860 1
11 combined1b 37 26 התעללות 2 2 2 4 1 644 1
11 combined1b 38 52 לכוד 2 2 2 4 1 577 1
11 combined1b 39 94 עדי 2 1 2 4 1 734 1
11 combined1b 40 23 צחוק 1 2 2 4 1 922 1
11 combined1b 41 97 אהרון 2 1 2 4 1 775 1
11 combined1b 42 1 ללטף 1 2 2 4 1 971 1
11 combined1b 43 85 מאיה 2 1 2 4 1 748 1
11 combined1b 44 9 נאמן 1 2 2 4 1 1320 1
11 combined1b 45 57 מוסא 1 1 2 4 1 737 1
11 combined1b 46 28 לכלוך 2 2 2 4 1 933 1
11 combined1b 47 92 שמעון 2 1 2 4 1 870 1
11 combined1b 48 22 שמחה 1 2 2 4 1 864 1
11 combined1b 49 70 תייסיר 1 1 2 4 1 733 1
11 combined1b 50 33 אבל 2 2 2 4 1 1078 1
12 wb 1 28 יובל 2 1 0 4 2 824 1
12 wb 2 41 אורן 2 1 0 4 2 430 1
12 wb 3 40 שמעון 2 1 0 4 2 367 1
12 wb 4 47 מיטל 2 1 0 4 2 378 1
12 wb 5 39 רבקה 2 1 0 4 2 359 1
12 wb 6 13 עביר 1 1 0 3 2 358 2
12 wb 7 17 עאידה 1 1 0 3 2 582 1
12 wb 8 33 מאיה 2 1 0 4 2 607 1
12 wb 9 36 ערן 2 1 0 4 2 570 1
12 wb 10 25 סאמירה 1 1 0 3 2 539 1
12 wb 11 46 דויד 2 1 0 4 2 479 1
12 wb 12 23 אשראף 1 1 0 3 2 626 1
12 wb 13 9 ראפיק 1 1 0 3 2 622 1
12 wb 14 7 נור 1 1 0 3 2 562 2
12 wb 15 10 סאמיר 1 1 0 3 2 413 1
12 wb 16 19 ראניה 1 1 0 3 2 434 1
12 wb 17 50 יהודה 2 1 0 4 2 438 1
12 wb 18 34 נועה 2 1 0 4 2 377 1
12 wb 19 31 משה 2 1 0 4 2 547 1
12 wb 20 12 סאמיחה 1 1 0 3 2 629 1
12 wb 21 37 יאיר 2 1 0 4 2 571 1
12 wb 22 45 אהרון 2 1 0 4 2 681 1
12 wb 23 49 ישראל 2 1 0 4 2 671 1
12 wb 24 27 רונן 2 1 0 4 2 901 1
12 wb 25 48 יוכבד 2 1 0 4 2 617 1
12 wb 26 5 מוסא 1 1 0 3 2 846 1
12 wb 27 43 עידן 2 1 0 4 2 674 1
12 wb 28 44 יפעת 2 1 0 4 2 893 1
12 wb 29 15 האדיל 1 1 0 3 2 574 1
12 wb 30 20 עבד 1 1 0 3 2 651 1
12 wb 31 38 עמוס 2 1 0 4 2 562 1
12 wb 32 3 מדחאת 1 1 0 3 2 629 2
12 wb 33 16 נאדיה 1 1 0 3 2 641 1
12 wb 34 29 דני 2 1 0 4 2 544 1
12 wb 35 35 נעמה 2 1 0 4 2 949 1
12 wb 36 26 יאיר 2 1 0 4 2 528 1
12 wb 37 22 סוילמאן 1 1 0 3 2 543 1
12 wb 38 2 אחמד 1 1 0 3 2 504 1
12 wb 39 21 סאלים 1 1 0 3 2 546 1
12 wb 40 42 עדי 2 1 0 4 2 554 1
12 wb 41 11 עזיזה 1 1 0 3 2 1142 1
12 wb 42 4 איברהים 1 1 0 3 2 621 1
12 wb 43 6 איבתיסאם 1 1 0 3 2 661 1
12 wb 44 32 שני 2 1 0 4 2 596 1
12 wb 45 14 פאטימה 1 1 0 3 2 682 1
12 wb 46 18 תייסיר 1 1 0 3 2 703 1
12 wb 47 30 אבי 2 1 0 4 2 623 1
12 wb 48 1 מוחמד 1 1 0 3 2 730 1
12 wb 49 24 ראינאן 1 1 0 3 2 598 1
12 wb 50 8 עליאן 1 1 0 3 2 605 1
13 combined2 1 46 סרטן 2 2 1 3 2 954 1
13 combined2 2 9 נאמן 1 2 1 3 2 725 1
13 combined2 3 80 יובל 2 1 1 3 2 690 1
13 combined2 4 49 רקוב 2 2 1 3 2 625 1
13 combined2 5 38 שנאה 2 2 1 3 2 992 1
13 combined2 6 77 סאמירה 1 1 1 3 2 924 1
13 combined2 7 37 אסון 2 2 1 3 2 518 1
13 combined2 8 48 להרוג 2 2 1 3 2 533 1
13 combined2 9 52 לכוד 2 2 1 3 2 1060 1
13 combined2 10 21 משפחה 1 2 1 3 2 700 1
13 combined2 11 81 דני 2 1 1 3 2 535 1
13 combined2 12 20 זריחה 1 2 1 3 2 535 1
13 combined2 13 51 צער 2 2 1 3 2 557 1
13 combined2 14 74 סוילמאן 1 1 1 3 2 523 1
13 combined2 15 23 צחוק 1 2 1 3 2 527 1
13 combined2 16 68 נאדיה 1 1 1 3 2 520 1
13 combined2 17 65 עביר 1 1 1 3 2 594 1
13 combined2 18 99 מיטל 2 1 1 3 2 540 1
13 combined2 19 4 אהבה 1 2 1 3 2 666 1
13 combined2 20 87 נעמה 2 1 1 3 2 544 1
13 combined2 21 8 כיף 1 2 1 3 2 783 1
13 combined2 22 64 סאמיחה 1 1 1 3 2 681 1
13 combined2 23 29 רצח 2 2 1 3 2 452 1
13 combined2 24 40 טרגדיה 2 2 1 3 2 593 1
13 combined2 25 88 ערן 2 1 1 3 2 567 1
13 combined2 26 10 תענוג 1 2 1 3 2 804 1
13 combined2 27 67 האדיל 1 1 1 3 2 516 1
13 combined2 28 60 עליאן 1 1 1 3 2 498 1
13 combined2 29 59 נור 1 1 1 3 2 466 1
13 combined2 30 43 כלא 2 2 1 3 2 414 1
13 combined2 31 45 מכוער 2 2 1 3 2 401 1
13 combined2 32 56 איברהים 1 1 1 3 2 484 1
13 combined2 33 66 פאטימה 1 1 1 3 2 360 1
13 combined2 34 89 יאיר 2 1 1 3 2 500 1
13 combined2 35 26 התעללות 2 2 1 3 2 664 1
13 combined2 36 83 משה 2 1 1 3 2 517 1
13 combined2 37 44 עוני 2 2 1 3 2 534 1
13 combined2 38 70 תייסיר 1 1 1 3 2 428 2
13 combined2 39 93 אורן 2 1 1 3 2 785 1
13 combined2 40 30 חולי 2 2 1 3 2 643 1
13 combined2 41 33 אבל 2 2 1 3 2 579 1
13 combined2 42 36 תקיפה 2 2 1 3 2 554 1
13 combined2 43 28 לכלוך 2 2 1 3 2 476 1
13 combined2 44 15 קשת 1 2 1 3 2 563 1
13 combined2 45 3 בריאות 1 2 1 3 2 657 1
13 combined2 46 32 מוות 2 2 1 3 2 504 1
13 combined2 47 39 זיהום 2 2 1 3 2 580 1
13 combined2 48 82 אבי 2 1 1 3 2 582 1
13 combined2 49 11 יהלום 1 2 1 3 2 780 1
13 combined2 50 6 לעודד 1 2 1 3 2 611 1
14 combined2b 1 24 עילאי 1 2 1 3 2 834 1
14 combined2b 2 41 פצצה 2 2 1 3 2 530 1
14 combined2b 3 35 סירחון 2 2 1 3 2 411 1
14 combined2b 4 97 אהרון 2 1 1 3 2 481 1
14 combined2b 5 54 אחמד 1 1 1 3 2 480 1
14 combined2b 6 63 עזיזה 1 1 1 3 2 498 1
14 combined2b 7 13 כנה 1 2 1 3 2 588 1
14 combined2b 8 62 סאמיר 1 1 1 3 2 594 1
14 combined2b 9 1 ללטף 1 2 1 3 2 354 2
14 combined2b 10 22 שמחה 1 2 1 3 2 483 2
14 combined2b 11 90 עמוס 2 1 1 3 2 679 1
14 combined2b 12 17 מתנה 1 2 1 3 2 471 1
14 combined2b 13 73 סאלים 1 1 1 3 2 545 1
14 combined2b 14 42 גירושין 2 2 1 3 2 613 1
14 combined2b 15 25 חופשה 1 2 1 3 2 689 1
14 combined2b 16 85 מאיה 2 1 1 3 2 631 1
14 combined2b 17 31 תאונה 2 2 1 3 2 727 1
14 combined2b 18 53 מוחמד 1 1 1 3 2 926 1
14 combined2b 19 5 שלום 1 2 1 3 2 570 1
14 combined2b 20 27 התרסקות 2 2 1 3 2 606 1
14 combined2b 21 50 קיא 2 2 1 3 2 557 1
14 combined2b 22 94 עדי 2 1 1 3 2 523 1
14 combined2b 23 2 חופש 1 2 1 3 2 389 1
14 combined2b 24 18 כבוד 1 2 1 3 2 603 1
14 combined2b 25 16 הישג 1 2 1 3 2 629 1
14 combined2b 26 47 רשע 2 2 1 3 2 611 1
14 combined2b 27 14 מזל 1 2 1 3 2 924 1
14 combined2b 28 100 יוכבד 2 1 1 3 2 594 1
14 combined2b 29 7 חבר 1 2 1 3 2 471 1
14 combined2b 30 78 יאיר 2 1 1 3 2 451 1
14 combined2b 31 98 דויד 2 1 1 3 2 473 1
14 combined2b 32 19 נס 1 2 1 3 2 508 1
14 combined2b 33 69 עאידה 1 1 1 3 2 732 2
14 combined2b 34 57 מוסא 1 1 1 3 2 611 1
14 combined2b 35 55 מדחאת 1 1 1 3 2 550 1
14 combined2b 36 61 ראפיק 1 1 1 3 2 555 1
14 combined2b 37 72 עבד 1 1 1 3 2 727 1
14 combined2b 38 91 רבקה 2 1 1 3 2 560 1
14 combined2b 39 34 רעל 2 2 1 3 2 1098 1
14 combined2b 40 95 עידן 2 1 1 3 2 721 1
14 combined2b 41 92 שמעון 2 1 1 3 2 724 1
14 combined2b 42 96 יפעת 2 1 1 3 2 400 1
14 combined2b 43 86 נועה 2 1 1 3 2 417 1
14 combined2b 44 84 שני 2 1 1 3 2 364 1
14 combined2b 45 79 רונן 2 1 1 3 2 339 1
14 combined2b 46 71 ראניה 1 1 1 3 2 549 1
14 combined2b 47 75 אשראף 1 1 1 3 2 566 1
14 combined2b 48 76 ראינאן 1 1 1 3 2 437 1
14 combined2b 49 12 עדין 1 2 1 3 2 488 1
14 combined2b 50 58 איבתיסאם 1 1 1 3 2 512 1
227 233 0
