2 wb 1 30 אבי 2 1 0 4 2 2480 1
2 wb 2 32 שני 2 1 0 4 2 1667 1
2 wb 3 14 פאטימה 1 1 0 3 2 1315 1
2 wb 4 21 סאלים 1 1 0 3 2 1088 1
2 wb 5 13 עביר 1 1 0 3 2 1444 1
2 wb 6 35 נעמה 2 1 0 4 2 701 1
2 wb 7 24 ראינאן 1 1 0 3 2 669 1
2 wb 8 27 רונן 2 1 0 4 2 721 1
2 wb 9 5 מוסא 1 1 0 3 2 623 1
2 wb 10 17 עאידה 1 1 0 3 2 699 1
2 wb 11 18 תייסיר 1 1 0 3 2 911 1
2 wb 12 29 דני 2 1 0 4 2 544 1
2 wb 13 4 איברהים 1 1 0 3 2 564 1
2 wb 14 36 ערן 2 1 0 4 2 2892 1
2 wb 15 1 מוחמד 1 1 0 3 2 649 1
2 wb 16 19 ראניה 1 1 0 3 2 642 1
2 wb 17 46 דויד 2 1 0 4 2 665 1
2 wb 18 37 יאיר 2 1 0 4 2 1029 1
2 wb 19 34 נועה 2 1 0 4 2 576 1
2 wb 20 48 יוכבד 2 1 0 4 2 960 1
2 wb 21 8 עליאן 1 1 0 3 2 608 1
2 wb 22 16 נאדיה 1 1 0 3 2 595 1
2 wb 23 40 שמעון 2 1 0 4 2 690 1
2 wb 24 15 האדיל 1 1 0 3 2 684 1
2 wb 25 33 מאיה 2 1 0 4 2 709 1
2 wb 26 45 אהרון 2 1 0 4 2 688 1
2 wb 27 20 עבד 1 1 0 3 2 743 1
2 wb 28 38 עמוס 2 1 0 4 2 1113 1
2 wb 29 47 מיטל 2 1 0 4 2 1106 1
2 wb 30 43 עידן 2 1 0 4 2 1313 1
2 wb 31 23 אשראף 1 1 0 3 2 669 1
2 wb 32 31 משה 2 1 0 4 2 613 1
2 wb 33 25 סאמירה 1 1 0 3 2 586 1
2 wb 34 50 יהודה 2 1 0 4 2 1047 1
2 wb 35 22 סוילמאן 1 1 0 3 2 1065 1
2 wb 36 42 עדי 2 1 0 4 2 669 1
2 wb 37 10 סאמיר 1 1 0 3 2 611 1
2 wb 38 49 ישראל 2 1 0 4 2 698 1
2 wb 39 44 יפעת 2 1 0 4 2 755 1
2 wb 40 11 עזיזה 1 1 0 3 2 646 1
2 wb 41 28 יובל 2 1 0 4 2 659 1
2 wb 42 26 יאיר 2 1 0 4 2 1760 1
2 wb 43 6 איבתיסאם 1 1 0 3 2 905 1
2 wb 44 2 אחמד 1 1 0 3 2 561 1
2 wb 45 3 מדחאת 1 1 0 3 2 581 1
2 wb 46 7 נור 1 1 0 3 2 1164 1
2 wb 47 12 סאמיחה 1 1 0 3 2 626 1
2 wb 48 9 ראפיק 1 1 0 3 2 595 1
2 wb 49 41 אורן 2 1 0 4 2 653 1
2 wb 50 39 רבקה 2 1 0 4 2 602 1
3 pu 1 6 לעודד 1 2 0 1 2 2610 1
3 pu 2 29 רצח 2 2 0 2 2 1343 1
3 pu 3 43 כלא 2 2 0 2 2 670 1
3 pu 4 8 כיף 1 2 0 1 2 583 1
3 pu 5 17 מתנה 1 2 0 1 2 880 1
3 pu 6 39 זיהום 2 2 0 2 2 747 1
3 pu 7 40 טרגדיה 2 2 0 2 2 731 1
3 pu 8 46 סרטן 2 2 0 2 2 977 1
3 pu 9 7 חבר 1 2 0 1 2 756 1
3 pu 10 15 קשת 1 2 0 1 2 630 1
3 pu 11 20 זריחה 1 2 0 1 2 591 1
3 pu 12 25 חופשה 1 2 0 1 2 2222 1
3 pu 13 44 עוני 2 2 0 2 2 687 1
3 pu 14 16 הישג 1 2 0 1 2 914 1
3 pu 15 22 שמחה 1 2 0 1 2 661 1
3 pu 16 11 יהלום 1 2 0 1 2 595 1
3 pu 17 50 קיא 2 2 0 2 2 759 1
3 pu 18 45 מכוער 2 2 0 2 2 746 1
3 pu 19 21 משפחה 1 2 0 1 2 1005 1
3 pu 20 3 בריאות 1 2 0 1 2 628 1
3 pu 21 37 אסון 2 2 0 2 2 614 1
3 pu 22 26 התעללות 2 2 0 2 2 594 1
3 pu 23 12 עדין 1 2 0 1 2 878 1
3 pu 24 10 תענוג 1 2 0 1 2 700 1
3 pu 25 52 לכוד 2 2 0 2 2 744 1
3 pu 26 1 ללטף 1 2 0 1 2 745 1
3 pu 27 24 עילאי 1 2 0 1 2 911 1
3 pu 28 18 כבוד 1 2 0 1 2 631 1
3 pu 29 42 גירושין 2 2 0 2 2 654 1
3 pu 30 32 מוות 2 2 0 2 2 1133 1
3 pu 31 31 תאונה 2 2 0 2 2 1150 1
3 pu 32 9 נאמן 1 2 0 1 2 685 1
3 pu 33 27 התרסקות 2 2 0 2 2 689 1
3 pu 34 36 תקיפה 2 2 0 2 2 613 1
3 pu 35 14 מזל 1 2 0 1 2 1165 1
3 pu 36 2 חופש 1 2 0 1 2 636 1
3 pu 37 4 אהבה 1 2 0 1 2 574 1
3 pu 38 28 לכלוך 2 2 0 2 2 657 1
3 pu 39 5 שלום 1 2 0 1 2 731 1
3 pu 40 19 נס 1 2 0 1 2 678 1
3 pu 41 30 חולי 2 2 0 2 2 662 1
3 pu 42 51 צער 2 2 0 2 2 629 1
3 pu 43 49 רקוב 2 2 0 2 2 625 1
3 pu 44 13 כנה 1 2 0 1 2 721 1
3 pu 45 34 רעל 2 2 0 2 2 632 1
3 pu 46 47 רשע 2 2 0 2 2 1540 1
3 pu 47 38 שנאה 2 2 0 2 2 1960 1
3 pu 48 23 צחוק 1 2 0 1 2 596 1
3 pu 49 41 פצצה 2 2 0 2 2 1365 1
3 pu 50 33 אבל 2 2 0 2 2 2542 1
4 combined2 1 95 עידן 2 1 1 2 2 4589 1
4 combined2 2 66 פאטימה 1 1 1 2 2 1172 1
4 combined2 3 41 פצצה 2 2 1 2 2 2662 1
4 combined2 4 2 חופש 1 2 1 2 2 1091 1
4 combined2 5 28 לכלוך 2 2 1 2 2 947 1
4 combined2 6 45 מכוער 2 2 1 2 2 4921 1
4 combined2 7 89 יאיר 2 1 1 2 2 1270 1
4 combined2 8 26 התעללות 2 2 1 2 2 823 1
4 combined2 9 10 תענוג 1 2 1 2 2 2411 1
4 combined2 10 67 האדיל 1 1 1 2 2 1575 1
4 combined2 11 68 נאדיה 1 1 1 2 2 1568 1
4 combined2 12 69 עאידה 1 1 1 2 2 676 1
4 combined2 13 12 עדין 1 2 1 2 2 1189 1
4 combined2 14 39 זיהום 2 2 1 2 2 845 1
4 combined2 15 52 לכוד 2 2 1 2 2 1000 1
4 combined2 16 72 עבד 1 1 1 2 2 1169 1
4 combined2 17 25 חופשה 1 2 1 2 2 1536 1
4 combined2 18 18 כבוד 1 2 1 2 2 1808 1
4 combined2 19 59 נור 1 1 1 2 2 2005 1
4 combined2 20 1 ללטף 1 2 1 2 2 913 1
4 combined2 21 27 התרסקות 2 2 1 2 2 979 1
4 combined2 22 87 נעמה 2 1 1 2 2 1093 1
4 combined2 23 63 עזיזה 1 1 1 2 2 829 1
4 combined2 24 32 מוות 2 2 1 2 2 1492 1
4 combined2 25 38 שנאה 2 2 1 2 2 2310 1
4 combined2 26 22 שמחה 1 2 1 2 2 1094 1
4 combined2 27 70 תייסיר 1 1 1 2 2 1023 1
4 combined2 28 65 עביר 1 1 1 2 2 954 1
4 combined2 29 53 מוחמד 1 1 1 2 2 914 1
4 combined2 30 17 מתנה 1 2 1 2 2 918 1
4 combined2 31 80 יובל 2 1 1 2 2 1012 1
4 combined2 32 92 שמעון 2 1 1 2 2 878 1
4 combined2 33 6 לעודד 1 2 1 2 2 1156 1
4 combined2 34 91 רבקה 2 1 1 2 2 719 1
4 combined2 35 19 נס 1 2 1 2 2 981 1
4 combined2 36 81 דני 2 1 1 2 2 750 1
4 combined2 37 30 חולי 2 2 1 2 2 654 1
4 combined2 38 57 מוסא 1 1 1 2 2 595 1
4 combined2 39 60 עליאן 1 1 1 2 2 470 1
4 combined2 40 74 סוילמאן 1 1 1 2 2 463 1
4 combined2 41 49 רקוב 2 2 1 2 2 532 1
4 combined2 42 54 אחמד 1 1 1 2 2 467 1
4 combined2 43 35 סירחון 2 2 1 2 2 510 1
4 combined2 44 90 עמוס 2 1 1 2 2 657 1
4 combined2 45 84 שני 2 1 1 2 2 638 1
4 combined2 46 4 אהבה 1 2 1 2 2 682 1
4 combined2 47 93 אורן 2 1 1 2 2 915 1
4 combined2 48 29 רצח 2 2 1 2 2 626 1
4 combined2 49 86 נועה 2 1 1 2 2 543 1
4 combined2 50 73 סאלים 1 1 1 2 2 1166 1
5 combined2b 1 13 כנה 1 2 1 2 2 4066 1
5 combined2b 2 14 מזל 1 2 1 2 2 829 1
5 combined2b 3 33 אבל 2 2 1 2 2 1061 1
5 combined2b 4 20 זריחה 1 2 1 2 2 799 1
5 combined2b 5 31 תאונה 2 2 1 2 2 548 1
5 combined2b 6 15 קשת 1 2 1 2 2 872 1
5 combined2b 7 64 סאמיחה 1 1 1 2 2 853 1
5 combined2b 8 40 טרגדיה 2 2 1 2 2 744 1
5 combined2b 9 55 מדחאת 1 1 1 2 2 648 1
5 combined2b 10 37 אסון 2 2 1 2 2 522 1
5 combined2b 11 8 כיף 1 2 1 2 2 663 1
5 combined2b 12 76 ראינאן 1 1 1 2 2 703 1
5 combined2b 13 11 יהלום 1 2 1 2 2 849 1
5 combined2b 14 100 יוכבד 2 1 1 2 2 938 1
5 combined2b 15 79 רונן 2 1 1 2 2 590 1
5 combined2b 16 62 סאמיר 1 1 1 2 2 512 1
5 combined2b 17 88 ערן 2 1 1 2 2 614 1
5 combined2b 18 7 חבר 1 2 1 2 2 1162 1
5 combined2b 19 50 קיא 2 2 1 2 2 656 1
5 combined2b 20 58 איבתיסאם 1 1 1 2 2 791 1
5 combined2b 21 78 יאיר 2 1 1 2 2 681 1
5 combined2b 22 21 משפחה 1 2 1 2 2 1402 1
5 combined2b 23 24 עילאי 1 2 1 2 2 1970 1
5 combined2b 24 36 תקיפה 2 2 1 2 2 854 1
5 combined2b 25 42 גירושין 2 2 1 2 2 783 1
5 combined2b 26 61 ראפיק 1 1 1 2 2 1813 1
5 combined2b 27 98 דויד 2 1 1 2 2 731 1
5 combined2b 28 83 משה 2 1 1 2 2 644 1
5 combined2b 29 82 אבי 2 1 1 2 2 502 1
5 combined2b 30 71 ראניה 1 1 1 2 2 590 1
5 combined2b 31 43 כלא 2 2 1 2 2 739 1
5 combined2b 32 77 סאמירה 1 1 1 2 2 1072 1
5 combined2b 33 97 אהרון 2 1 1 2 2 660 1
5 combined2b 34 9 נאמן 1 2 1 2 2 2138 1
5 combined2b 35 99 מיטל 2 1 1 2 2 638 1
5 combined2b 36 56 איברהים 1 1 1 2 2 584 1
5 combined2b 37 96 יפעת 2 1 1 2 2 666 1
5 combined2b 38 51 צער 2 2 1 2 2 841 1
5 combined2b 39 5 שלום 1 2 1 2 2 620 1
5 combined2b 40 16 הישג 1 2 1 2 2 743 1
5 combined2b 41 85 מאיה 2 1 1 2 2 672 1
5 combined2b 42 23 צחוק 1 2 1 2 2 596 1
5 combined2b 43 3 בריאות 1 2 1 2 2 594 1
5 combined2b 44 46 סרטן 2 2 1 2 2 852 1
5 combined2b 45 47 רשע 2 2 1 2 2 1631 1
5 combined2b 46 44 עוני 2 2 1 2 2 722 1
5 combined2b 47 75 אשראף 1 1 1 2 2 566 1
5 combined2b 48 94 עדי 2 1 1 2 2 554 1
5 combined2b 49 48 להרוג 2 2 1 2 2 627 1
5 combined2b 50 34 רעל 2 2 1 2 2 658 1
6 bw 1 30 אבי 2 1 0 4 1 3311 1
6 bw 2 48 יוכבד 2 1 0 4 1 1390 1
6 bw 3 22 סוילמאן 1 1 0 3 1 732 1
6 bw 4 50 יהודה 2 1 0 4 1 967 1
6 bw 5 32 שני 2 1 0 4 1 1543 1
6 bw 6 25 סאמירה 1 1 0 3 1 780 1
6 bw 7 2 אחמד 1 1 0 3 1 816 1
6 bw 8 29 דני 2 1 0 4 1 654 1
6 bw 9 41 אורן 2 1 0 4 1 913 1
6 bw 10 6 איבתיסאם 1 1 0 3 1 1322 1
6 bw 11 27 רונן 2 1 0 4 1 740 1
6 bw 12 8 עליאן 1 1 0 3 1 840 1
6 bw 13 15 האדיל 1 1 0 3 1 1322 1
6 bw 14 3 מדחאת 1 1 0 3 1 682 1
6 bw 15 16 נאדיה 1 1 0 3 1 596 1
6 bw 16 33 מאיה 2 1 0 4 1 623 1
6 bw 17 23 אשראף 1 1 0 3 1 748 1
6 bw 18 37 יאיר 2 1 0 4 1 869 1
6 bw 19 12 סאמיחה 1 1 0 3 1 782 1
6 bw 20 49 ישראל 2 1 0 4 1 699 1
6 bw 21 39 רבקה 2 1 0 4 1 764 1
6 bw 22 11 עזיזה 1 1 0 3 1 809 1
6 bw 23 24 ראינאן 1 1 0 3 1 742 1
6 bw 24 31 משה 2 1 0 4 1 749 1
6 bw 25 36 ערן 2 1 0 4 1 759 1
6 bw 26 44 יפעת 2 1 0 4 1 816 1
6 bw 27 13 עביר 1 1 0 3 1 1319 1
6 bw 28 26 יאיר 2 1 0 4 1 680 1
6 bw 29 47 מיטל 2 1 0 4 1 776 1
6 bw 30 19 ראניה 1 1 0 3 1 682 1
6 bw 31 46 דויד 2 1 0 4 1 1429 1
6 bw 32 7 נור 1 1 0 3 1 756 1
6 bw 33 18 תייסיר 1 1 0 3 1 697 1
6 bw 34 43 עידן 2 1 0 4 1 675 1
6 bw 35 34 נועה 2 1 0 4 1 712 1
6 bw 36 4 איברהים 1 1 0 3 1 679 1
6 bw 37 38 עמוס 2 1 0 4 1 784 1
6 bw 38 14 פאטימה 1 1 0 3 1 684 1
6 bw 39 17 עאידה 1 1 0 3 1 796 1
6 bw 40 28 יובל 2 1 0 4 1 854 1
6 bw 41 5 מוסא 1 1 0 3 1 721 1
6 bw 42 35 נעמה 2 1 0 4 1 654 1
6 bw 43 21 סאלים 1 1 0 3 1 658 1
6 bw 44 42 עדי 2 1 0 4 1 675 1
6 bw 45 1 מוחמד 1 1 0 3 1 837 1
6 bw 46 10 סאמיר 1 1 0 3 1 1001 2
6 bw 47 20 עבד 1 1 0 3 1 2444 1
6 bw 48 9 ראפיק 1 1 0 3 1 1161 1
6 bw 49 40 שמעון 2 1 0 4 1 632 1
6 bw 50 45 אהרון 2 1 0 4 1 850 1
7 combined1 1 38 שנאה 2 2 2 4 1 10000 3
7 combined1 2 87 נעמה 2 1 2 4 1 2198 1
7 combined1 3 45 מכוער 2 2 2 4 1 2252 1
7 combined1 4 98 דויד 2 1 2 4 1 1321 1
7 combined1 5 46 סרטן 2 2 2 4 1 1635 1
7 combined1 6 2 חופש 1 2 2 4 1 1340 1
7 combined1 7 39 זיהום 2 2 2 4 1 1600 1
7 combined1 8 75 אשראף 1 1 2 4 1 1216 1
7 combined1 9 64 סאמיחה 1 1 2 4 1 778 1
7 combined1 10 6 לעודד 1 2 2 4 1 1645 2
7 combined1 11 44 עוני 2 2 2 4 1 4511 1
7 combined1 12 68 נאדיה 1 1 2 4 1 1237 1
7 combined1 13 49 רקוב 2 2 2 4 1 990 1
7 combined1 14 73 סאלים 1 1 2 4 1 969 1
7 combined1 15 13 כנה 1 2 2 4 1 1866 1
7 combined1 16 65 עביר 1 1 2 4 1 1354 1
7 combined1 17 81 דני 2 1 2 4 1 1107 1
7 combined1 18 76 ראינאן 1 1 2 4 1 1267 1
7 combined1 19 100 יוכבד 2 1 2 4 1 1005 1
7 combined1 20 25 חופשה 1 2 2 4 1 1766 1
7 combined1 21 59 נור 1 1 2 4 1 1449 1
7 combined1 22 30 חולי 2 2 2 4 1 1696 1
7 combined1 23 80 יובל 2 1 2 4 1 1831 1
7 combined1 24 63 עזיזה 1 1 2 4 1 1151 1
7 combined1 25 95 עידן 2 1 2 4 1 931 1
7 combined1 26 85 מאיה 2 1 2 4 1 939 1
7 combined1 27 53 מוחמד 1 1 2 4 1 911 1
7 combined1 28 71 ראניה 1 1 2 4 1 1055 1
7 combined1 29 54 אחמד 1 1 2 4 1 916 1
7 combined1 30 92 שמעון 2 1 2 4 1 942 1
7 combined1 31 43 כלא 2 2 2 4 1 2505 1
7 combined1 32 35 סירחון 2 2 2 4 1 1155 1
7 combined1 33 62 סאמיר 1 1 2 4 1 1007 1
7 combined1 34 14 מזל 1 2 2 4 1 2280 2
7 combined1 35 21 משפחה 1 2 2 4 1 6915 1
7 combined1 36 1 ללטף 1 2 2 4 1 778 1
7 combined1 37 7 חבר 1 2 2 4 1 763 1
7 combined1 38 5 שלום 1 2 2 4 1 5189 1
7 combined1 39 69 עאידה 1 1 2 4 1 1227 1
7 combined1 40 99 מיטל 2 1 2 4 1 863 1
7 combined1 41 17 מתנה 1 2 2 4 1 1375 1
7 combined1 42 15 קשת 1 2 2 4 1 2102 1
7 combined1 43 93 אורן 2 1 2 4 1 1324 1
7 combined1 44 4 אהבה 1 2 2 4 1 1143 1
7 combined1 45 26 התעללות 2 2 2 4 1 1428 1
7 combined1 46 36 תקיפה 2 2 2 4 1 888 1
7 combined1 47 29 רצח 2 2 2 4 1 714 1
7 combined1 48 74 סוילמאן 1 1 2 4 1 934 1
7 combined1 49 70 תייסיר 1 1 2 4 1 821 1
7 combined1 50 90 עמוס 2 1 2 4 1 967 1
8 combined1b 1 20 זריחה 1 2 2 4 1 3378 1
8 combined1b 2 12 עדין 1 2 2 4 1 1744 1
8 combined1b 3 10 תענוג 1 2 2 4 1 970 1
8 combined1b 4 47 רשע 2 2 2 4 1 1020 1
8 combined1b 5 77 סאמירה 1 1 2 4 1 888 1
8 combined1b 6 16 הישג 1 2 2 4 1 1768 1
8 combined1b 7 27 התרסקות 2 2 2 4 1 1223 1
8 combined1b 8 50 קיא 2 2 2 4 1 809 1
8 combined1b 9 8 כיף 1 2 2 4 1 1178 1
8 combined1b 10 78 יאיר 2 1 2 4 1 983 1
8 combined1b 11 51 צער 2 2 2 4 1 1856 1
8 combined1b 12 82 אבי 2 1 2 4 1 1524 1
8 combined1b 13 31 תאונה 2 2 2 4 1 1783 1
8 combined1b 14 86 נועה 2 1 2 4 1 1147 1
8 combined1b 15 52 לכוד 2 2 2 4 1 1279 1
8 combined1b 16 34 רעל 2 2 2 4 1 852 1
8 combined1b 17 9 נאמן 1 2 2 4 1 1539 1
8 combined1b 18 28 לכלוך 2 2 2 4 1 1277 1
8 combined1b 19 23 צחוק 1 2 2 4 1 939 1
8 combined1b 20 55 מדחאת 1 1 2 4 1 958 1
8 combined1b 21 48 להרוג 2 2 2 4 1 1018 1
8 combined1b 22 94 עדי 2 1 2 4 1 932 1
8 combined1b 23 18 כבוד 1 2 2 4 1 1569 1
8 combined1b 24 40 טרגדיה 2 2 2 4 1 1017 1
8 combined1b 25 96 יפעת 2 1 2 4 1 944 1
8 combined1b 26 89 יאיר 2 1 2 4 1 813 1
8 combined1b 27 32 מוות 2 2 2 4 1 1167 1
8 combined1b 28 97 אהרון 2 1 2 4 1 1774 1
8 combined1b 29 19 נס 1 2 2 4 1 2018 1
8 combined1b 30 67 האדיל 1 1 2 4 1 1183 1
8 combined1b 31 37 אסון 2 2 2 4 1 983 1
8 combined1b 32 56 איברהים 1 1 2 4 1 1790 1
8 combined1b 33 60 עליאן 1 1 2 4 1 750 1
8 combined1b 34 66 פאטימה 1 1 2 4 1 691 1
8 combined1b 35 57 מוסא 1 1 2 4 1 569 1
8 combined1b 36 88 ערן 2 1 2 4 1 660 1
8 combined1b 37 11 יהלום 1 2 2 4 1 1103 1
8 combined1b 38 83 משה 2 1 2 4 1 2479 1
8 combined1b 39 41 פצצה 2 2 2 4 1 1310 1
8 combined1b 40 91 רבקה 2 1 2 4 1 1041 1
8 combined1b 41 22 שמחה 1 2 2 4 1 4605 1
8 combined1b 42 3 בריאות 1 2 2 4 1 2073 1
8 combined1b 43 84 שני 2 1 2 4 1 1223 1
8 combined1b 44 58 איבתיסאם 1 1 2 4 1 956 1
8 combined1b 45 79 רונן 2 1 2 4 1 1044 1
8 combined1b 46 42 גירושין 2 2 2 4 1 1118 1
8 combined1b 47 61 ראפיק 1 1 2 4 1 1210 1
8 combined1b 48 24 עילאי 1 2 2 4 1 1662 2
8 combined1b 49 33 אבל 2 2 2 4 1 5511 1
8 combined1b 50 72 עבד 1 1 2 4 1 997 1
9 bw 1 13 עביר 1 1 0 3 1 2533 1
9 bw 2 11 עזיזה 1 1 0 3 1 743 1
9 bw 3 31 משה 2 1 0 4 1 566 1
9 bw 4 2 אחמד 1 1 0 3 1 1496 1
9 bw 5 43 עידן 2 1 0 4 1 592 1
9 bw 6 41 אורן 2 1 0 4 1 609 1
9 bw 7 50 יהודה 2 1 0 4 1 942 1
9 bw 8 46 דויד 2 1 0 4 1 656 1
9 bw 9 28 יובל 2 1 0 4 1 500 1
9 bw 10 21 סאלים 1 1 0 3 1 990 1
9 bw 11 36 ערן 2 1 0 4 1 553 1
9 bw 12 24 ראינאן 1 1 0 3 1 777 1
9 bw 13 45 אהרון 2 1 0 4 1 692 1
9 bw 14 37 יאיר 2 1 0 4 1 561 1
9 bw 15 23 אשראף 1 1 0 3 1 644 1
9 bw 16 14 פאטימה 1 1 0 3 1 759 1
9 bw 17 48 יוכבד 2 1 0 4 1 774 1
9 bw 18 7 נור 1 1 0 3 1 808 1
9 bw 19 18 תייסיר 1 1 0 3 1 611 1
9 bw 20 15 האדיל 1 1 0 3 1 696 1
9 bw 21 12 סאמיחה 1 1 0 3 1 530 1
9 bw 22 42 עדי 2 1 0 4 1 601 1
9 bw 23 35 נעמה 2 1 0 4 1 608 1
9 bw 24 3 מדחאת 1 1 0 3 1 561 1
9 bw 25 29 דני 2 1 0 4 1 530 1
9 bw 26 25 סאמירה 1 1 0 3 1 903 1
9 bw 27 30 אבי 2 1 0 4 1 837 1
9 bw 28 20 עבד 1 1 0 3 1 606 1
9 bw 29 34 נועה 2 1 0 4 1 1084 1
9 bw 30 39 רבקה 2 1 0 4 1 1276 2
9 bw 31 6 איבתיסאם 1 1 0 3 1 1784 1
9 bw 32 19 ראניה 1 1 0 3 1 691 1
9 bw 33 9 ראפיק 1 1 0 3 1 616 1
9 bw 34 17 עאידה 1 1 0 3 1 483 1
9 bw 35 32 שני 2 1 0 4 1 646 1
9 bw 36 10 סאמיר 1 1 0 3 1 660 1
9 bw 37 33 מאיה 2 1 0 4 1 613 1
9 bw 38 47 מיטל 2 1 0 4 1 1238 1
9 bw 39 22 סוילמאן 1 1 0 3 1 598 1
9 bw 40 38 עמוס 2 1 0 4 1 542 1
9 bw 41 40 שמעון 2 1 0 4 1 701 1
9 bw 42 16 נאדיה 1 1 0 3 1 635 1
9 bw 43 1 מוחמד 1 1 0 3 1 1917 1
9 bw 44 8 עליאן 1 1 0 3 1 908 1
9 bw 45 4 איברהים 1 1 0 3 1 593 1
9 bw 46 26 יאיר 2 1 0 4 1 642 1
9 bw 47 5 מוסא 1 1 0 3 1 610 1
9 bw 48 44 יפעת 2 1 0 4 1 522 1
9 bw 49 27 רונן 2 1 0 4 1 593 1
9 bw 50 49 ישראל 2 1 0 4 1 646 1
10 combined1 1 30 חולי 2 2 2 4 1 2747 1
10 combined1 2 23 צחוק 1 2 2 4 1 946 1
10 combined1 3 66 פאטימה 1 1 2 4 1 1072 1
10 combined1 4 37 אסון 2 2 2 4 1 1204 1
10 combined1 5 78 יאיר 2 1 2 4 1 812 1
10 combined1 6 79 רונן 2 1 2 4 1 819 1
10 combined1 7 96 יפעת 2 1 2 4 1 1391 1
10 combined1 8 6 לעודד 1 2 2 4 1 1308 1
10 combined1 9 47 רשע 2 2 2 4 1 1538 1
10 combined1 10 35 סירחון 2 2 2 4 1 873 1
10 combined1 11 13 כנה 1 2 2 4 1 1095 1
10 combined1 12 57 מוסא 1 1 2 4 1 1020 1
10 combined1 13 2 חופש 1 2 2 4 1 2212 1
10 combined1 14 65 עביר 1 1 2 4 1 1183 1
10 combined1 15 49 רקוב 2 2 2 4 1 942 1
10 combined1 16 51 צער 2 2 2 4 1 842 1
10 combined1 17 91 רבקה 2 1 2 4 1 831 1
10 combined1 18 15 קשת 1 2 2 4 1 2831 1
10 combined1 19 21 משפחה 1 2 2 4 1 791 1
10 combined1 20 19 נס 1 2 2 4 1 921 1
10 combined1 21 48 להרוג 2 2 2 4 1 1233 1
10 combined1 22 55 מדחאת 1 1 2 4 1 921 1
10 combined1 23 4 אהבה 1 2 2 4 1 1895 1
10 combined1 24 90 עמוס 2 1 2 4 1 1105 1
10 combined1 25 75 אשראף 1 1 2 4 1 909 1
10 combined1 26 45 מכוער 2 2 2 4 1 1423 1
10 combined1 27 1 ללטף 1 2 2 4 1 962 1
10 combined1 28 28 לכלוך 2 2 2 4 1 3108 1
10 combined1 29 34 רעל 2 2 2 4 1 731 1
10 combined1 30 88 ערן 2 1 2 4 1 817 1
10 combined1 31 85 מאיה 2 1 2 4 1 816 1
10 combined1 32 86 נועה 2 1 2 4 1 480 1
10 combined1 33 36 תקיפה 2 2 2 4 1 776 1
10 combined1 34 72 עבד 1 1 2 4 1 684 1
10 combined1 35 76 ראינאן 1 1 2 4 1 1329 1
10 combined1 36 7 חבר 1 2 2 4 1 1605 1
10 combined1 37 67 האדיל 1 1 2 4 1 931 1
10 combined1 38 70 תייסיר 1 1 2 4 1 644 1
10 combined1 39 74 סוילמאן 1 1 2 4 1 480 1
10 combined1 40 26 התעללות 2 2 2 4 1 685 1
10 combined1 41 80 יובל 2 1 2 4 1 1228 1
10 combined1 42 71 ראניה 1 1 2 4 1 705 1
10 combined1 43 69 עאידה 1 1 2 4 1 703 1
10 combined1 44 95 עידן 2 1 2 4 1 686 1
10 combined1 45 92 שמעון 2 1 2 4 1 2614 1
10 combined1 46 97 אהרון 2 1 2 4 1 837 1
10 combined1 47 58 איבתיסאם 1 1 2 4 1 590 1
10 combined1 48 5 שלום 1 2 2 4 1 1731 1
10 combined1 49 11 יהלום 1 2 2 4 1 2202 1
10 combined1 50 12 עדין 1 2 2 4 1 3099 1
11 combined1b 1 33 אבל 2 2 2 4 1 1408 1
11 combined1b 2 77 סאמירה 1 1 2 4 1 1103 1
11 combined1b 3 68 נאדיה 1 1 2 4 1 1358 1
11 combined1b 4 89 יאיר 2 1 2 4 1 658 1
11 combined1b 5 60 עליאן 1 1 2 4 1 596 1
11 combined1b 6 98 דויד 2 1 2 4 1 867 1
11 combined1b 7 94 עדי 2 1 2 4 1 1188 1
11 combined1b 8 43 כלא 2 2 2 4 1 1388 1
11 combined1b 9 82 אבי 2 1 2 4 1 797 1
11 combined1b 10 50 קיא 2 2 2 4 1 866 1
11 combined1b 11 54 אחמד 1 1 2 4 1 1448 1
11 combined1b 12 38 שנאה 2 2 2 4 1 1159 1
11 combined1b 13 87 נעמה 2 1 2 4 1 910 1
11 combined1b 14 25 חופשה 1 2 2 4 1 1623 1
11 combined1b 15 9 נאמן 1 2 2 4 1 1075 1
11 combined1b 16 18 כבוד 1 2 2 4 1 1679 1
11 combined1b 17 84 שני 2 1 2 4 1 1012 1
11 combined1b 18 93 אורן 2 1 2 4 1 595 1
11 combined1b 19 32 מוות 2 2 2 4 1 923 1
11 combined1b 20 24 עילאי 1 2 2 4 1 1859 1
11 combined1b 21 62 סאמיר 1 1 2 4 1 1573 1
11 combined1b 22 59 נור 1 1 2 4 1 1291 1
11 combined1b 23 16 הישג 1 2 2 4 1 1795 1
11 combined1b 24 52 לכוד 2 2 2 4 1 1016 1
11 combined1b 25 22 שמחה 1 2 2 4 1 1183 1
11 combined1b 26 3 בריאות 1 2 2 4 1 2388 1
11 combined1b 27 27 התרסקות 2 2 2 4 1 2068 1
11 combined1b 28 31 תאונה 2 2 2 4 1 687 1
11 combined1b 29 39 זיהום 2 2 2 4 1 551 1
11 combined1b 30 73 סאלים 1 1 2 4 1 712 1
11 combined1b 31 83 משה 2 1 2 4 1 636 1
11 combined1b 32 8 כיף 1 2 2 4 1 1478 1
11 combined1b 33 41 פצצה 2 2 2 4 1 885 1
11 combined1b 34 10 תענוג 1 2 2 4 1 3365 1
11 combined1b 35 53 מוחמד 1 1 2 4 1 861 1
11 combined1b 36 56 איברהים 1 1 2 4 1 547 1
11 combined1b 37 63 עזיזה 1 1 2 4 1 560 1
11 combined1b 38 99 מיטל 2 1 2 4 1 695 1
11 combined1b 39 100 יוכבד 2 1 2 4 1 772 1
11 combined1b 40 64 סאמיחה 1 1 2 4 1 584 1
11 combined1b 41 40 טרגדיה 2 2 2 4 1 1442 1
11 combined1b 42 20 זריחה 1 2 2 4 1 1097 1
11 combined1b 43 14 מזל 1 2 2 4 1 1009 1
11 combined1b 44 17 מתנה 1 2 2 4 1 967 1
11 combined1b 45 29 רצח 2 2 2 4 1 696 1
11 combined1b 46 81 דני 2 1 2 4 1 3351 1
11 combined1b 47 61 ראפיק 1 1 2 4 1 853 1
11 combined1b 48 44 עוני 2 2 2 4 1 1115 1
11 combined1b 49 46 סרטן 2 2 2 4 1 1165 1
11 combined1b 50 42 גירושין 2 2 2 4 1 926 1
12 wb 1 9 ראפיק 1 1 0 3 2 1463 1
12 wb 2 1 מוחמד 1 1 0 3 2 1478 1
12 wb 3 48 יוכבד 2 1 0 4 2 789 1
12 wb 4 39 רבקה 2 1 0 4 2 741 1
12 wb 5 36 ערן 2 1 0 4 2 744 1
12 wb 6 50 יהודה 2 1 0 4 2 720 1
12 wb 7 26 יאיר 2 1 0 4 2 559 1
12 wb 8 20 עבד 1 1 0 3 2 627 1
12 wb 9 16 נאדיה 1 1 0 3 2 720 1
12 wb 10 3 מדחאת 1 1 0 3 2 599 1
12 wb 11 22 סוילמאן 1 1 0 3 2 607 1
12 wb 12 10 סאמיר 1 1 0 3 2 503 1
12 wb 13 14 פאטימה 1 1 0 3 2 538 1
12 wb 14 5 מוסא 1 1 0 3 2 513 1
12 wb 15 49 ישראל 2 1 0 4 2 552 1
12 wb 16 21 סאלים 1 1 0 3 2 590 1
12 wb 17 13 עביר 1 1 0 3 2 732 1
12 wb 18 37 יאיר 2 1 0 4 2 815 1
12 wb 19 12 סאמיחה 1 1 0 3 2 932 1
12 wb 20 17 עאידה 1 1 0 3 2 665 1
12 wb 21 8 עליאן 1 1 0 3 2 529 1
12 wb 22 7 נור 1 1 0 3 2 377 1
12 wb 23 40 שמעון 2 1 0 4 2 475 2
12 wb 24 44 יפעת 2 1 0 4 2 930 1
12 wb 25 43 עידן 2 1 0 4 2 3346 1
12 wb 26 35 נעמה 2 1 0 4 2 745 1
12 wb 27 18 תייסיר 1 1 0 3 2 552 1
12 wb 28 19 ראניה 1 1 0 3 2 617 1
12 wb 29 46 דויד 2 1 0 4 2 755 1
12 wb 30 2 אחמד 1 1 0 3 2 605 1
12 wb 31 15 האדיל 1 1 0 3 2 707 1
12 wb 32 25 סאמירה 1 1 0 3 2 541 1
12 wb 33 28 יובל 2 1 0 4 2 650 1
12 wb 34 24 ראינאן 1 1 0 3 2 744 1
12 wb 35 29 דני 2 1 0 4 2 684 1
12 wb 36 30 אבי 2 1 0 4 2 789 1
12 wb 37 4 איברהים 1 1 0 3 2 577 1
12 wb 38 27 רונן 2 1 0 4 2 898 1
12 wb 39 47 מיטל 2 1 0 4 2 756 1
12 wb 40 42 עדי 2 1 0 4 2 576 1
12 wb 41 33 מאיה 2 1 0 4 2 540 1
12 wb 42 45 אהרון 2 1 0 4 2 552 1
12 wb 43 11 עזיזה 1 1 0 3 2 590 1
12 wb 44 6 איבתיסאם 1 1 0 3 2 700 1
12 wb 45 31 משה 2 1 0 4 2 629 1
12 wb 46 41 אורן 2 1 0 4 2 3700 1
12 wb 47 23 אשראף 1 1 0 3 2 716 1
12 wb 48 34 נועה 2 1 0 4 2 623 1
12 wb 49 38 עמוס 2 1 0 4 2 1440 1
12 wb 50 32 שני 2 1 0 4 2 894 1
13 combined2 1 51 צער 2 2 1 4 2 5661 1
13 combined2 2 98 דויד 2 1 1 4 2 1331 1
13 combined2 3 16 הישג 1 2 1 4 2 1687 1
13 combined2 4 33 אבל 2 2 1 4 2 1229 1
13 combined2 5 36 תקיפה 2 2 1 4 2 944 1
13 combined2 6 27 התרסקות 2 2 1 4 2 766 1
13 combined2 7 5 שלום 1 2 1 4 2 1050 1
13 combined2 8 59 נור 1 1 1 4 2 1077 1
13 combined2 9 35 סירחון 2 2 1 4 2 1010 1
13 combined2 10 19 נס 1 2 1 4 2 1011 1
13 combined2 11 13 כנה 1 2 1 4 2 691 1
13 combined2 12 93 אורן 2 1 1 4 2 1085 1
13 combined2 13 31 תאונה 2 2 1 4 2 1843 1
13 combined2 14 53 מוחמד 1 1 1 4 2 806 1
13 combined2 15 89 יאיר 2 1 1 4 2 820 1
13 combined2 16 24 עילאי 1 2 1 4 2 1391 1
13 combined2 17 91 רבקה 2 1 1 4 2 1529 1
13 combined2 18 6 לעודד 1 2 1 4 2 1451 1
13 combined2 19 95 עידן 2 1 1 4 2 852 1
13 combined2 20 50 קיא 2 2 1 4 2 791 1
13 combined2 21 8 כיף 1 2 1 4 2 789 1
13 combined2 22 38 שנאה 2 2 1 4 2 1767 1
13 combined2 23 10 תענוג 1 2 1 4 2 907 1
13 combined2 24 78 יאיר 2 1 1 4 2 699 1
13 combined2 25 28 לכלוך 2 2 1 4 2 668 1
13 combined2 26 18 כבוד 1 2 1 4 2 1953 1
13 combined2 27 65 עביר 1 1 1 4 2 902 1
13 combined2 28 68 נאדיה 1 1 1 4 2 656 1
13 combined2 29 92 שמעון 2 1 1 4 2 931 1
13 combined2 30 37 אסון 2 2 1 4 2 1996 1
13 combined2 31 47 רשע 2 2 1 4 2 757 1
13 combined2 32 64 סאמיחה 1 1 1 4 2 1021 1
13 combined2 33 41 פצצה 2 2 1 4 2 1083 2
13 combined2 34 23 צחוק 1 2 1 4 2 3198 1
13 combined2 35 32 מוות 2 2 1 4 2 1257 1
13 combined2 36 4 אהבה 1 2 1 4 2 1276 1
13 combined2 37 12 עדין 1 2 1 4 2 1190 1
13 combined2 38 87 נעמה 2 1 1 4 2 837 1
13 combined2 39 45 מכוער 2 2 1 4 2 604 1
13 combined2 40 97 אהרון 2 1 1 4 2 668 1
13 combined2 41 2 חופש 1 2 1 4 2 917 1
13 combined2 42 96 יפעת 2 1 1 4 2 1614 1
13 combined2 43 86 נועה 2 1 1 4 2 644 1
13 combined2 44 99 מיטל 2 1 1 4 2 538 1
13 combined2 45 80 יובל 2 1 1 4 2 599 1
13 combined2 46 76 ראינאן 1 1 1 4 2 670 1
13 combined2 47 9 נאמן 1 2 1 4 2 1064 1
13 combined2 48 40 טרגדיה 2 2 1 4 2 2634 1
13 combined2 49 14 מזל 1 2 1 4 2 1182 1
13 combined2 50 72 עבד 1 1 1 4 2 4001 1
14 combined2b 1 69 עאידה 1 1 1 4 2 2259 1
14 combined2b 2 81 דני 2 1 1 4 2 673 1
14 combined2b 3 63 עזיזה 1 1 1 4 2 693 1
14 combined2b 4 7 חבר 1 2 1 4 2 903 1
14 combined2b 5 25 חופשה 1 2 1 4 2 684 1
14 combined2b 6 46 סרטן 2 2 1 4 2 1087 1
14 combined2b 7 58 איבתיסאם 1 1 1 4 2 1577 1
14 combined2b 8 17 מתנה 1 2 1 4 2 1043 1
14 combined2b 9 15 קשת 1 2 1 4 2 1294 1
14 combined2b 10 30 חולי 2 2 1 4 2 782 1
14 combined2b 11 22 שמחה 1 2 1 4 2 1540 1
14 combined2b 12 60 עליאן 1 1 1 4 2 1361 2
14 combined2b 13 43 כלא 2 2 1 4 2 2315 1
14 combined2b 14 39 זיהום 2 2 1 4 2 741 1
14 combined2b 15 82 אבי 2 1 1 4 2 883 1
14 combined2b 16 3 בריאות 1 2 1 4 2 905 1
14 combined2b 17 77 סאמירה 1 1 1 4 2 792 1
14 combined2b 18 44 עוני 2 2 1 4 2 949 1
14 combined2b 19 49 רקוב 2 2 1 4 2 1655 1
14 combined2b 20 48 להרוג 2 2 1 4 2 851 1
14 combined2b 21 11 יהלום 1 2 1 4 2 1126 1
14 combined2b 22 70 תייסיר 1 1 1 4 2 2039 1
14 combined2b 23 84 שני 2 1 1 4 2 756 1
14 combined2b 24 26 התעללות 2 2 1 4 2 710 1
14 combined2b 25 57 מוסא 1 1 1 4 2 1484 1
14 combined2b 26 20 זריחה 1 2 1 4 2 1005 1
14 combined2b 27 79 רונן 2 1 1 4 2 4290 1
14 combined2b 28 85 מאיה 2 1 1 4 2 649 1
14 combined2b 29 55 מדחאת 1 1 1 4 2 641 1
14 combined2b 30 90 עמוס 2 1 1 4 2 577 1
14 combined2b 31 52 לכוד 2 2 1 4 2 798 1
14 combined2b 32 1 ללטף 1 2 1 4 2 711 1
14 combined2b 33 75 אשראף 1 1 1 4 2 700 1
14 combined2b 34 73 סאלים 1 1 1 4 2 589 1
14 combined2b 35 94 עדי 2 1 1 4 2 779 1
14 combined2b 36 21 משפחה 1 2 1 4 2 2744 1
14 combined2b 37 83 משה 2 1 1 4 2 687 1
14 combined2b 38 71 ראניה 1 1 1 4 2 607 1
14 combined2b 39 61 ראפיק 1 1 1 4 2 506 1
14 combined2b 40 74 סוילמאן 1 1 1 4 2 467 1
14 combined2b 41 62 סאמיר 1 1 1 4 2 432 1
14 combined2b 42 54 אחמד 1 1 1 4 2 446 1
14 combined2b 43 42 גירושין 2 2 1 4 2 836 1
14 combined2b 44 88 ערן 2 1 1 4 2 678 1
14 combined2b 45 66 פאטימה 1 1 1 4 2 542 1
14 combined2b 46 56 איברהים 1 1 1 4 2 720 1
14 combined2b 47 29 רצח 2 2 1 4 2 807 1
14 combined2b 48 34 רעל 2 2 1 4 2 565 1
14 combined2b 49 67 האדיל 1 1 1 4 2 925 1
14 combined2b 50 100 יוכבד 2 1 1 4 2 1279 1
193 235 0
