2 wb 1 29 דני 2 1 0 4 2 7727 1
2 wb 2 4 איברהים 1 1 0 3 2 10000 3
2 wb 3 42 עדי 2 1 0 4 2 6799 1
2 wb 4 6 איבתיסאם 1 1 0 3 2 3992 1
2 wb 5 50 יהודה 2 1 0 4 2 2253 1
2 wb 6 26 יאיר 2 1 0 4 2 1452 1
2 wb 7 7 נור 1 1 0 3 2 1837 1
2 wb 8 22 סוילמאן 1 1 0 3 2 2623 1
2 wb 9 10 סאמיר 1 1 0 3 2 1660 1
2 wb 10 49 ישראל 2 1 0 4 2 1442 1
2 wb 11 48 יוכבד 2 1 0 4 2 923 1
2 wb 12 1 מוחמד 1 1 0 3 2 1356 1
2 wb 13 25 סאמירה 1 1 0 3 2 3811 1
2 wb 14 36 ערן 2 1 0 4 2 1373 1
2 wb 15 20 עבד 1 1 0 3 2 926 1
2 wb 16 16 נאדיה 1 1 0 3 2 919 1
2 wb 17 46 דויד 2 1 0 4 2 688 1
2 wb 18 8 עליאן 1 1 0 3 2 10000 3
2 wb 19 34 נועה 2 1 0 4 2 1409 1
2 wb 20 12 סאמיחה 1 1 0 3 2 1462 1
2 wb 21 24 ראינאן 1 1 0 3 2 6939 2
2 wb 22 23 אשראף 1 1 0 3 2 1632 1
2 wb 23 21 סאלים 1 1 0 3 2 1216 1
2 wb 24 9 ראפיק 1 1 0 3 2 4389 1
2 wb 25 33 מאיה 2 1 0 4 2 846 2
2 wb 26 5 מוסא 1 1 0 3 2 1065 1
2 wb 27 28 יובל 2 1 0 4 2 1884 1
2 wb 28 41 אורן 2 1 0 4 2 1109 1
2 wb 29 30 אבי 2 1 0 4 2 839 1
2 wb 30 47 מיטל 2 1 0 4 2 633 1
2 wb 31 11 עזיזה 1 1 0 3 2 1137 1
2 wb 32 45 אהרון 2 1 0 4 2 1006 1
2 wb 33 14 פאטימה 1 1 0 3 2 962 1
2 wb 34 31 משה 2 1 0 4 2 820 1
2 wb 35 19 ראניה 1 1 0 3 2 1646 1
2 wb 36 40 שמעון 2 1 0 4 2 994 1
2 wb 37 15 האדיל 1 1 0 3 2 921 1
2 wb 38 35 נעמה 2 1 0 4 2 1111 1
2 wb 39 43 עידן 2 1 0 4 2 1532 1
2 wb 40 18 תייסיר 1 1 0 3 2 990 1
2 wb 41 3 מדחאת 1 1 0 3 2 2210 1
2 wb 42 13 עביר 1 1 0 3 2 650 1
2 wb 43 37 יאיר 2 1 0 4 2 889 1
2 wb 44 32 שני 2 1 0 4 2 1460 1
2 wb 45 17 עאידה 1 1 0 3 2 831 1
2 wb 46 38 עמוס 2 1 0 4 2 1195 1
2 wb 47 39 רבקה 2 1 0 4 2 2420 1
2 wb 48 27 רונן 2 1 0 4 2 2110 1
2 wb 49 44 יפעת 2 1 0 4 2 1729 1
2 wb 50 2 אחמד 1 1 0 3 2 615 1
3 pu 1 41 פצצה 2 2 0 2 2 10000 3
3 pu 2 37 אסון 2 2 0 2 2 5217 1
3 pu 3 27 התרסקות 2 2 0 2 2 3425 1
3 pu 4 23 צחוק 1 2 0 1 2 10000 3
3 pu 5 21 משפחה 1 2 0 1 2 10000 3
3 pu 6 40 טרגדיה 2 2 0 2 2 10000 3
3 pu 7 20 זריחה 1 2 0 1 2 10000 3
3 pu 8 26 התעללות 2 2 0 2 2 4899 1
3 pu 9 24 עילאי 1 2 0 1 2 8737 1
3 pu 10 48 להרוג 2 2 0 2 2 995 1
3 pu 11 39 זיהום 2 2 0 2 2 5148 1
3 pu 12 17 מתנה 1 2 0 1 2 9171 1
3 pu 13 10 תענוג 1 2 0 1 2 6095 1
3 pu 14 36 תקיפה 2 2 0 2 2 7609 1
3 pu 15 7 חבר 1 2 0 1 2 2443 1
3 pu 16 50 קיא 2 2 0 2 2 5714 1
3 pu 17 5 שלום 1 2 0 1 2 1060 1
3 pu 18 52 לכוד 2 2 0 2 2 5387 2
3 pu 19 25 חופשה 1 2 0 1 2 3798 1
3 pu 20 44 עוני 2 2 0 2 2 6227 2
3 pu 21 13 כנה 1 2 0 1 2 9898 2
3 pu 22 28 לכלוך 2 2 0 2 2 2672 1
3 pu 23 22 שמחה 1 2 0 1 2 6031 1
3 pu 24 1 ללטף 1 2 0 1 2 4653 2
3 pu 25 6 לעודד 1 2 0 1 2 1741 1
3 pu 26 11 יהלום 1 2 0 1 2 10000 3
3 pu 27 15 קשת 1 2 0 1 2 10000 3
3 pu 28 18 כבוד 1 2 0 1 2 1024 1
3 pu 29 47 רשע 2 2 0 2 2 1311 1
3 pu 30 30 חולי 2 2 0 2 2 2641 2
3 pu 31 8 כיף 1 2 0 1 2 1764 1
3 pu 32 45 מכוער 2 2 0 2 2 3873 1
3 pu 33 34 רעל 2 2 0 2 2 4587 1
3 pu 34 42 גירושין 2 2 0 2 2 7061 2
3 pu 35 51 צער 2 2 0 2 2 6883 1
3 pu 36 46 סרטן 2 2 0 2 2 3143 1
3 pu 37 4 אהבה 1 2 0 1 2 1530 1
3 pu 38 14 מזל 1 2 0 1 2 1119 1
3 pu 39 3 בריאות 1 2 0 1 2 887 1
3 pu 40 19 נס 1 2 0 1 2 6140 1
3 pu 41 35 סירחון 2 2 0 2 2 8361 1
3 pu 42 38 שנאה 2 2 0 2 2 4341 1
3 pu 43 43 כלא 2 2 0 2 2 1568 1
3 pu 44 16 הישג 1 2 0 1 2 1306 1
3 pu 45 29 רצח 2 2 0 2 2 782 1
3 pu 46 9 נאמן 1 2 0 1 2 2749 1
3 pu 47 32 מוות 2 2 0 2 2 847 1
3 pu 48 31 תאונה 2 2 0 2 2 1792 1
3 pu 49 49 רקוב 2 2 0 2 2 5199 1
3 pu 50 2 חופש 1 2 0 1 2 1160 1
4 combined2 1 49 רקוב 2 2 1 1 2 10000 3
4 combined2 2 80 יובל 2 1 1 1 2 3447 1
4 combined2 3 94 עדי 2 1 1 1 2 3531 1
4 combined2 4 79 רונן 2 1 1 1 2 2269 2
4 combined2 5 5 שלום 1 2 1 1 2 999 2
4 combined2 6 67 האדיל 1 1 1 1 2 104 1
4 combined2 7 77 סאמירה 1 1 1 1 2 277 1
4 combined2 8 93 אורן 2 1 1 1 2 2347 1
4 combined2 9 4 אהבה 1 2 1 1 2 3726 1
4 combined2 10 97 אהרון 2 1 1 1 2 2371 1
4 combined2 11 15 קשת 1 2 1 1 2 10000 3
4 combined2 12 68 נאדיה 1 1 1 1 2 7408 1
4 combined2 13 53 מוחמד 1 1 1 1 2 3021 1
4 combined2 14 6 לעודד 1 2 1 1 2 10000 3
4 combined2 15 91 רבקה 2 1 1 1 2 10000 3
4 combined2 16 3 בריאות 1 2 1 1 2 2114 1
4 combined2 17 18 כבוד 1 2 1 1 2 2695 1
4 combined2 18 47 רשע 2 2 1 1 2 10000 3
4 combined2 19 55 מדחאת 1 1 1 1 2 10000 3
4 combined2 20 83 משה 2 1 1 1 2 2048 1
4 combined2 21 76 ראינאן 1 1 1 1 2 2078 2
4 combined2 22 30 חולי 2 2 1 1 2 10000 3
4 combined2 23 23 צחוק 1 2 1 1 2 1489 1
4 combined2 24 45 מכוער 2 2 1 1 2 5398 1
4 combined2 25 50 קיא 2 2 1 1 2 1591 1
4 combined2 26 26 התעללות 2 2 1 1 2 3528 1
4 combined2 27 95 עידן 2 1 1 1 2 1633 1
4 combined2 28 41 פצצה 2 2 1 1 2 7368 1
4 combined2 29 12 עדין 1 2 1 1 2 2761 2
4 combined2 30 9 נאמן 1 2 1 1 2 2263 1
4 combined2 31 78 יאיר 2 1 1 1 2 1036 1
4 combined2 32 31 תאונה 2 2 1 1 2 1659 1
4 combined2 33 100 יוכבד 2 1 1 1 2 10000 3
4 combined2 34 61 ראפיק 1 1 1 1 2 3108 1
4 combined2 35 43 כלא 2 2 1 1 2 1196 1
4 combined2 36 64 סאמיחה 1 1 1 1 2 689 1
4 combined2 37 35 סירחון 2 2 1 1 2 927 1
4 combined2 38 8 כיף 1 2 1 1 2 1639 1
4 combined2 39 72 עבד 1 1 1 1 2 1078 1
4 combined2 40 57 מוסא 1 1 1 1 2 901 1
4 combined2 41 70 תייסיר 1 1 1 1 2 798 1
4 combined2 42 28 לכלוך 2 2 1 1 2 1681 2
4 combined2 43 21 משפחה 1 2 1 1 2 3571 1
4 combined2 44 65 עביר 1 1 1 1 2 1343 1
4 combined2 45 58 איבתיסאם 1 1 1 1 2 960 1
4 combined2 46 87 נעמה 2 1 1 1 2 1745 1
4 combined2 47 62 סאמיר 1 1 1 1 2 3085 1
4 combined2 48 85 מאיה 2 1 1 1 2 2524 2
4 combined2 49 63 עזיזה 1 1 1 1 2 2598 1
4 combined2 50 82 אבי 2 1 1 1 2 1838 1
5 combined2b 1 13 כנה 1 2 1 1 2 10000 3
5 combined2b 2 7 חבר 1 2 1 1 2 1882 1
5 combined2b 3 52 לכוד 2 2 1 1 2 10000 3
5 combined2b 4 17 מתנה 1 2 1 1 2 2251 1
5 combined2b 5 10 תענוג 1 2 1 1 2 8981 1
5 combined2b 6 40 טרגדיה 2 2 1 1 2 5921 2
5 combined2b 7 75 אשראף 1 1 1 1 2 1436 1
5 combined2b 8 44 עוני 2 2 1 1 2 10000 3
5 combined2b 9 59 נור 1 1 1 1 2 2471 2
5 combined2b 10 27 התרסקות 2 2 1 1 2 10000 3
5 combined2b 11 34 רעל 2 2 1 1 2 9829 1
5 combined2b 12 24 עילאי 1 2 1 1 2 4722 1
5 combined2b 13 73 סאלים 1 1 1 1 2 1410 1
5 combined2b 14 92 שמעון 2 1 1 1 2 1070 1
5 combined2b 15 20 זריחה 1 2 1 1 2 5456 1
5 combined2b 16 16 הישג 1 2 1 1 2 1282 1
5 combined2b 17 33 אבל 2 2 1 1 2 5167 1
5 combined2b 18 42 גירושין 2 2 1 1 2 8167 1
5 combined2b 19 46 סרטן 2 2 1 1 2 2498 1
5 combined2b 20 99 מיטל 2 1 1 1 2 8193 1
5 combined2b 21 51 צער 2 2 1 1 2 6966 1
5 combined2b 22 60 עליאן 1 1 1 1 2 5911 1
5 combined2b 23 98 דויד 2 1 1 1 2 4076 1
5 combined2b 24 56 איברהים 1 1 1 1 2 2715 1
5 combined2b 25 71 ראניה 1 1 1 1 2 3624 1
5 combined2b 26 29 רצח 2 2 1 1 2 1343 1
5 combined2b 27 32 מוות 2 2 1 1 2 784 1
5 combined2b 28 19 נס 1 2 1 1 2 8787 1
5 combined2b 29 88 ערן 2 1 1 1 2 6975 1
5 combined2b 30 36 תקיפה 2 2 1 1 2 7510 1
5 combined2b 31 74 סוילמאן 1 1 1 1 2 918 1
5 combined2b 32 86 נועה 2 1 1 1 2 5536 1
5 combined2b 33 2 חופש 1 2 1 1 2 902 1
5 combined2b 34 25 חופשה 1 2 1 1 2 753 1
5 combined2b 35 39 זיהום 2 2 1 1 2 9077 1
5 combined2b 36 48 להרוג 2 2 1 1 2 952 1
5 combined2b 37 89 יאיר 2 1 1 1 2 1240 1
5 combined2b 38 38 שנאה 2 2 1 1 2 1628 1
5 combined2b 39 14 מזל 1 2 1 1 2 822 1
5 combined2b 40 54 אחמד 1 1 1 1 2 1056 1
5 combined2b 41 66 פאטימה 1 1 1 1 2 894 1
5 combined2b 42 37 אסון 2 2 1 1 2 5375 1
5 combined2b 43 22 שמחה 1 2 1 1 2 1828 1
5 combined2b 44 1 ללטף 1 2 1 1 2 5798 2
5 combined2b 45 96 יפעת 2 1 1 1 2 5340 1
5 combined2b 46 69 עאידה 1 1 1 1 2 3330 1
5 combined2b 47 11 יהלום 1 2 1 1 2 1624 1
5 combined2b 48 84 שני 2 1 1 1 2 2881 1
5 combined2b 49 81 דני 2 1 1 1 2 959 1
5 combined2b 50 90 עמוס 2 1 1 1 2 954 1
6 bw 1 40 שמעון 2 1 0 4 1 3439 1
6 bw 2 17 עאידה 1 1 0 3 1 1423 1
6 bw 3 34 נועה 2 1 0 4 1 1550 1
6 bw 4 1 מוחמד 1 1 0 3 1 988 1
6 bw 5 25 סאמירה 1 1 0 3 1 1008 1
6 bw 6 31 משה 2 1 0 4 1 895 1
6 bw 7 37 יאיר 2 1 0 4 1 846 1
6 bw 8 49 ישראל 2 1 0 4 1 664 1
6 bw 9 10 סאמיר 1 1 0 3 1 565 1
6 bw 10 5 מוסא 1 1 0 3 1 741 1
6 bw 11 43 עידן 2 1 0 4 1 1053 1
6 bw 12 9 ראפיק 1 1 0 3 1 801 1
6 bw 13 24 ראינאן 1 1 0 3 1 4229 2
6 bw 14 14 פאטימה 1 1 0 3 1 1946 1
6 bw 15 6 איבתיסאם 1 1 0 3 1 810 1
6 bw 16 33 מאיה 2 1 0 4 1 570 2
6 bw 17 47 מיטל 2 1 0 4 1 933 1
6 bw 18 16 נאדיה 1 1 0 3 1 1079 1
6 bw 19 39 רבקה 2 1 0 4 1 962 1
6 bw 20 7 נור 1 1 0 3 1 725 1
6 bw 21 48 יוכבד 2 1 0 4 1 654 1
6 bw 22 41 אורן 2 1 0 4 1 668 1
6 bw 23 38 עמוס 2 1 0 4 1 664 1
6 bw 24 27 רונן 2 1 0 4 1 929 1
6 bw 25 23 אשראף 1 1 0 3 1 787 1
6 bw 26 30 אבי 2 1 0 4 1 641 1
6 bw 27 13 עביר 1 1 0 3 1 600 1
6 bw 28 4 איברהים 1 1 0 3 1 1505 2
6 bw 29 19 ראניה 1 1 0 3 1 3468 1
6 bw 30 50 יהודה 2 1 0 4 1 627 1
6 bw 31 3 מדחאת 1 1 0 3 1 1196 1
6 bw 32 35 נעמה 2 1 0 4 1 1220 1
6 bw 33 46 דויד 2 1 0 4 1 1057 1
6 bw 34 36 ערן 2 1 0 4 1 1087 1
6 bw 35 45 אהרון 2 1 0 4 1 876 1
6 bw 36 12 סאמיחה 1 1 0 3 1 527 1
6 bw 37 18 תייסיר 1 1 0 3 1 811 1
6 bw 38 2 אחמד 1 1 0 3 1 525 1
6 bw 39 28 יובל 2 1 0 4 1 677 1
6 bw 40 20 עבד 1 1 0 3 1 681 1
6 bw 41 15 האדיל 1 1 0 3 1 831 1
6 bw 42 22 סוילמאן 1 1 0 3 1 1418 1
6 bw 43 21 סאלים 1 1 0 3 1 1031 1
6 bw 44 29 דני 2 1 0 4 1 869 1
6 bw 45 26 יאיר 2 1 0 4 1 787 1
6 bw 46 11 עזיזה 1 1 0 3 1 1361 1
6 bw 47 8 עליאן 1 1 0 3 1 625 2
6 bw 48 42 עדי 2 1 0 4 1 1045 1
6 bw 49 32 שני 2 1 0 4 1 1101 1
6 bw 50 44 יפעת 2 1 0 4 1 793 1
7 combined1 1 69 עאידה 1 1 2 4 1 5438 1
7 combined1 2 26 התעללות 2 2 2 4 1 9858 1
7 combined1 3 66 פאטימה 1 1 2 4 1 1879 1
7 combined1 4 97 אהרון 2 1 2 4 1 842 2
7 combined1 5 54 אחמד 1 1 2 4 1 3595 1
7 combined1 6 86 נועה 2 1 2 4 1 1813 1
7 combined1 7 29 רצח 2 2 2 4 1 1343 1
7 combined1 8 56 איברהים 1 1 2 4 1 1145 2
7 combined1 9 23 צחוק 1 2 2 4 1 2022 1
7 combined1 10 90 עמוס 2 1 2 4 1 1985 1
7 combined1 11 79 רונן 2 1 2 4 1 1510 1
7 combined1 12 48 להרוג 2 2 2 4 1 1192 1
7 combined1 13 73 סאלים 1 1 2 4 1 1554 1
7 combined1 14 61 ראפיק 1 1 2 4 1 935 1
7 combined1 15 13 כנה 1 2 2 4 1 5628 1
7 combined1 16 5 שלום 1 2 2 4 1 784 1
7 combined1 17 45 מכוער 2 2 2 4 1 5881 1
7 combined1 18 9 נאמן 1 2 2 4 1 1347 1
7 combined1 19 35 סירחון 2 2 2 4 1 9320 1
7 combined1 20 16 הישג 1 2 2 4 1 1580 1
7 combined1 21 92 שמעון 2 1 2 4 1 1596 1
7 combined1 22 98 דויד 2 1 2 4 1 1205 1
7 combined1 23 95 עידן 2 1 2 4 1 1034 1
7 combined1 24 52 לכוד 2 2 2 4 1 6607 1
7 combined1 25 30 חולי 2 2 2 4 1 1152 2
7 combined1 26 2 חופש 1 2 2 4 1 769 1
7 combined1 27 34 רעל 2 2 2 4 1 1086 1
7 combined1 28 93 אורן 2 1 2 4 1 1366 1
7 combined1 29 88 ערן 2 1 2 4 1 551 1
7 combined1 30 1 ללטף 1 2 2 4 1 5101 2
7 combined1 31 10 תענוג 1 2 2 4 1 7831 2
7 combined1 32 41 פצצה 2 2 2 4 1 10000 3
7 combined1 33 44 עוני 2 2 2 4 1 3140 1
7 combined1 34 87 נעמה 2 1 2 4 1 1095 1
7 combined1 35 33 אבל 2 2 2 4 1 847 1
7 combined1 36 7 חבר 1 2 2 4 1 1303 1
7 combined1 37 91 רבקה 2 1 2 4 1 4353 1
7 combined1 38 4 אהבה 1 2 2 4 1 1506 1
7 combined1 39 24 עילאי 1 2 2 4 1 7489 1
7 combined1 40 27 התרסקות 2 2 2 4 1 6792 1
7 combined1 41 80 יובל 2 1 2 4 1 1009 1
7 combined1 42 55 מדחאת 1 1 2 4 1 1522 1
7 combined1 43 17 מתנה 1 2 2 4 1 1613 1
7 combined1 44 67 האדיל 1 1 2 4 1 926 1
7 combined1 45 57 מוסא 1 1 2 4 1 708 1
7 combined1 46 74 סוילמאן 1 1 2 4 1 617 1
7 combined1 47 50 קיא 2 2 2 4 1 1359 1
7 combined1 48 77 סאמירה 1 1 2 4 1 978 1
7 combined1 49 51 צער 2 2 2 4 1 3797 1
7 combined1 50 8 כיף 1 2 2 4 1 933 1
8 combined1b 1 49 רקוב 2 2 2 4 1 10000 3
8 combined1b 2 12 עדין 1 2 2 4 1 1800 1
8 combined1b 3 99 מיטל 2 1 2 4 1 4717 1
8 combined1b 4 71 ראניה 1 1 2 4 1 3713 1
8 combined1b 5 100 יוכבד 2 1 2 4 1 1525 1
8 combined1b 6 76 ראינאן 1 1 2 4 1 2045 2
8 combined1b 7 43 כלא 2 2 2 4 1 2308 1
8 combined1b 8 68 נאדיה 1 1 2 4 1 3405 1
8 combined1b 9 15 קשת 1 2 2 4 1 5494 1
8 combined1b 10 39 זיהום 2 2 2 4 1 3616 1
8 combined1b 11 28 לכלוך 2 2 2 4 1 1298 1
8 combined1b 12 11 יהלום 1 2 2 4 1 2816 2
8 combined1b 13 37 אסון 2 2 2 4 1 10000 3
8 combined1b 14 64 סאמיחה 1 1 2 4 1 1709 1
8 combined1b 15 59 נור 1 1 2 4 1 810 1
8 combined1b 16 94 עדי 2 1 2 4 1 1319 1
8 combined1b 17 19 נס 1 2 2 4 1 2335 1
8 combined1b 18 21 משפחה 1 2 2 4 1 939 1
8 combined1b 19 38 שנאה 2 2 2 4 1 1176 1
8 combined1b 20 62 סאמיר 1 1 2 4 1 1156 1
8 combined1b 21 58 איבתיסאם 1 1 2 4 1 1347 1
8 combined1b 22 14 מזל 1 2 2 4 1 776 1
8 combined1b 23 96 יפעת 2 1 2 4 1 6542 1
8 combined1b 24 42 גירושין 2 2 2 4 1 7383 1
8 combined1b 25 89 יאיר 2 1 2 4 1 736 1
8 combined1b 26 18 כבוד 1 2 2 4 1 1640 1
8 combined1b 27 25 חופשה 1 2 2 4 1 895 1
8 combined1b 28 22 שמחה 1 2 2 4 1 483 1
8 combined1b 29 82 אבי 2 1 2 4 1 1202 1
8 combined1b 30 40 טרגדיה 2 2 2 4 1 4009 1
8 combined1b 31 63 עזיזה 1 1 2 4 1 1463 1
8 combined1b 32 75 אשראף 1 1 2 4 1 819 1
8 combined1b 33 46 סרטן 2 2 2 4 1 2226 1
8 combined1b 34 81 דני 2 1 2 4 1 4510 1
8 combined1b 35 53 מוחמד 1 1 2 4 1 1213 1
8 combined1b 36 85 מאיה 2 1 2 4 1 912 2
8 combined1b 37 72 עבד 1 1 2 4 1 582 1
8 combined1b 38 31 תאונה 2 2 2 4 1 1737 1
8 combined1b 39 78 יאיר 2 1 2 4 1 897 1
8 combined1b 40 6 לעודד 1 2 2 4 1 1633 1
8 combined1b 41 83 משה 2 1 2 4 1 1356 1
8 combined1b 42 65 עביר 1 1 2 4 1 1391 1
8 combined1b 43 60 עליאן 1 1 2 4 1 3010 1
8 combined1b 44 47 רשע 2 2 2 4 1 6927 1
8 combined1b 45 70 תייסיר 1 1 2 4 1 1260 1
8 combined1b 46 36 תקיפה 2 2 2 4 1 4560 1
8 combined1b 47 84 שני 2 1 2 4 1 10000 3
8 combined1b 48 3 בריאות 1 2 2 4 1 1336 1
8 combined1b 49 20 זריחה 1 2 2 4 1 5995 1
8 combined1b 50 32 מוות 2 2 2 4 1 1369 1
9 bw 1 2 אחמד 1 1 0 3 1 1974 1
9 bw 2 5 מוסא 1 1 0 3 1 664 1
9 bw 3 30 אבי 2 1 0 4 1 1292 1
9 bw 4 11 עזיזה 1 1 0 3 1 1096 1
9 bw 5 36 ערן 2 1 0 4 1 584 1
9 bw 6 50 יהודה 2 1 0 4 1 642 1
9 bw 7 25 סאמירה 1 1 0 3 1 517 1
9 bw 8 46 דויד 2 1 0 4 1 517 1
9 bw 9 39 רבקה 2 1 0 4 1 678 1
9 bw 10 49 ישראל 2 1 0 4 1 619 1
9 bw 11 1 מוחמד 1 1 0 3 1 536 1
9 bw 12 35 נעמה 2 1 0 4 1 716 1
9 bw 13 4 איברהים 1 1 0 3 1 4288 2
9 bw 14 37 יאיר 2 1 0 4 1 1227 1
9 bw 15 26 יאיר 2 1 0 4 1 525 1
9 bw 16 29 דני 2 1 0 4 1 1453 1
9 bw 17 9 ראפיק 1 1 0 3 1 1033 1
9 bw 18 3 מדחאת 1 1 0 3 1 552 1
9 bw 19 28 יובל 2 1 0 4 1 548 1
9 bw 20 18 תייסיר 1 1 0 3 1 497 1
9 bw 21 22 סוילמאן 1 1 0 3 1 828 1
9 bw 22 31 משה 2 1 0 4 1 684 1
9 bw 23 48 יוכבד 2 1 0 4 1 822 1
9 bw 24 14 פאטימה 1 1 0 3 1 674 1
9 bw 25 44 יפעת 2 1 0 4 1 578 1
9 bw 26 8 עליאן 1 1 0 3 1 503 1
9 bw 27 45 אהרון 2 1 0 4 1 704 1
9 bw 28 15 האדיל 1 1 0 3 1 576 1
9 bw 29 7 נור 1 1 0 3 1 844 1
9 bw 30 34 נועה 2 1 0 4 1 658 1
9 bw 31 40 שמעון 2 1 0 4 1 732 1
9 bw 32 12 סאמיחה 1 1 0 3 1 824 1
9 bw 33 24 ראינאן 1 1 0 3 1 779 2
9 bw 34 16 נאדיה 1 1 0 3 1 1026 1
9 bw 35 42 עדי 2 1 0 4 1 627 1
9 bw 36 17 עאידה 1 1 0 3 1 780 1
9 bw 37 27 רונן 2 1 0 4 1 1429 1
9 bw 38 21 סאלים 1 1 0 3 1 650 1
9 bw 39 41 אורן 2 1 0 4 1 614 1
9 bw 40 20 עבד 1 1 0 3 1 523 1
9 bw 41 19 ראניה 1 1 0 3 1 779 1
9 bw 42 38 עמוס 2 1 0 4 1 738 1
9 bw 43 32 שני 2 1 0 4 1 622 2
9 bw 44 43 עידן 2 1 0 4 1 1422 1
9 bw 45 33 מאיה 2 1 0 4 1 1259 2
9 bw 46 6 איבתיסאם 1 1 0 3 1 762 2
9 bw 47 47 מיטל 2 1 0 4 1 2663 1
9 bw 48 10 סאמיר 1 1 0 3 1 845 1
9 bw 49 13 עביר 1 1 0 3 1 1736 1
9 bw 50 23 אשראף 1 1 0 3 1 625 1
10 combined1 1 61 ראפיק 1 1 2 3 1 2242 1
10 combined1 2 28 לכלוך 2 2 2 3 1 1339 1
10 combined1 3 84 שני 2 1 2 3 1 1306 1
10 combined1 4 82 אבי 2 1 2 3 1 1237 2
10 combined1 5 26 התעללות 2 2 2 3 1 1561 1
10 combined1 6 4 אהבה 1 2 2 3 1 745 1
10 combined1 7 17 מתנה 1 2 2 3 1 1148 1
10 combined1 8 21 משפחה 1 2 2 3 1 1124 1
10 combined1 9 88 ערן 2 1 2 3 1 1186 1
10 combined1 10 98 דויד 2 1 2 3 1 583 1
10 combined1 11 8 כיף 1 2 2 3 1 851 1
10 combined1 12 91 רבקה 2 1 2 3 1 1317 1
10 combined1 13 31 תאונה 2 2 2 3 1 1960 2
10 combined1 14 7 חבר 1 2 2 3 1 1244 1
10 combined1 15 66 פאטימה 1 1 2 3 1 1513 1
10 combined1 16 43 כלא 2 2 2 3 1 1021 1
10 combined1 17 24 עילאי 1 2 2 3 1 6340 2
10 combined1 18 49 רקוב 2 2 2 3 1 10000 3
10 combined1 19 56 איברהים 1 1 2 3 1 1774 2
10 combined1 20 40 טרגדיה 2 2 2 3 1 2866 1
10 combined1 21 1 ללטף 1 2 2 3 1 6649 2
10 combined1 22 94 עדי 2 1 2 3 1 819 1
10 combined1 23 27 התרסקות 2 2 2 3 1 5874 1
10 combined1 24 59 נור 1 1 2 3 1 1130 1
10 combined1 25 72 עבד 1 1 2 3 1 690 1
10 combined1 26 95 עידן 2 1 2 3 1 1041 1
10 combined1 27 97 אהרון 2 1 2 3 1 808 1
10 combined1 28 77 סאמירה 1 1 2 3 1 939 1
10 combined1 29 48 להרוג 2 2 2 3 1 1178 1
10 combined1 30 30 חולי 2 2 2 3 1 6400 2
10 combined1 31 41 פצצה 2 2 2 3 1 5536 1
10 combined1 32 80 יובל 2 1 2 3 1 756 1
10 combined1 33 2 חופש 1 2 2 3 1 1030 1
10 combined1 34 96 יפעת 2 1 2 3 1 5794 1
10 combined1 35 22 שמחה 1 2 2 3 1 1995 1
10 combined1 36 20 זריחה 1 2 2 3 1 2111 2
10 combined1 37 93 אורן 2 1 2 3 1 2194 1
10 combined1 38 18 כבוד 1 2 2 3 1 1551 1
10 combined1 39 34 רעל 2 2 2 3 1 1503 1
10 combined1 40 15 קשת 1 2 2 3 1 3688 1
10 combined1 41 12 עדין 1 2 2 3 1 5631 1
10 combined1 42 70 תייסיר 1 1 2 3 1 924 1
10 combined1 43 23 צחוק 1 2 2 3 1 670 1
10 combined1 44 45 מכוער 2 2 2 3 1 5852 1
10 combined1 45 50 קיא 2 2 2 3 1 757 1
10 combined1 46 68 נאדיה 1 1 2 3 1 1041 1
10 combined1 47 6 לעודד 1 2 2 3 1 2194 1
10 combined1 48 36 תקיפה 2 2 2 3 1 1857 1
10 combined1 49 92 שמעון 2 1 2 3 1 809 1
10 combined1 50 85 מאיה 2 1 2 3 1 1046 1
11 combined1b 1 62 סאמיר 1 1 2 3 1 1600 1
11 combined1b 2 89 יאיר 2 1 2 3 1 1190 1
11 combined1b 3 65 עביר 1 1 2 3 1 747 1
11 combined1b 4 71 ראניה 1 1 2 3 1 1199 1
11 combined1b 5 55 מדחאת 1 1 2 3 1 714 1
11 combined1b 6 44 עוני 2 2 2 3 1 5844 1
11 combined1b 7 33 אבל 2 2 2 3 1 1321 1
11 combined1b 8 52 לכוד 2 2 2 3 1 6850 1
11 combined1b 9 57 מוסא 1 1 2 3 1 985 1
11 combined1b 10 69 עאידה 1 1 2 3 1 755 1
11 combined1b 11 87 נעמה 2 1 2 3 1 1542 1
11 combined1b 12 86 נועה 2 1 2 3 1 998 1
11 combined1b 13 25 חופשה 1 2 2 3 1 1019 1
11 combined1b 14 3 בריאות 1 2 2 3 1 562 1
11 combined1b 15 100 יוכבד 2 1 2 3 1 6306 2
11 combined1b 16 83 משה 2 1 2 3 1 1712 1
11 combined1b 17 16 הישג 1 2 2 3 1 1019 1
11 combined1b 18 38 שנאה 2 2 2 3 1 1275 1
11 combined1b 19 76 ראינאן 1 1 2 3 1 826 2
11 combined1b 20 63 עזיזה 1 1 2 3 1 995 1
11 combined1b 21 74 סוילמאן 1 1 2 3 1 868 1
11 combined1b 22 51 צער 2 2 2 3 1 5448 1
11 combined1b 23 47 רשע 2 2 2 3 1 7519 1
11 combined1b 24 29 רצח 2 2 2 3 1 686 1
11 combined1b 25 53 מוחמד 1 1 2 3 1 1119 1
11 combined1b 26 35 סירחון 2 2 2 3 1 624 2
11 combined1b 27 11 יהלום 1 2 2 3 1 1076 2
11 combined1b 28 73 סאלים 1 1 2 3 1 1166 1
11 combined1b 29 58 איבתיסאם 1 1 2 3 1 1134 1
11 combined1b 30 75 אשראף 1 1 2 3 1 756 1
11 combined1b 31 90 עמוס 2 1 2 3 1 1310 1
11 combined1b 32 32 מוות 2 2 2 3 1 1167 1
11 combined1b 33 54 אחמד 1 1 2 3 1 1232 1
11 combined1b 34 67 האדיל 1 1 2 3 1 1015 1
11 combined1b 35 46 סרטן 2 2 2 3 1 1080 1
11 combined1b 36 79 רונן 2 1 2 3 1 739 1
11 combined1b 37 99 מיטל 2 1 2 3 1 769 1
11 combined1b 38 81 דני 2 1 2 3 1 593 1
11 combined1b 39 9 נאמן 1 2 2 3 1 1556 1
11 combined1b 40 64 סאמיחה 1 1 2 3 1 737 1
11 combined1b 41 42 גירושין 2 2 2 3 1 10000 3
11 combined1b 42 19 נס 1 2 2 3 1 1390 1
11 combined1b 43 14 מזל 1 2 2 3 1 1065 1
11 combined1b 44 10 תענוג 1 2 2 3 1 10000 3
11 combined1b 45 13 כנה 1 2 2 3 1 10000 3
11 combined1b 46 5 שלום 1 2 2 3 1 2124 1
11 combined1b 47 37 אסון 2 2 2 3 1 7565 1
11 combined1b 48 39 זיהום 2 2 2 3 1 1641 1
11 combined1b 49 78 יאיר 2 1 2 3 1 668 1
11 combined1b 50 60 עליאן 1 1 2 3 1 1387 1
12 wb 1 10 סאמיר 1 1 0 3 2 2677 1
12 wb 2 32 שני 2 1 0 4 2 1703 1
12 wb 3 20 עבד 1 1 0 3 2 1873 1
12 wb 4 1 מוחמד 1 1 0 3 2 1817 1
12 wb 5 21 סאלים 1 1 0 3 2 1004 1
12 wb 6 14 פאטימה 1 1 0 3 2 745 1
12 wb 7 13 עביר 1 1 0 3 2 745 1
12 wb 8 23 אשראף 1 1 0 3 2 819 1
12 wb 9 5 מוסא 1 1 0 3 2 670 1
12 wb 10 7 נור 1 1 0 3 2 765 1
12 wb 11 50 יהודה 2 1 0 4 2 1136 1
12 wb 12 33 מאיה 2 1 0 4 2 1492 1
12 wb 13 3 מדחאת 1 1 0 3 2 637 1
12 wb 14 45 אהרון 2 1 0 4 2 2413 1
12 wb 15 8 עליאן 1 1 0 3 2 1050 1
12 wb 16 36 ערן 2 1 0 4 2 1364 1
12 wb 17 37 יאיר 2 1 0 4 2 675 1
12 wb 18 27 רונן 2 1 0 4 2 1327 1
12 wb 19 47 מיטל 2 1 0 4 2 685 1
12 wb 20 15 האדיל 1 1 0 3 2 646 1
12 wb 21 48 יוכבד 2 1 0 4 2 786 1
12 wb 22 44 יפעת 2 1 0 4 2 876 1
12 wb 23 2 אחמד 1 1 0 3 2 568 1
12 wb 24 30 אבי 2 1 0 4 2 1111 1
12 wb 25 38 עמוס 2 1 0 4 2 868 1
12 wb 26 49 ישראל 2 1 0 4 2 676 1
12 wb 27 25 סאמירה 1 1 0 3 2 714 1
12 wb 28 22 סוילמאן 1 1 0 3 2 568 1
12 wb 29 31 משה 2 1 0 4 2 858 1
12 wb 30 43 עידן 2 1 0 4 2 1042 1
12 wb 31 42 עדי 2 1 0 4 2 839 1
12 wb 32 46 דויד 2 1 0 4 2 845 1
12 wb 33 18 תייסיר 1 1 0 3 2 666 1
12 wb 34 34 נועה 2 1 0 4 2 609 1
12 wb 35 6 איבתיסאם 1 1 0 3 2 577 1
12 wb 36 39 רבקה 2 1 0 4 2 724 1
12 wb 37 16 נאדיה 1 1 0 3 2 1358 1
12 wb 38 29 דני 2 1 0 4 2 661 1
12 wb 39 40 שמעון 2 1 0 4 2 749 1
12 wb 40 28 יובל 2 1 0 4 2 494 1
12 wb 41 19 ראניה 1 1 0 3 2 517 1
12 wb 42 11 עזיזה 1 1 0 3 2 671 1
12 wb 43 35 נעמה 2 1 0 4 2 660 1
12 wb 44 9 ראפיק 1 1 0 3 2 521 1
12 wb 45 24 ראינאן 1 1 0 3 2 756 2
12 wb 46 26 יאיר 2 1 0 4 2 669 2
12 wb 47 12 סאמיחה 1 1 0 3 2 2018 1
12 wb 48 17 עאידה 1 1 0 3 2 1441 1
12 wb 49 4 איברהים 1 1 0 3 2 854 2
12 wb 50 41 אורן 2 1 0 4 2 2329 1
13 combined2 1 67 האדיל 1 1 1 4 2 2085 1
13 combined2 2 50 קיא 2 2 1 4 2 1358 1
13 combined2 3 2 חופש 1 2 1 4 2 1864 1
13 combined2 4 94 עדי 2 1 1 4 2 2711 1
13 combined2 5 24 עילאי 1 2 1 4 2 3080 1
13 combined2 6 82 אבי 2 1 1 4 2 627 1
13 combined2 7 61 ראפיק 1 1 1 4 2 2215 1
13 combined2 8 71 ראניה 1 1 1 4 2 1829 1
13 combined2 9 42 גירושין 2 2 1 4 2 1629 1
13 combined2 10 38 שנאה 2 2 1 4 2 1130 1
13 combined2 11 6 לעודד 1 2 1 4 2 1197 1
13 combined2 12 96 יפעת 2 1 1 4 2 3231 1
13 combined2 13 83 משה 2 1 1 4 2 814 1
13 combined2 14 37 אסון 2 2 1 4 2 5523 1
13 combined2 15 46 סרטן 2 2 1 4 2 979 1
13 combined2 16 62 סאמיר 1 1 1 4 2 3901 1
13 combined2 17 58 איבתיסאם 1 1 1 4 2 902 1
13 combined2 18 49 רקוב 2 2 1 4 2 5447 1
13 combined2 19 48 להרוג 2 2 1 4 2 932 1
13 combined2 20 34 רעל 2 2 1 4 2 2483 2
13 combined2 21 9 נאמן 1 2 1 4 2 1121 1
13 combined2 22 25 חופשה 1 2 1 4 2 565 1
13 combined2 23 18 כבוד 1 2 1 4 2 719 1
13 combined2 24 57 מוסא 1 1 1 4 2 1696 1
13 combined2 25 11 יהלום 1 2 1 4 2 1250 1
13 combined2 26 55 מדחאת 1 1 1 4 2 1496 1
13 combined2 27 95 עידן 2 1 1 4 2 1667 1
13 combined2 28 45 מכוער 2 2 1 4 2 2892 1
13 combined2 29 70 תייסיר 1 1 1 4 2 947 1
13 combined2 30 85 מאיה 2 1 1 4 2 1744 1
13 combined2 31 69 עאידה 1 1 1 4 2 1268 1
13 combined2 32 3 בריאות 1 2 1 4 2 1312 1
13 combined2 33 12 עדין 1 2 1 4 2 3050 1
13 combined2 34 13 כנה 1 2 1 4 2 4635 1
13 combined2 35 36 תקיפה 2 2 1 4 2 1504 1
13 combined2 36 40 טרגדיה 2 2 1 4 2 9628 1
13 combined2 37 84 שני 2 1 1 4 2 5363 2
13 combined2 38 21 משפחה 1 2 1 4 2 1528 1
13 combined2 39 77 סאמירה 1 1 1 4 2 2457 1
13 combined2 40 23 צחוק 1 2 1 4 2 2136 1
13 combined2 41 98 דויד 2 1 1 4 2 3604 1
13 combined2 42 52 לכוד 2 2 1 4 2 6085 1
13 combined2 43 97 אהרון 2 1 1 4 2 2642 1
13 combined2 44 44 עוני 2 2 1 4 2 4461 2
13 combined2 45 65 עביר 1 1 1 4 2 1673 1
13 combined2 46 33 אבל 2 2 1 4 2 2881 1
13 combined2 47 41 פצצה 2 2 1 4 2 1183 1
13 combined2 48 81 דני 2 1 1 4 2 1283 1
13 combined2 49 31 תאונה 2 2 1 4 2 3437 1
13 combined2 50 72 עבד 1 1 1 4 2 1737 1
14 combined2b 1 60 עליאן 1 1 1 4 2 2199 1
14 combined2b 2 10 תענוג 1 2 1 4 2 5400 1
14 combined2b 3 99 מיטל 2 1 1 4 2 1717 1
14 combined2b 4 80 יובל 2 1 1 4 2 1037 1
14 combined2b 5 28 לכלוך 2 2 1 4 2 1144 1
14 combined2b 6 73 סאלים 1 1 1 4 2 1407 1
14 combined2b 7 68 נאדיה 1 1 1 4 2 1918 1
14 combined2b 8 90 עמוס 2 1 1 4 2 853 1
14 combined2b 9 51 צער 2 2 1 4 2 1283 1
14 combined2b 10 53 מוחמד 1 1 1 4 2 906 1
14 combined2b 11 5 שלום 1 2 1 4 2 980 1
14 combined2b 12 76 ראינאן 1 1 1 4 2 1349 2
14 combined2b 13 43 כלא 2 2 1 4 2 926 1
14 combined2b 14 89 יאיר 2 1 1 4 2 984 1
14 combined2b 15 35 סירחון 2 2 1 4 2 1034 1
14 combined2b 16 7 חבר 1 2 1 4 2 933 1
14 combined2b 17 47 רשע 2 2 1 4 2 4494 1
14 combined2b 18 74 סוילמאן 1 1 1 4 2 2057 1
14 combined2b 19 26 התעללות 2 2 1 4 2 897 1
14 combined2b 20 93 אורן 2 1 1 4 2 1829 1
14 combined2b 21 66 פאטימה 1 1 1 4 2 934 1
14 combined2b 22 20 זריחה 1 2 1 4 2 7309 1
14 combined2b 23 79 רונן 2 1 1 4 2 1560 1
14 combined2b 24 59 נור 1 1 1 4 2 992 1
14 combined2b 25 63 עזיזה 1 1 1 4 2 892 1
14 combined2b 26 22 שמחה 1 2 1 4 2 2222 1
14 combined2b 27 39 זיהום 2 2 1 4 2 1671 2
14 combined2b 28 92 שמעון 2 1 1 4 2 1614 1
14 combined2b 29 15 קשת 1 2 1 4 2 1796 2
14 combined2b 30 16 הישג 1 2 1 4 2 771 1
14 combined2b 31 27 התרסקות 2 2 1 4 2 759 1
14 combined2b 32 91 רבקה 2 1 1 4 2 2069 1
14 combined2b 33 32 מוות 2 2 1 4 2 804 1
14 combined2b 34 4 אהבה 1 2 1 4 2 811 1
14 combined2b 35 30 חולי 2 2 1 4 2 6706 2
14 combined2b 36 75 אשראף 1 1 1 4 2 732 2
14 combined2b 37 8 כיף 1 2 1 4 2 2253 1
14 combined2b 38 1 ללטף 1 2 1 4 2 7131 2
14 combined2b 39 54 אחמד 1 1 1 4 2 1461 1
14 combined2b 40 88 ערן 2 1 1 4 2 2701 1
14 combined2b 41 19 נס 1 2 1 4 2 1263 1
14 combined2b 42 56 איברהים 1 1 1 4 2 1313 2
14 combined2b 43 78 יאיר 2 1 1 4 2 633 1
14 combined2b 44 87 נעמה 2 1 1 4 2 693 1
14 combined2b 45 64 סאמיחה 1 1 1 4 2 1534 1
14 combined2b 46 86 נועה 2 1 1 4 2 958 1
14 combined2b 47 17 מתנה 1 2 1 4 2 902 1
14 combined2b 48 14 מזל 1 2 1 4 2 742 1
14 combined2b 49 29 רצח 2 2 1 4 2 1178 1
14 combined2b 50 100 יוכבד 2 1 1 4 2 9033 1
-222 -380 0
