2 bw 1 15 האדיל 1 1 0 3 1 2144 1
2 bw 2 43 עידן 2 1 0 4 1 946 1
2 bw 3 31 משה 2 1 0 4 1 779 1
2 bw 4 33 מאיה 2 1 0 4 1 974 1
2 bw 5 10 סאמיר 1 1 0 3 1 614 1
2 bw 6 38 עמוס 2 1 0 4 1 651 1
2 bw 7 4 איברהים 1 1 0 3 1 523 1
2 bw 8 44 יפעת 2 1 0 4 1 858 1
2 bw 9 6 איבתיסאם 1 1 0 3 1 601 1
2 bw 10 21 סאלים 1 1 0 3 1 520 1
2 bw 11 3 מדחאת 1 1 0 3 1 443 1
2 bw 12 2 אחמד 1 1 0 3 1 384 1
2 bw 13 42 עדי 2 1 0 4 1 305 2
2 bw 14 12 סאמיחה 1 1 0 3 1 1380 1
2 bw 15 41 אורן 2 1 0 4 1 575 1
2 bw 16 48 יוכבד 2 1 0 4 1 693 1
2 bw 17 16 נאדיה 1 1 0 3 1 548 1
2 bw 18 20 עבד 1 1 0 3 1 612 1
2 bw 19 14 פאטימה 1 1 0 3 1 565 1
2 bw 20 11 עזיזה 1 1 0 3 1 596 1
2 bw 21 13 עביר 1 1 0 3 1 1077 1
2 bw 22 45 אהרון 2 1 0 4 1 550 1
2 bw 23 47 מיטל 2 1 0 4 1 736 1
2 bw 24 46 דויד 2 1 0 4 1 633 1
2 bw 25 23 אשראף 1 1 0 3 1 554 1
2 bw 26 8 עליאן 1 1 0 3 1 616 1
2 bw 27 39 רבקה 2 1 0 4 1 582 1
2 bw 28 30 אבי 2 1 0 4 1 738 1
2 bw 29 40 שמעון 2 1 0 4 1 646 1
2 bw 30 25 סאמירה 1 1 0 3 1 573 1
2 bw 31 34 נועה 2 1 0 4 1 795 1
2 bw 32 24 ראינאן 1 1 0 3 1 785 1
2 bw 33 37 יאיר 2 1 0 4 1 545 1
2 bw 34 29 דני 2 1 0 4 1 611 1
2 bw 35 7 נור 1 1 0 3 1 475 1
2 bw 36 28 יובל 2 1 0 4 1 593 1
2 bw 37 35 נעמה 2 1 0 4 1 653 2
2 bw 38 27 רונן 2 1 0 4 1 1070 1
2 bw 39 32 שני 2 1 0 4 1 534 1
2 bw 40 19 ראניה 1 1 0 3 1 446 1
2 bw 41 18 תייסיר 1 1 0 3 1 489 1
2 bw 42 17 עאידה 1 1 0 3 1 535 1
2 bw 43 22 סוילמאן 1 1 0 3 1 527 1
2 bw 44 26 יאיר 2 1 0 4 1 414 2
2 bw 45 50 יהודה 2 1 0 4 1 1005 1
2 bw 46 1 מוחמד 1 1 0 3 1 758 1
2 bw 47 36 ערן 2 1 0 4 1 578 1
2 bw 48 9 ראפיק 1 1 0 3 1 514 1
2 bw 49 49 ישראל 2 1 0 4 1 535 1
2 bw 50 5 מוסא 1 1 0 3 1 591 1
3 pu 1 14 מזל 1 2 0 1 1 1686 1
3 pu 2 13 כנה 1 2 0 1 1 895 1
3 pu 3 42 גירושין 2 2 0 2 1 856 1
3 pu 4 29 רצח 2 2 0 2 1 821 1
3 pu 5 2 חופש 1 2 0 1 1 699 1
3 pu 6 9 נאמן 1 2 0 1 1 1151 1
3 pu 7 38 שנאה 2 2 0 2 1 796 1
3 pu 8 50 קיא 2 2 0 2 1 672 1
3 pu 9 16 הישג 1 2 0 1 1 935 1
3 pu 10 1 ללטף 1 2 0 1 1 685 1
3 pu 11 46 סרטן 2 2 0 2 1 626 1
3 pu 12 18 כבוד 1 2 0 1 1 665 1
3 pu 13 47 רשע 2 2 0 2 1 525 1
3 pu 14 41 פצצה 2 2 0 2 1 861 1
3 pu 15 35 סירחון 2 2 0 2 1 596 1
3 pu 16 44 עוני 2 2 0 2 1 761 1
3 pu 17 30 חולי 2 2 0 2 1 519 1
3 pu 18 5 שלום 1 2 0 1 1 568 1
3 pu 19 49 רקוב 2 2 0 2 1 666 1
3 pu 20 7 חבר 1 2 0 1 1 593 1
3 pu 21 15 קשת 1 2 0 1 1 1193 1
3 pu 22 39 זיהום 2 2 0 2 1 632 1
3 pu 23 32 מוות 2 2 0 2 1 598 2
3 pu 24 26 התעללות 2 2 0 2 1 1658 1
3 pu 25 12 עדין 1 2 0 1 1 749 1
3 pu 26 23 צחוק 1 2 0 1 1 898 1
3 pu 27 36 תקיפה 2 2 0 2 1 592 1
3 pu 28 51 צער 2 2 0 2 1 621 2
3 pu 29 40 טרגדיה 2 2 0 2 1 819 1
3 pu 30 3 בריאות 1 2 0 1 1 670 1
3 pu 31 4 אהבה 1 2 0 1 1 776 1
3 pu 32 45 מכוער 2 2 0 2 1 732 1
3 pu 33 10 תענוג 1 2 0 1 1 838 1
3 pu 34 28 לכלוך 2 2 0 2 1 802 1
3 pu 35 11 יהלום 1 2 0 1 1 890 1
3 pu 36 24 עילאי 1 2 0 1 1 718 1
3 pu 37 27 התרסקות 2 2 0 2 1 1080 1
3 pu 38 31 תאונה 2 2 0 2 1 1043 1
3 pu 39 22 שמחה 1 2 0 1 1 623 1
3 pu 40 20 זריחה 1 2 0 1 1 783 1
3 pu 41 19 נס 1 2 0 1 1 583 1
3 pu 42 25 חופשה 1 2 0 1 1 634 1
3 pu 43 17 מתנה 1 2 0 1 1 398 1
3 pu 44 48 להרוג 2 2 0 2 1 728 1
3 pu 45 21 משפחה 1 2 0 1 1 866 1
3 pu 46 33 אבל 2 2 0 2 1 668 1
3 pu 47 34 רעל 2 2 0 2 1 541 1
3 pu 48 52 לכוד 2 2 0 2 1 691 1
3 pu 49 8 כיף 1 2 0 1 1 587 1
3 pu 50 43 כלא 2 2 0 2 1 602 1
4 combined1 1 77 סאמירה 1 1 2 2 1 2809 1
4 combined1 2 57 מוסא 1 1 2 2 1 1366 1
4 combined1 3 27 התרסקות 2 2 2 2 1 3590 2
4 combined1 4 12 עדין 1 2 2 2 1 3614 1
4 combined1 5 92 שמעון 2 1 2 2 1 1791 1
4 combined1 6 10 תענוג 1 2 2 2 1 1314 1
4 combined1 7 55 מדחאת 1 1 2 2 1 1474 1
4 combined1 8 41 פצצה 2 2 2 2 1 946 1
4 combined1 9 82 אבי 2 1 2 2 1 1769 1
4 combined1 10 32 מוות 2 2 2 2 1 2372 1
4 combined1 11 33 אבל 2 2 2 2 1 1059 1
4 combined1 12 56 איברהים 1 1 2 2 1 987 1
4 combined1 13 73 סאלים 1 1 2 2 1 541 1
4 combined1 14 62 סאמיר 1 1 2 2 1 383 1
4 combined1 15 2 חופש 1 2 2 2 1 315 1
4 combined1 16 34 רעל 2 2 2 2 1 1279 1
4 combined1 17 11 יהלום 1 2 2 2 1 1575 1
4 combined1 18 37 אסון 2 2 2 2 1 1330 1
4 combined1 19 7 חבר 1 2 2 2 1 2404 2
4 combined1 20 96 יפעת 2 1 2 2 1 2503 1
4 combined1 21 45 מכוער 2 2 2 2 1 2640 1
4 combined1 22 65 עביר 1 1 2 2 1 1508 1
4 combined1 23 60 עליאן 1 1 2 2 1 555 1
4 combined1 24 8 כיף 1 2 2 2 1 670 2
4 combined1 25 83 משה 2 1 2 2 1 3433 1
4 combined1 26 72 עבד 1 1 2 2 1 2423 1
4 combined1 27 19 נס 1 2 2 2 1 1343 1
4 combined1 28 26 התעללות 2 2 2 2 1 837 1
4 combined1 29 31 תאונה 2 2 2 2 1 1004 2
4 combined1 30 18 כבוד 1 2 2 2 1 2822 2
4 combined1 31 93 אורן 2 1 2 2 1 2323 1
4 combined1 32 95 עידן 2 1 2 2 1 671 1
4 combined1 33 16 הישג 1 2 2 2 1 1206 1
4 combined1 34 43 כלא 2 2 2 2 1 1610 1
4 combined1 35 22 שמחה 1 2 2 2 1 929 1
4 combined1 36 63 עזיזה 1 1 2 2 1 1120 1
4 combined1 37 39 זיהום 2 2 2 2 1 1055 1
4 combined1 38 40 טרגדיה 2 2 2 2 1 2646 1
4 combined1 39 49 רקוב 2 2 2 2 1 1079 1
4 combined1 40 99 מיטל 2 1 2 2 1 963 1
4 combined1 41 89 יאיר 2 1 2 2 1 758 1
4 combined1 42 50 קיא 2 2 2 2 1 952 2
4 combined1 43 66 פאטימה 1 1 2 2 1 836 1
4 combined1 44 4 אהבה 1 2 2 2 1 681 2
4 combined1 45 68 נאדיה 1 1 2 2 1 2406 1
4 combined1 46 21 משפחה 1 2 2 2 1 1174 1
4 combined1 47 67 האדיל 1 1 2 2 1 1111 1
4 combined1 48 79 רונן 2 1 2 2 1 703 1
4 combined1 49 48 להרוג 2 2 2 2 1 2093 1
4 combined1 50 61 ראפיק 1 1 2 2 1 1020 1
5 combined1b 1 80 יובל 2 1 2 2 1 1210 1
5 combined1b 2 69 עאידה 1 1 2 2 1 686 1
5 combined1b 3 46 סרטן 2 2 2 2 1 799 1
5 combined1b 4 59 נור 1 1 2 2 1 1065 1
5 combined1b 5 17 מתנה 1 2 2 2 1 1028 1
5 combined1b 6 25 חופשה 1 2 2 2 1 1958 1
5 combined1b 7 71 ראניה 1 1 2 2 1 604 1
5 combined1b 8 14 מזל 1 2 2 2 1 1759 1
5 combined1b 9 36 תקיפה 2 2 2 2 1 831 1
5 combined1b 10 29 רצח 2 2 2 2 1 2801 1
5 combined1b 11 78 יאיר 2 1 2 2 1 692 1
5 combined1b 12 42 גירושין 2 2 2 2 1 1742 1
5 combined1b 13 74 סוילמאן 1 1 2 2 1 1012 1
5 combined1b 14 24 עילאי 1 2 2 2 1 1635 1
5 combined1b 15 86 נועה 2 1 2 2 1 1128 1
5 combined1b 16 6 לעודד 1 2 2 2 1 770 1
5 combined1b 17 98 דויד 2 1 2 2 1 918 1
5 combined1b 18 70 תייסיר 1 1 2 2 1 644 1
5 combined1b 19 85 מאיה 2 1 2 2 1 695 1
5 combined1b 20 58 איבתיסאם 1 1 2 2 1 743 1
5 combined1b 21 75 אשראף 1 1 2 2 1 979 1
5 combined1b 22 91 רבקה 2 1 2 2 1 537 1
5 combined1b 23 88 ערן 2 1 2 2 1 483 2
5 combined1b 24 44 עוני 2 2 2 2 1 696 2
5 combined1b 25 54 אחמד 1 1 2 2 1 2072 1
5 combined1b 26 23 צחוק 1 2 2 2 1 1072 2
5 combined1b 27 9 נאמן 1 2 2 2 1 3142 1
5 combined1b 28 84 שני 2 1 2 2 1 609 2
5 combined1b 29 47 רשע 2 2 2 2 1 3498 1
5 combined1b 30 5 שלום 1 2 2 2 1 716 1
5 combined1b 31 52 לכוד 2 2 2 2 1 1864 1
5 combined1b 32 20 זריחה 1 2 2 2 1 1307 1
5 combined1b 33 76 ראינאן 1 1 2 2 1 841 1
5 combined1b 34 38 שנאה 2 2 2 2 1 898 1
5 combined1b 35 15 קשת 1 2 2 2 1 810 1
5 combined1b 36 30 חולי 2 2 2 2 1 1544 1
5 combined1b 37 28 לכלוך 2 2 2 2 1 770 1
5 combined1b 38 53 מוחמד 1 1 2 2 1 726 1
5 combined1b 39 81 דני 2 1 2 2 1 2214 1
5 combined1b 40 1 ללטף 1 2 2 2 1 1568 1
5 combined1b 41 51 צער 2 2 2 2 1 1071 1
5 combined1b 42 94 עדי 2 1 2 2 1 707 2
5 combined1b 43 90 עמוס 2 1 2 2 1 1343 1
5 combined1b 44 3 בריאות 1 2 2 2 1 2093 1
5 combined1b 45 35 סירחון 2 2 2 2 1 814 1
5 combined1b 46 97 אהרון 2 1 2 2 1 875 2
5 combined1b 47 13 כנה 1 2 2 2 1 4271 1
5 combined1b 48 100 יוכבד 2 1 2 2 1 627 1
5 combined1b 49 64 סאמיחה 1 1 2 2 1 3175 1
5 combined1b 50 87 נעמה 2 1 2 2 1 691 1
6 wb 1 37 יאיר 2 1 0 4 2 4109 2
6 wb 2 7 נור 1 1 0 3 2 3012 1
6 wb 3 17 עאידה 1 1 0 3 2 967 1
6 wb 4 36 ערן 2 1 0 4 2 667 1
6 wb 5 1 מוחמד 1 1 0 3 2 626 1
6 wb 6 46 דויד 2 1 0 4 2 559 2
6 wb 7 25 סאמירה 1 1 0 3 2 1103 1
6 wb 8 38 עמוס 2 1 0 4 2 605 1
6 wb 9 48 יוכבד 2 1 0 4 2 480 1
6 wb 10 12 סאמיחה 1 1 0 3 2 539 1
6 wb 11 32 שני 2 1 0 4 2 562 1
6 wb 12 24 ראינאן 1 1 0 3 2 615 1
6 wb 13 35 נעמה 2 1 0 4 2 553 1
6 wb 14 9 ראפיק 1 1 0 3 2 688 1
6 wb 15 13 עביר 1 1 0 3 2 842 1
6 wb 16 29 דני 2 1 0 4 2 570 1
6 wb 17 45 אהרון 2 1 0 4 2 545 1
6 wb 18 34 נועה 2 1 0 4 2 383 1
6 wb 19 39 רבקה 2 1 0 4 2 345 1
6 wb 20 50 יהודה 2 1 0 4 2 317 1
6 wb 21 11 עזיזה 1 1 0 3 2 653 1
6 wb 22 14 פאטימה 1 1 0 3 2 607 1
6 wb 23 28 יובל 2 1 0 4 2 568 1
6 wb 24 16 נאדיה 1 1 0 3 2 573 1
6 wb 25 21 סאלים 1 1 0 3 2 486 1
6 wb 26 43 עידן 2 1 0 4 2 368 2
6 wb 27 47 מיטל 2 1 0 4 2 730 1
6 wb 28 30 אבי 2 1 0 4 2 671 1
6 wb 29 23 אשראף 1 1 0 3 2 564 1
6 wb 30 31 משה 2 1 0 4 2 355 1
6 wb 31 2 אחמד 1 1 0 3 2 699 1
6 wb 32 44 יפעת 2 1 0 4 2 553 1
6 wb 33 49 ישראל 2 1 0 4 2 423 2
6 wb 34 18 תייסיר 1 1 0 3 2 505 2
6 wb 35 26 יאיר 2 1 0 4 2 244 2
6 wb 36 5 מוסא 1 1 0 3 2 820 1
6 wb 37 4 איברהים 1 1 0 3 2 962 1
6 wb 38 8 עליאן 1 1 0 3 2 769 1
6 wb 39 33 מאיה 2 1 0 4 2 782 1
6 wb 40 3 מדחאת 1 1 0 3 2 488 1
6 wb 41 22 סוילמאן 1 1 0 3 2 558 1
6 wb 42 19 ראניה 1 1 0 3 2 643 1
6 wb 43 20 עבד 1 1 0 3 2 549 1
6 wb 44 27 רונן 2 1 0 4 2 573 1
6 wb 45 41 אורן 2 1 0 4 2 524 1
6 wb 46 15 האדיל 1 1 0 3 2 544 1
6 wb 47 40 שמעון 2 1 0 4 2 609 1
6 wb 48 42 עדי 2 1 0 4 2 617 1
6 wb 49 10 סאמיר 1 1 0 3 2 467 1
6 wb 50 6 איבתיסאם 1 1 0 3 2 798 1
7 combined2 1 98 דויד 2 1 1 3 2 2428 1
7 combined2 2 12 עדין 1 2 1 3 2 1025 1
7 combined2 3 81 דני 2 1 1 3 2 614 1
7 combined2 4 34 רעל 2 2 1 3 2 757 1
7 combined2 5 66 פאטימה 1 1 1 3 2 941 1
7 combined2 6 93 אורן 2 1 1 3 2 678 1
7 combined2 7 74 סוילמאן 1 1 1 3 2 654 1
7 combined2 8 58 איבתיסאם 1 1 1 3 2 500 1
7 combined2 9 11 יהלום 1 2 1 3 2 782 1
7 combined2 10 50 קיא 2 2 1 3 2 1239 1
7 combined2 11 52 לכוד 2 2 1 3 2 817 2
7 combined2 12 17 מתנה 1 2 1 3 2 766 1
7 combined2 13 99 מיטל 2 1 1 3 2 639 1
7 combined2 14 22 שמחה 1 2 1 3 2 467 1
7 combined2 15 90 עמוס 2 1 1 3 2 802 1
7 combined2 16 2 חופש 1 2 1 3 2 530 1
7 combined2 17 77 סאמירה 1 1 1 3 2 536 1
7 combined2 18 16 הישג 1 2 1 3 2 705 1
7 combined2 19 76 ראינאן 1 1 1 3 2 756 1
7 combined2 20 32 מוות 2 2 1 3 2 778 1
7 combined2 21 33 אבל 2 2 1 3 2 555 1
7 combined2 22 89 יאיר 2 1 1 3 2 562 1
7 combined2 23 7 חבר 1 2 1 3 2 1130 1
7 combined2 24 56 איברהים 1 1 1 3 2 600 1
7 combined2 25 88 ערן 2 1 1 3 2 454 1
7 combined2 26 6 לעודד 1 2 1 3 2 660 1
7 combined2 27 38 שנאה 2 2 1 3 2 514 2
7 combined2 28 62 סאמיר 1 1 1 3 2 804 1
7 combined2 29 23 צחוק 1 2 1 3 2 593 1
7 combined2 30 27 התרסקות 2 2 1 3 2 1188 1
7 combined2 31 69 עאידה 1 1 1 3 2 872 1
7 combined2 32 29 רצח 2 2 1 3 2 1733 1
7 combined2 33 45 מכוער 2 2 1 3 2 996 1
7 combined2 34 95 עידן 2 1 1 3 2 1436 1
7 combined2 35 42 גירושין 2 2 1 3 2 715 1
7 combined2 36 54 אחמד 1 1 1 3 2 1006 1
7 combined2 37 91 רבקה 2 1 1 3 2 760 1
7 combined2 38 48 להרוג 2 2 1 3 2 628 1
7 combined2 39 94 עדי 2 1 1 3 2 807 1
7 combined2 40 28 לכלוך 2 2 1 3 2 1226 1
7 combined2 41 57 מוסא 1 1 1 3 2 872 1
7 combined2 42 86 נועה 2 1 1 3 2 593 1
7 combined2 43 60 עליאן 1 1 1 3 2 980 1
7 combined2 44 35 סירחון 2 2 1 3 2 641 1
7 combined2 45 84 שני 2 1 1 3 2 1199 1
7 combined2 46 68 נאדיה 1 1 1 3 2 700 1
7 combined2 47 96 יפעת 2 1 1 3 2 876 1
7 combined2 48 31 תאונה 2 2 1 3 2 793 1
7 combined2 49 13 כנה 1 2 1 3 2 849 1
7 combined2 50 70 תייסיר 1 1 1 3 2 535 1
8 combined2b 1 75 אשראף 1 1 1 3 2 1494 1
8 combined2b 2 63 עזיזה 1 1 1 3 2 679 1
8 combined2b 3 67 האדיל 1 1 1 3 2 551 1
8 combined2b 4 19 נס 1 2 1 3 2 597 1
8 combined2b 5 49 רקוב 2 2 1 3 2 525 1
8 combined2b 6 64 סאמיחה 1 1 1 3 2 754 1
8 combined2b 7 21 משפחה 1 2 1 3 2 668 1
8 combined2b 8 83 משה 2 1 1 3 2 802 1
8 combined2b 9 92 שמעון 2 1 1 3 2 405 1
8 combined2b 10 51 צער 2 2 1 3 2 680 1
8 combined2b 11 100 יוכבד 2 1 1 3 2 601 1
8 combined2b 12 87 נעמה 2 1 1 3 2 851 1
8 combined2b 13 71 ראניה 1 1 1 3 2 511 1
8 combined2b 14 47 רשע 2 2 1 3 2 610 1
8 combined2b 15 39 זיהום 2 2 1 3 2 525 1
8 combined2b 16 18 כבוד 1 2 1 3 2 583 1
8 combined2b 17 43 כלא 2 2 1 3 2 784 1
8 combined2b 18 14 מזל 1 2 1 3 2 660 1
8 combined2b 19 37 אסון 2 2 1 3 2 521 1
8 combined2b 20 4 אהבה 1 2 1 3 2 915 1
8 combined2b 21 5 שלום 1 2 1 3 2 732 2
8 combined2b 22 41 פצצה 2 2 1 3 2 2206 1
8 combined2b 23 82 אבי 2 1 1 3 2 820 1
8 combined2b 24 65 עביר 1 1 1 3 2 400 1
8 combined2b 25 36 תקיפה 2 2 1 3 2 555 1
8 combined2b 26 53 מוחמד 1 1 1 3 2 583 1
8 combined2b 27 73 סאלים 1 1 1 3 2 632 1
8 combined2b 28 9 נאמן 1 2 1 3 2 608 1
8 combined2b 29 25 חופשה 1 2 1 3 2 540 1
8 combined2b 30 10 תענוג 1 2 1 3 2 439 1
8 combined2b 31 78 יאיר 2 1 1 3 2 446 1
8 combined2b 32 30 חולי 2 2 1 3 2 633 2
8 combined2b 33 8 כיף 1 2 1 3 2 765 1
8 combined2b 34 72 עבד 1 1 1 3 2 585 1
8 combined2b 35 97 אהרון 2 1 1 3 2 882 1
8 combined2b 36 26 התעללות 2 2 1 3 2 596 1
8 combined2b 37 59 נור 1 1 1 3 2 697 1
8 combined2b 38 3 בריאות 1 2 1 3 2 617 1
8 combined2b 39 20 זריחה 1 2 1 3 2 769 1
8 combined2b 40 61 ראפיק 1 1 1 3 2 669 1
8 combined2b 41 24 עילאי 1 2 1 3 2 1086 1
8 combined2b 42 44 עוני 2 2 1 3 2 852 1
8 combined2b 43 80 יובל 2 1 1 3 2 922 1
8 combined2b 44 85 מאיה 2 1 1 3 2 700 1
8 combined2b 45 15 קשת 1 2 1 3 2 835 1
8 combined2b 46 46 סרטן 2 2 1 3 2 654 1
8 combined2b 47 55 מדחאת 1 1 1 3 2 864 1
8 combined2b 48 79 רונן 2 1 1 3 2 641 1
8 combined2b 49 40 טרגדיה 2 2 1 3 2 742 1
8 combined2b 50 1 ללטף 1 2 1 3 2 697 1
9 wb 1 30 אבי 2 1 0 4 2 1728 1
9 wb 2 14 פאטימה 1 1 0 3 2 806 1
9 wb 3 15 האדיל 1 1 0 3 2 880 1
9 wb 4 31 משה 2 1 0 4 2 967 1
9 wb 5 46 דויד 2 1 0 4 2 693 1
9 wb 6 45 אהרון 2 1 0 4 2 745 1
9 wb 7 28 יובל 2 1 0 4 2 591 1
9 wb 8 37 יאיר 2 1 0 4 2 500 1
9 wb 9 47 מיטל 2 1 0 4 2 463 1
9 wb 10 43 עידן 2 1 0 4 2 319 1
9 wb 11 21 סאלים 1 1 0 3 2 589 1
9 wb 12 48 יוכבד 2 1 0 4 2 530 1
9 wb 13 17 עאידה 1 1 0 3 2 559 1
9 wb 14 8 עליאן 1 1 0 3 2 658 1
9 wb 15 34 נועה 2 1 0 4 2 500 1
9 wb 16 12 סאמיחה 1 1 0 3 2 418 1
9 wb 17 13 עביר 1 1 0 3 2 633 1
9 wb 18 7 נור 1 1 0 3 2 549 1
9 wb 19 2 אחמד 1 1 0 3 2 658 1
9 wb 20 6 איבתיסאם 1 1 0 3 2 501 1
9 wb 21 25 סאמירה 1 1 0 3 2 387 1
9 wb 22 26 יאיר 2 1 0 4 2 375 1
9 wb 23 5 מוסא 1 1 0 3 2 552 1
9 wb 24 35 נעמה 2 1 0 4 2 254 1
9 wb 25 27 רונן 2 1 0 4 2 574 2
9 wb 26 16 נאדיה 1 1 0 3 2 549 2
9 wb 27 9 ראפיק 1 1 0 3 2 648 1
9 wb 28 44 יפעת 2 1 0 4 2 430 1
9 wb 29 40 שמעון 2 1 0 4 2 365 2
9 wb 30 32 שני 2 1 0 4 2 739 1
9 wb 31 41 אורן 2 1 0 4 2 367 1
9 wb 32 29 דני 2 1 0 4 2 365 1
9 wb 33 20 עבד 1 1 0 3 2 604 1
9 wb 34 33 מאיה 2 1 0 4 2 707 1
9 wb 35 11 עזיזה 1 1 0 3 2 565 1
9 wb 36 42 עדי 2 1 0 4 2 371 1
9 wb 37 23 אשראף 1 1 0 3 2 459 1
9 wb 38 4 איברהים 1 1 0 3 2 582 1
9 wb 39 3 מדחאת 1 1 0 3 2 489 1
9 wb 40 22 סוילמאן 1 1 0 3 2 629 1
9 wb 41 49 ישראל 2 1 0 4 2 564 1
9 wb 42 50 יהודה 2 1 0 4 2 1075 1
9 wb 43 24 ראינאן 1 1 0 3 2 359 2
9 wb 44 36 ערן 2 1 0 4 2 701 1
9 wb 45 10 סאמיר 1 1 0 3 2 634 1
9 wb 46 39 רבקה 2 1 0 4 2 679 1
9 wb 47 18 תייסיר 1 1 0 3 2 968 1
9 wb 48 38 עמוס 2 1 0 4 2 346 1
9 wb 49 1 מוחמד 1 1 0 3 2 486 1
9 wb 50 19 ראניה 1 1 0 3 2 391 2
10 combined2 1 41 פצצה 2 2 1 3 2 2306 1
10 combined2 2 34 רעל 2 2 1 3 2 665 1
10 combined2 3 36 תקיפה 2 2 1 3 2 490 1
10 combined2 4 69 עאידה 1 1 1 3 2 381 1
10 combined2 5 88 ערן 2 1 1 3 2 621 1
10 combined2 6 60 עליאן 1 1 1 3 2 435 2
10 combined2 7 78 יאיר 2 1 1 3 2 568 1
10 combined2 8 1 ללטף 1 2 1 3 2 633 1
10 combined2 9 54 אחמד 1 1 1 3 2 571 1
10 combined2 10 26 התעללות 2 2 1 3 2 733 1
10 combined2 11 42 גירושין 2 2 1 3 2 649 1
10 combined2 12 37 אסון 2 2 1 3 2 574 1
10 combined2 13 74 סוילמאן 1 1 1 3 2 525 1
10 combined2 14 30 חולי 2 2 1 3 2 506 1
10 combined2 15 5 שלום 1 2 1 3 2 519 1
10 combined2 16 76 ראינאן 1 1 1 3 2 566 1
10 combined2 17 35 סירחון 2 2 1 3 2 707 1
10 combined2 18 46 סרטן 2 2 1 3 2 470 1
10 combined2 19 94 עדי 2 1 1 3 2 623 1
10 combined2 20 50 קיא 2 2 1 3 2 1163 1
10 combined2 21 27 התרסקות 2 2 1 3 2 1428 1
10 combined2 22 73 סאלים 1 1 1 3 2 635 1
10 combined2 23 61 ראפיק 1 1 1 3 2 647 1
10 combined2 24 22 שמחה 1 2 1 3 2 514 1
10 combined2 25 14 מזל 1 2 1 3 2 434 1
10 combined2 26 58 איבתיסאם 1 1 1 3 2 511 1
10 combined2 27 45 מכוער 2 2 1 3 2 717 1
10 combined2 28 55 מדחאת 1 1 1 3 2 529 1
10 combined2 29 48 להרוג 2 2 1 3 2 582 1
10 combined2 30 86 נועה 2 1 1 3 2 497 2
10 combined2 31 29 רצח 2 2 1 3 2 632 1
10 combined2 32 95 עידן 2 1 1 3 2 548 1
10 combined2 33 57 מוסא 1 1 1 3 2 606 1
10 combined2 34 70 תייסיר 1 1 1 3 2 670 1
10 combined2 35 92 שמעון 2 1 1 3 2 693 1
10 combined2 36 91 רבקה 2 1 1 3 2 899 1
10 combined2 37 3 בריאות 1 2 1 3 2 975 1
10 combined2 38 81 דני 2 1 1 3 2 559 1
10 combined2 39 44 עוני 2 2 1 3 2 473 2
10 combined2 40 15 קשת 1 2 1 3 2 703 1
10 combined2 41 8 כיף 1 2 1 3 2 664 1
10 combined2 42 79 רונן 2 1 1 3 2 645 1
10 combined2 43 100 יוכבד 2 1 1 3 2 658 1
10 combined2 44 9 נאמן 1 2 1 3 2 1332 1
10 combined2 45 6 לעודד 1 2 1 3 2 722 1
10 combined2 46 65 עביר 1 1 1 3 2 928 1
10 combined2 47 16 הישג 1 2 1 3 2 662 1
10 combined2 48 39 זיהום 2 2 1 3 2 793 1
10 combined2 49 18 כבוד 1 2 1 3 2 544 1
10 combined2 50 84 שני 2 1 1 3 2 790 1
11 combined2b 1 25 חופשה 1 2 1 3 2 2631 1
11 combined2b 2 19 נס 1 2 1 3 2 533 1
11 combined2b 3 53 מוחמד 1 1 1 3 2 567 1
11 combined2b 4 51 צער 2 2 1 3 2 728 1
11 combined2b 5 7 חבר 1 2 1 3 2 638 1
11 combined2b 6 13 כנה 1 2 1 3 2 543 1
11 combined2b 7 97 אהרון 2 1 1 3 2 573 1
11 combined2b 8 40 טרגדיה 2 2 1 3 2 823 1
11 combined2b 9 87 נעמה 2 1 1 3 2 707 1
11 combined2b 10 85 מאיה 2 1 1 3 2 426 1
11 combined2b 11 2 חופש 1 2 1 3 2 702 1
11 combined2b 12 77 סאמירה 1 1 1 3 2 501 1
11 combined2b 13 64 סאמיחה 1 1 1 3 2 479 1
11 combined2b 14 56 איברהים 1 1 1 3 2 402 1
11 combined2b 15 80 יובל 2 1 1 3 2 618 1
11 combined2b 16 33 אבל 2 2 1 3 2 478 2
11 combined2b 17 32 מוות 2 2 1 3 2 480 1
11 combined2b 18 83 משה 2 1 1 3 2 985 1
11 combined2b 19 90 עמוס 2 1 1 3 2 394 1
11 combined2b 20 68 נאדיה 1 1 1 3 2 522 2
11 combined2b 21 31 תאונה 2 2 1 3 2 533 2
11 combined2b 22 10 תענוג 1 2 1 3 2 1631 1
11 combined2b 23 43 כלא 2 2 1 3 2 1248 1
11 combined2b 24 4 אהבה 1 2 1 3 2 615 1
11 combined2b 25 62 סאמיר 1 1 1 3 2 524 1
11 combined2b 26 12 עדין 1 2 1 3 2 555 1
11 combined2b 27 49 רקוב 2 2 1 3 2 628 1
11 combined2b 28 71 ראניה 1 1 1 3 2 1386 1
11 combined2b 29 47 רשע 2 2 1 3 2 437 1
11 combined2b 30 28 לכלוך 2 2 1 3 2 480 1
11 combined2b 31 38 שנאה 2 2 1 3 2 449 1
11 combined2b 32 67 האדיל 1 1 1 3 2 729 1
11 combined2b 33 21 משפחה 1 2 1 3 2 626 1
11 combined2b 34 75 אשראף 1 1 1 3 2 1535 1
11 combined2b 35 82 אבי 2 1 1 3 2 1182 1
11 combined2b 36 24 עילאי 1 2 1 3 2 884 1
11 combined2b 37 17 מתנה 1 2 1 3 2 508 1
11 combined2b 38 20 זריחה 1 2 1 3 2 554 1
11 combined2b 39 59 נור 1 1 1 3 2 640 1
11 combined2b 40 72 עבד 1 1 1 3 2 567 2
11 combined2b 41 93 אורן 2 1 1 3 2 1197 1
11 combined2b 42 52 לכוד 2 2 1 3 2 1403 2
11 combined2b 43 96 יפעת 2 1 1 3 2 651 1
11 combined2b 44 98 דויד 2 1 1 3 2 647 1
11 combined2b 45 89 יאיר 2 1 1 3 2 493 1
11 combined2b 46 23 צחוק 1 2 1 3 2 696 1
11 combined2b 47 11 יהלום 1 2 1 3 2 392 1
11 combined2b 48 63 עזיזה 1 1 1 3 2 361 2
11 combined2b 49 66 פאטימה 1 1 1 3 2 652 1
11 combined2b 50 99 מיטל 2 1 1 3 2 757 1
12 bw 1 35 נעמה 2 1 0 4 1 3165 1
12 bw 2 42 עדי 2 1 0 4 1 527 1
12 bw 3 20 עבד 1 1 0 3 1 373 2
12 bw 4 9 ראפיק 1 1 0 3 1 496 1
12 bw 5 49 ישראל 2 1 0 4 1 335 2
12 bw 6 25 סאמירה 1 1 0 3 1 757 1
12 bw 7 48 יוכבד 2 1 0 4 1 871 1
12 bw 8 36 ערן 2 1 0 4 1 758 1
12 bw 9 50 יהודה 2 1 0 4 1 483 1
12 bw 10 13 עביר 1 1 0 3 1 408 2
12 bw 11 4 איברהים 1 1 0 3 1 404 2
12 bw 12 3 מדחאת 1 1 0 3 1 680 1
12 bw 13 14 פאטימה 1 1 0 3 1 505 1
12 bw 14 33 מאיה 2 1 0 4 1 759 1
12 bw 15 43 עידן 2 1 0 4 1 564 1
12 bw 16 31 משה 2 1 0 4 1 584 1
12 bw 17 27 רונן 2 1 0 4 1 597 1
12 bw 18 34 נועה 2 1 0 4 1 593 1
12 bw 19 18 תייסיר 1 1 0 3 1 550 1
12 bw 20 8 עליאן 1 1 0 3 1 443 1
12 bw 21 19 ראניה 1 1 0 3 1 615 1
12 bw 22 45 אהרון 2 1 0 4 1 686 1
12 bw 23 2 אחמד 1 1 0 3 1 1094 1
12 bw 24 5 מוסא 1 1 0 3 1 563 1
12 bw 25 10 סאמיר 1 1 0 3 1 410 1
12 bw 26 11 עזיזה 1 1 0 3 1 808 1
12 bw 27 29 דני 2 1 0 4 1 563 1
12 bw 28 46 דויד 2 1 0 4 1 592 1
12 bw 29 40 שמעון 2 1 0 4 1 1305 1
12 bw 30 47 מיטל 2 1 0 4 1 1185 1
12 bw 31 41 אורן 2 1 0 4 1 554 1
12 bw 32 37 יאיר 2 1 0 4 1 783 1
12 bw 33 16 נאדיה 1 1 0 3 1 854 1
12 bw 34 32 שני 2 1 0 4 1 632 1
12 bw 35 28 יובל 2 1 0 4 1 1363 1
12 bw 36 23 אשראף 1 1 0 3 1 568 1
12 bw 37 39 רבקה 2 1 0 4 1 656 1
12 bw 38 6 איבתיסאם 1 1 0 3 1 1547 1
12 bw 39 24 ראינאן 1 1 0 3 1 459 1
12 bw 40 26 יאיר 2 1 0 4 1 613 1
12 bw 41 30 אבי 2 1 0 4 1 796 1
12 bw 42 17 עאידה 1 1 0 3 1 410 2
12 bw 43 21 סאלים 1 1 0 3 1 503 1
12 bw 44 38 עמוס 2 1 0 4 1 537 1
12 bw 45 44 יפעת 2 1 0 4 1 756 1
12 bw 46 7 נור 1 1 0 3 1 653 1
12 bw 47 12 סאמיחה 1 1 0 3 1 601 1
12 bw 48 1 מוחמד 1 1 0 3 1 464 1
12 bw 49 22 סוילמאן 1 1 0 3 1 407 1
12 bw 50 15 האדיל 1 1 0 3 1 591 1
13 combined1 1 66 פאטימה 1 1 2 3 1 10000 3
13 combined1 2 53 מוחמד 1 1 2 3 1 1324 1
13 combined1 3 68 נאדיה 1 1 2 3 1 714 1
13 combined1 4 73 סאלים 1 1 2 3 1 409 1
13 combined1 5 17 מתנה 1 2 2 3 1 423 1
13 combined1 6 38 שנאה 2 2 2 3 1 768 1
13 combined1 7 85 מאיה 2 1 2 3 1 1030 1
13 combined1 8 87 נעמה 2 1 2 3 1 492 1
13 combined1 9 11 יהלום 1 2 2 3 1 581 2
13 combined1 10 64 סאמיחה 1 1 2 3 1 675 1
13 combined1 11 92 שמעון 2 1 2 3 1 844 1
13 combined1 12 14 מזל 1 2 2 3 1 1058 1
13 combined1 13 13 כנה 1 2 2 3 1 630 1
13 combined1 14 74 סוילמאן 1 1 2 3 1 656 1
13 combined1 15 21 משפחה 1 2 2 3 1 1285 2
13 combined1 16 41 פצצה 2 2 2 3 1 1832 2
13 combined1 17 49 רקוב 2 2 2 3 1 1459 1
13 combined1 18 8 כיף 1 2 2 3 1 2023 1
13 combined1 19 46 סרטן 2 2 2 3 1 808 1
13 combined1 20 60 עליאן 1 1 2 3 1 816 1
13 combined1 21 70 תייסיר 1 1 2 3 1 662 1
13 combined1 22 58 איבתיסאם 1 1 2 3 1 709 1
13 combined1 23 2 חופש 1 2 2 3 1 755 2
13 combined1 24 86 נועה 2 1 2 3 1 1367 1
13 combined1 25 91 רבקה 2 1 2 3 1 473 1
13 combined1 26 83 משה 2 1 2 3 1 398 1
13 combined1 27 34 רעל 2 2 2 3 1 343 1
13 combined1 28 98 דויד 2 1 2 3 1 1176 1
13 combined1 29 26 התעללות 2 2 2 3 1 534 1
13 combined1 30 19 נס 1 2 2 3 1 438 2
13 combined1 31 18 כבוד 1 2 2 3 1 519 2
13 combined1 32 29 רצח 2 2 2 3 1 791 1
13 combined1 33 52 לכוד 2 2 2 3 1 632 1
13 combined1 34 69 עאידה 1 1 2 3 1 620 1
13 combined1 35 5 שלום 1 2 2 3 1 604 1
13 combined1 36 75 אשראף 1 1 2 3 1 678 1
13 combined1 37 3 בריאות 1 2 2 3 1 568 1
13 combined1 38 30 חולי 2 2 2 3 1 973 1
13 combined1 39 80 יובל 2 1 2 3 1 580 1
13 combined1 40 22 שמחה 1 2 2 3 1 450 2
13 combined1 41 20 זריחה 1 2 2 3 1 1089 1
13 combined1 42 9 נאמן 1 2 2 3 1 506 1
13 combined1 43 40 טרגדיה 2 2 2 3 1 694 1
13 combined1 44 16 הישג 1 2 2 3 1 750 1
13 combined1 45 42 גירושין 2 2 2 3 1 1142 1
13 combined1 46 99 מיטל 2 1 2 3 1 775 2
13 combined1 47 35 סירחון 2 2 2 3 1 3243 1
13 combined1 48 82 אבי 2 1 2 3 1 952 1
13 combined1 49 7 חבר 1 2 2 3 1 405 2
13 combined1 50 39 זיהום 2 2 2 3 1 1336 1
14 combined1b 1 77 סאמירה 1 1 2 3 1 1726 1
14 combined1b 2 55 מדחאת 1 1 2 3 1 1018 1
14 combined1b 3 1 ללטף 1 2 2 3 1 1359 1
14 combined1b 4 61 ראפיק 1 1 2 3 1 443 1
14 combined1b 5 57 מוסא 1 1 2 3 1 398 1
14 combined1b 6 62 סאמיר 1 1 2 3 1 384 1
14 combined1b 7 84 שני 2 1 2 3 1 451 2
14 combined1b 8 37 אסון 2 2 2 3 1 900 1
14 combined1b 9 24 עילאי 1 2 2 3 1 511 2
14 combined1b 10 97 אהרון 2 1 2 3 1 1362 1
14 combined1b 11 31 תאונה 2 2 2 3 1 906 1
14 combined1b 12 28 לכלוך 2 2 2 3 1 533 1
14 combined1b 13 45 מכוער 2 2 2 3 1 524 1
14 combined1b 14 6 לעודד 1 2 2 3 1 666 1
14 combined1b 15 33 אבל 2 2 2 3 1 512 2
14 combined1b 16 48 להרוג 2 2 2 3 1 1378 1
14 combined1b 17 44 עוני 2 2 2 3 1 946 1
14 combined1b 18 88 ערן 2 1 2 3 1 810 1
14 combined1b 19 90 עמוס 2 1 2 3 1 6709 1
14 combined1b 20 51 צער 2 2 2 3 1 1927 1
14 combined1b 21 10 תענוג 1 2 2 3 1 1800 1
14 combined1b 22 47 רשע 2 2 2 3 1 1257 1
14 combined1b 23 50 קיא 2 2 2 3 1 3026 1
14 combined1b 24 81 דני 2 1 2 3 1 1087 1
14 combined1b 25 100 יוכבד 2 1 2 3 1 722 1
14 combined1b 26 96 יפעת 2 1 2 3 1 749 1
14 combined1b 27 93 אורן 2 1 2 3 1 882 1
14 combined1b 28 36 תקיפה 2 2 2 3 1 1625 1
14 combined1b 29 4 אהבה 1 2 2 3 1 2743 1
14 combined1b 30 32 מוות 2 2 2 3 1 1794 1
14 combined1b 31 89 יאיר 2 1 2 3 1 711 1
14 combined1b 32 63 עזיזה 1 1 2 3 1 1057 1
14 combined1b 33 43 כלא 2 2 2 3 1 1321 1
14 combined1b 34 72 עבד 1 1 2 3 1 748 2
14 combined1b 35 71 ראניה 1 1 2 3 1 850 1
14 combined1b 36 94 עדי 2 1 2 3 1 667 1
14 combined1b 37 15 קשת 1 2 2 3 1 929 2
14 combined1b 38 25 חופשה 1 2 2 3 1 4021 1
14 combined1b 39 27 התרסקות 2 2 2 3 1 707 1
14 combined1b 40 78 יאיר 2 1 2 3 1 777 1
14 combined1b 41 95 עידן 2 1 2 3 1 591 1
14 combined1b 42 76 ראינאן 1 1 2 3 1 2233 1
14 combined1b 43 23 צחוק 1 2 2 3 1 1435 1
14 combined1b 44 79 רונן 2 1 2 3 1 590 1
14 combined1b 45 56 איברהים 1 1 2 3 1 648 1
14 combined1b 46 59 נור 1 1 2 3 1 868 2
14 combined1b 47 65 עביר 1 1 2 3 1 508 1
14 combined1b 48 67 האדיל 1 1 2 3 1 382 1
14 combined1b 49 12 עדין 1 2 2 3 1 676 2
14 combined1b 50 54 אחמד 1 1 2 3 1 866 1
361 505 0
