2 bw 1 42 עדי 2 1 0 4 1 1512 1
2 bw 2 6 איבתיסאם 1 1 0 3 1 1041 1
2 bw 3 10 סאמיר 1 1 0 3 1 1046 1
2 bw 4 11 עזיזה 1 1 0 3 1 1013 1
2 bw 5 48 יוכבד 2 1 0 4 1 630 2
2 bw 6 16 נאדיה 1 1 0 3 1 1499 1
2 bw 7 43 עידן 2 1 0 4 1 805 1
2 bw 8 1 מוחמד 1 1 0 3 1 589 1
2 bw 9 31 משה 2 1 0 4 1 780 1
2 bw 10 5 מוסא 1 1 0 3 1 797 1
2 bw 11 21 סאלים 1 1 0 3 1 647 1
2 bw 12 20 עבד 1 1 0 3 1 965 1
2 bw 13 8 עליאן 1 1 0 3 1 557 1
2 bw 14 49 ישראל 2 1 0 4 1 615 1
2 bw 15 7 נור 1 1 0 3 1 1055 1
2 bw 16 28 יובל 2 1 0 4 1 749 1
2 bw 17 46 דויד 2 1 0 4 1 658 1
2 bw 18 35 נעמה 2 1 0 4 1 562 1
2 bw 19 19 ראניה 1 1 0 3 1 734 1
2 bw 20 47 מיטל 2 1 0 4 1 643 1
2 bw 21 22 סוילמאן 1 1 0 3 1 568 1
2 bw 22 41 אורן 2 1 0 4 1 808 1
2 bw 23 13 עביר 1 1 0 3 1 861 1
2 bw 24 17 עאידה 1 1 0 3 1 523 1
2 bw 25 24 ראינאן 1 1 0 3 1 481 1
2 bw 26 39 רבקה 2 1 0 4 1 787 1
2 bw 27 32 שני 2 1 0 4 1 667 1
2 bw 28 14 פאטימה 1 1 0 3 1 630 1
2 bw 29 15 האדיל 1 1 0 3 1 928 1
2 bw 30 36 ערן 2 1 0 4 1 553 1
2 bw 31 30 אבי 2 1 0 4 1 809 1
2 bw 32 45 אהרון 2 1 0 4 1 566 1
2 bw 33 33 מאיה 2 1 0 4 1 641 1
2 bw 34 23 אשראף 1 1 0 3 1 657 1
2 bw 35 50 יהודה 2 1 0 4 1 594 1
2 bw 36 34 נועה 2 1 0 4 1 813 1
2 bw 37 25 סאמירה 1 1 0 3 1 559 1
2 bw 38 40 שמעון 2 1 0 4 1 833 1
2 bw 39 2 אחמד 1 1 0 3 1 657 1
2 bw 40 26 יאיר 2 1 0 4 1 635 1
2 bw 41 44 יפעת 2 1 0 4 1 598 1
2 bw 42 12 סאמיחה 1 1 0 3 1 644 1
2 bw 43 29 דני 2 1 0 4 1 571 1
2 bw 44 4 איברהים 1 1 0 3 1 701 1
2 bw 45 18 תייסיר 1 1 0 3 1 702 1
2 bw 46 27 רונן 2 1 0 4 1 588 1
2 bw 47 38 עמוס 2 1 0 4 1 792 1
2 bw 48 9 ראפיק 1 1 0 3 1 623 1
2 bw 49 3 מדחאת 1 1 0 3 1 673 1
2 bw 50 37 יאיר 2 1 0 4 1 655 1
3 pu 1 42 גירושין 2 2 0 2 1 2617 1
3 pu 2 37 אסון 2 2 0 2 1 2501 1
3 pu 3 49 רקוב 2 2 0 2 1 971 1
3 pu 4 47 רשע 2 2 0 2 1 897 1
3 pu 5 12 עדין 1 2 0 1 1 728 1
3 pu 6 41 פצצה 2 2 0 2 1 1392 1
3 pu 7 9 נאמן 1 2 0 1 1 1322 2
3 pu 8 6 לעודד 1 2 0 1 1 2932 1
3 pu 9 17 מתנה 1 2 0 1 1 1728 2
3 pu 10 10 תענוג 1 2 0 1 1 2696 1
3 pu 11 5 שלום 1 2 0 1 1 3133 1
3 pu 12 1 ללטף 1 2 0 1 1 902 1
3 pu 13 22 שמחה 1 2 0 1 1 755 1
3 pu 14 33 אבל 2 2 0 2 1 507 2
3 pu 15 21 משפחה 1 2 0 1 1 598 1
3 pu 16 3 בריאות 1 2 0 1 1 601 1
3 pu 17 30 חולי 2 2 0 2 1 940 1
3 pu 18 50 קיא 2 2 0 2 1 564 1
3 pu 19 32 מוות 2 2 0 2 1 554 1
3 pu 20 24 עילאי 1 2 0 1 1 800 2
3 pu 21 18 כבוד 1 2 0 1 1 1749 1
3 pu 22 11 יהלום 1 2 0 1 1 534 1
3 pu 23 15 קשת 1 2 0 1 1 458 1
3 pu 24 36 תקיפה 2 2 0 2 1 429 2
3 pu 25 16 הישג 1 2 0 1 1 602 1
3 pu 26 7 חבר 1 2 0 1 1 544 1
3 pu 27 46 סרטן 2 2 0 2 1 608 1
3 pu 28 23 צחוק 1 2 0 1 1 579 1
3 pu 29 35 סירחון 2 2 0 2 1 543 1
3 pu 30 34 רעל 2 2 0 2 1 708 1
3 pu 31 29 רצח 2 2 0 2 1 562 1
3 pu 32 45 מכוער 2 2 0 2 1 521 1
3 pu 33 25 חופשה 1 2 0 1 1 896 1
3 pu 34 19 נס 1 2 0 1 1 672 1
3 pu 35 27 התרסקות 2 2 0 2 1 728 1
3 pu 36 20 זריחה 1 2 0 1 1 625 1
3 pu 37 39 זיהום 2 2 0 2 1 635 1
3 pu 38 31 תאונה 2 2 0 2 1 800 1
3 pu 39 28 לכלוך 2 2 0 2 1 516 1
3 pu 40 48 להרוג 2 2 0 2 1 974 1
3 pu 41 38 שנאה 2 2 0 2 1 759 1
3 pu 42 44 עוני 2 2 0 2 1 623 1
3 pu 43 13 כנה 1 2 0 1 1 677 2
3 pu 44 51 צער 2 2 0 2 1 1178 1
3 pu 45 14 מזל 1 2 0 1 1 1639 1
3 pu 46 4 אהבה 1 2 0 1 1 812 1
3 pu 47 43 כלא 2 2 0 2 1 694 1
3 pu 48 52 לכוד 2 2 0 2 1 1227 1
3 pu 49 26 התעללות 2 2 0 2 1 728 1
3 pu 50 8 כיף 1 2 0 1 1 596 1
4 combined1 1 42 גירושין 2 2 2 1 1 1966 1
4 combined1 2 92 שמעון 2 1 2 1 1 1774 1
4 combined1 3 21 משפחה 1 2 2 1 1 1561 1
4 combined1 4 68 נאדיה 1 1 2 1 1 1491 1
4 combined1 5 75 אשראף 1 1 2 1 1 648 1
4 combined1 6 64 סאמיחה 1 1 2 1 1 603 1
4 combined1 7 38 שנאה 2 2 2 1 1 1167 1
4 combined1 8 86 נועה 2 1 2 1 1 1102 1
4 combined1 9 3 בריאות 1 2 2 1 1 1403 1
4 combined1 10 40 טרגדיה 2 2 2 1 1 1644 1
4 combined1 11 39 זיהום 2 2 2 1 1 2470 1
4 combined1 12 89 יאיר 2 1 2 1 1 1023 1
4 combined1 13 79 רונן 2 1 2 1 1 1106 1
4 combined1 14 47 רשע 2 2 2 1 1 790 1
4 combined1 15 28 לכלוך 2 2 2 1 1 1968 1
4 combined1 16 82 אבי 2 1 2 1 1 1809 2
4 combined1 17 46 סרטן 2 2 2 1 1 1262 1
4 combined1 18 97 אהרון 2 1 2 1 1 1829 1
4 combined1 19 95 עידן 2 1 2 1 1 584 1
4 combined1 20 17 מתנה 1 2 2 1 1 1181 1
4 combined1 21 77 סאמירה 1 1 2 1 1 744 1
4 combined1 22 53 מוחמד 1 1 2 1 1 736 1
4 combined1 23 58 איבתיסאם 1 1 2 1 1 505 1
4 combined1 24 34 רעל 2 2 2 1 1 700 1
4 combined1 25 100 יוכבד 2 1 2 1 1 1193 2
4 combined1 26 76 ראינאן 1 1 2 1 1 743 1
4 combined1 27 29 רצח 2 2 2 1 1 558 2
4 combined1 28 23 צחוק 1 2 2 1 1 2003 1
4 combined1 29 41 פצצה 2 2 2 1 1 614 1
4 combined1 30 32 מוות 2 2 2 1 1 544 1
4 combined1 31 22 שמחה 1 2 2 1 1 613 1
4 combined1 32 24 עילאי 1 2 2 1 1 1078 2
4 combined1 33 55 מדחאת 1 1 2 1 1 2221 1
4 combined1 34 18 כבוד 1 2 2 1 1 843 2
4 combined1 35 63 עזיזה 1 1 2 1 1 1263 1
4 combined1 36 62 סאמיר 1 1 2 1 1 879 1
4 combined1 37 87 נעמה 2 1 2 1 1 654 1
4 combined1 38 85 מאיה 2 1 2 1 1 593 1
4 combined1 39 78 יאיר 2 1 2 1 1 887 1
4 combined1 40 14 מזל 1 2 2 1 1 884 2
4 combined1 41 5 שלום 1 2 2 1 1 2005 1
4 combined1 42 99 מיטל 2 1 2 1 1 1467 1
4 combined1 43 94 עדי 2 1 2 1 1 743 1
4 combined1 44 25 חופשה 1 2 2 1 1 792 1
4 combined1 45 52 לכוד 2 2 2 1 1 1311 1
4 combined1 46 57 מוסא 1 1 2 1 1 722 1
4 combined1 47 54 אחמד 1 1 2 1 1 590 1
4 combined1 48 45 מכוער 2 2 2 1 1 941 1
4 combined1 49 15 קשת 1 2 2 1 1 1874 2
4 combined1 50 44 עוני 2 2 2 1 1 1484 1
5 combined1b 1 26 התעללות 2 2 2 1 1 1497 1
5 combined1b 2 90 עמוס 2 1 2 1 1 1658 1
5 combined1b 3 8 כיף 1 2 2 1 1 5166 1
5 combined1b 4 71 ראניה 1 1 2 1 1 2040 1
5 combined1b 5 30 חולי 2 2 2 1 1 2019 2
5 combined1b 6 35 סירחון 2 2 2 1 1 874 1
5 combined1b 7 96 יפעת 2 1 2 1 1 1288 1
5 combined1b 8 72 עבד 1 1 2 1 1 1797 1
5 combined1b 9 80 יובל 2 1 2 1 1 617 1
5 combined1b 10 20 זריחה 1 2 2 1 1 1454 1
5 combined1b 11 33 אבל 2 2 2 1 1 1429 1
5 combined1b 12 81 דני 2 1 2 1 1 2014 1
5 combined1b 13 67 האדיל 1 1 2 1 1 1308 1
5 combined1b 14 61 ראפיק 1 1 2 1 1 625 1
5 combined1b 15 27 התרסקות 2 2 2 1 1 706 1
5 combined1b 16 59 נור 1 1 2 1 1 1096 2
5 combined1b 17 7 חבר 1 2 2 1 1 1682 1
5 combined1b 18 12 עדין 1 2 2 1 1 896 1
5 combined1b 19 98 דויד 2 1 2 1 1 586 2
5 combined1b 20 74 סוילמאן 1 1 2 1 1 766 2
5 combined1b 21 48 להרוג 2 2 2 1 1 1097 1
5 combined1b 22 10 תענוג 1 2 2 1 1 746 2
5 combined1b 23 51 צער 2 2 2 1 1 1770 1
5 combined1b 24 4 אהבה 1 2 2 1 1 941 1
5 combined1b 25 16 הישג 1 2 2 1 1 855 1
5 combined1b 26 43 כלא 2 2 2 1 1 673 1
5 combined1b 27 84 שני 2 1 2 1 1 1741 1
5 combined1b 28 93 אורן 2 1 2 1 1 635 1
5 combined1b 29 6 לעודד 1 2 2 1 1 979 2
5 combined1b 30 2 חופש 1 2 2 1 1 704 1
5 combined1b 31 69 עאידה 1 1 2 1 1 736 2
5 combined1b 32 31 תאונה 2 2 2 1 1 1381 1
5 combined1b 33 66 פאטימה 1 1 2 1 1 672 2
5 combined1b 34 37 אסון 2 2 2 1 1 996 1
5 combined1b 35 11 יהלום 1 2 2 1 1 1100 2
5 combined1b 36 36 תקיפה 2 2 2 1 1 2042 1
5 combined1b 37 13 כנה 1 2 2 1 1 1951 2
5 combined1b 38 83 משה 2 1 2 1 1 1008 1
5 combined1b 39 49 רקוב 2 2 2 1 1 773 1
5 combined1b 40 1 ללטף 1 2 2 1 1 919 1
5 combined1b 41 65 עביר 1 1 2 1 1 725 1
5 combined1b 42 9 נאמן 1 2 2 1 1 459 1
5 combined1b 43 60 עליאן 1 1 2 1 1 887 1
5 combined1b 44 73 סאלים 1 1 2 1 1 516 1
5 combined1b 45 19 נס 1 2 2 1 1 748 1
5 combined1b 46 70 תייסיר 1 1 2 1 1 770 2
5 combined1b 47 56 איברהים 1 1 2 1 1 616 1
5 combined1b 48 91 רבקה 2 1 2 1 1 643 1
5 combined1b 49 88 ערן 2 1 2 1 1 548 1
5 combined1b 50 50 קיא 2 2 2 1 1 1057 1
6 wb 1 20 עבד 1 1 0 3 2 1839 1
6 wb 2 1 מוחמד 1 1 0 3 2 1051 1
6 wb 3 44 יפעת 2 1 0 4 2 820 1
6 wb 4 3 מדחאת 1 1 0 3 2 906 1
6 wb 5 10 סאמיר 1 1 0 3 2 731 1
6 wb 6 15 האדיל 1 1 0 3 2 795 1
6 wb 7 14 פאטימה 1 1 0 3 2 575 1
6 wb 8 48 יוכבד 2 1 0 4 2 667 2
6 wb 9 8 עליאן 1 1 0 3 2 745 1
6 wb 10 49 ישראל 2 1 0 4 2 471 1
6 wb 11 18 תייסיר 1 1 0 3 2 623 1
6 wb 12 19 ראניה 1 1 0 3 2 626 1
6 wb 13 31 משה 2 1 0 4 2 726 2
6 wb 14 6 איבתיסאם 1 1 0 3 2 731 1
6 wb 15 25 סאמירה 1 1 0 3 2 651 1
6 wb 16 4 איברהים 1 1 0 3 2 596 1
6 wb 17 50 יהודה 2 1 0 4 2 487 1
6 wb 18 30 אבי 2 1 0 4 2 660 1
6 wb 19 40 שמעון 2 1 0 4 2 495 1
6 wb 20 34 נועה 2 1 0 4 2 498 1
6 wb 21 33 מאיה 2 1 0 4 2 385 1
6 wb 22 27 רונן 2 1 0 4 2 552 1
6 wb 23 47 מיטל 2 1 0 4 2 545 1
6 wb 24 38 עמוס 2 1 0 4 2 500 2
6 wb 25 22 סוילמאן 1 1 0 3 2 582 1
6 wb 26 46 דויד 2 1 0 4 2 554 1
6 wb 27 42 עדי 2 1 0 4 2 648 1
6 wb 28 7 נור 1 1 0 3 2 917 1
6 wb 29 36 ערן 2 1 0 4 2 334 1
6 wb 30 5 מוסא 1 1 0 3 2 486 1
6 wb 31 21 סאלים 1 1 0 3 2 871 1
6 wb 32 39 רבקה 2 1 0 4 2 564 1
6 wb 33 17 עאידה 1 1 0 3 2 1011 1
6 wb 34 11 עזיזה 1 1 0 3 2 546 2
6 wb 35 29 דני 2 1 0 4 2 630 1
6 wb 36 13 עביר 1 1 0 3 2 534 2
6 wb 37 35 נעמה 2 1 0 4 2 587 1
6 wb 38 9 ראפיק 1 1 0 3 2 751 1
6 wb 39 24 ראינאן 1 1 0 3 2 490 1
6 wb 40 2 אחמד 1 1 0 3 2 564 1
6 wb 41 28 יובל 2 1 0 4 2 671 1
6 wb 42 37 יאיר 2 1 0 4 2 795 1
6 wb 43 26 יאיר 2 1 0 4 2 696 1
6 wb 44 12 סאמיחה 1 1 0 3 2 459 1
6 wb 45 41 אורן 2 1 0 4 2 604 1
6 wb 46 45 אהרון 2 1 0 4 2 470 1
6 wb 47 23 אשראף 1 1 0 3 2 674 1
6 wb 48 32 שני 2 1 0 4 2 649 1
6 wb 49 16 נאדיה 1 1 0 3 2 624 1
6 wb 50 43 עידן 2 1 0 4 2 559 1
7 combined2 1 68 נאדיה 1 1 1 4 2 2881 1
7 combined2 2 12 עדין 1 2 1 4 2 2019 2
7 combined2 3 5 שלום 1 2 1 4 2 2434 1
7 combined2 4 33 אבל 2 2 1 4 2 1417 1
7 combined2 5 78 יאיר 2 1 1 4 2 907 1
7 combined2 6 28 לכלוך 2 2 1 4 2 3140 2
7 combined2 7 17 מתנה 1 2 1 4 2 1824 1
7 combined2 8 8 כיף 1 2 1 4 2 906 1
7 combined2 9 23 צחוק 1 2 1 4 2 574 1
7 combined2 10 57 מוסא 1 1 1 4 2 580 1
7 combined2 11 94 עדי 2 1 1 4 2 923 1
7 combined2 12 67 האדיל 1 1 1 4 2 763 1
7 combined2 13 72 עבד 1 1 1 4 2 1151 1
7 combined2 14 43 כלא 2 2 1 4 2 838 1
7 combined2 15 53 מוחמד 1 1 1 4 2 526 1
7 combined2 16 70 תייסיר 1 1 1 4 2 590 1
7 combined2 17 79 רונן 2 1 1 4 2 2421 1
7 combined2 18 98 דויד 2 1 1 4 2 582 1
7 combined2 19 61 ראפיק 1 1 1 4 2 601 1
7 combined2 20 62 סאמיר 1 1 1 4 2 554 1
7 combined2 21 3 בריאות 1 2 1 4 2 775 1
7 combined2 22 19 נס 1 2 1 4 2 695 1
7 combined2 23 54 אחמד 1 1 1 4 2 611 1
7 combined2 24 84 שני 2 1 1 4 2 1878 1
7 combined2 25 48 להרוג 2 2 1 4 2 734 1
7 combined2 26 95 עידן 2 1 1 4 2 877 1
7 combined2 27 50 קיא 2 2 1 4 2 755 1
7 combined2 28 13 כנה 1 2 1 4 2 2660 1
7 combined2 29 65 עביר 1 1 1 4 2 1077 1
7 combined2 30 31 תאונה 2 2 1 4 2 1953 1
7 combined2 31 7 חבר 1 2 1 4 2 840 1
7 combined2 32 20 זריחה 1 2 1 4 2 651 1
7 combined2 33 90 עמוס 2 1 1 4 2 1609 2
7 combined2 34 39 זיהום 2 2 1 4 2 1699 1
7 combined2 35 86 נועה 2 1 1 4 2 568 1
7 combined2 36 51 צער 2 2 1 4 2 1207 1
7 combined2 37 97 אהרון 2 1 1 4 2 540 2
7 combined2 38 55 מדחאת 1 1 1 4 2 973 1
7 combined2 39 27 התרסקות 2 2 1 4 2 829 1
7 combined2 40 37 אסון 2 2 1 4 2 582 1
7 combined2 41 44 עוני 2 2 1 4 2 722 1
7 combined2 42 99 מיטל 2 1 1 4 2 899 1
7 combined2 43 2 חופש 1 2 1 4 2 623 1
7 combined2 44 21 משפחה 1 2 1 4 2 552 1
7 combined2 45 4 אהבה 1 2 1 4 2 506 1
7 combined2 46 36 תקיפה 2 2 1 4 2 869 1
7 combined2 47 64 סאמיחה 1 1 1 4 2 727 1
7 combined2 48 26 התעללות 2 2 1 4 2 452 1
7 combined2 49 74 סוילמאן 1 1 1 4 2 397 1
7 combined2 50 76 ראינאן 1 1 1 4 2 401 1
8 combined2b 1 87 נעמה 2 1 1 4 2 3224 1
8 combined2b 2 93 אורן 2 1 1 4 2 625 1
8 combined2b 3 6 לעודד 1 2 1 4 2 885 1
8 combined2b 4 15 קשת 1 2 1 4 2 828 1
8 combined2b 5 75 אשראף 1 1 1 4 2 615 1
8 combined2b 6 81 דני 2 1 1 4 2 866 1
8 combined2b 7 38 שנאה 2 2 1 4 2 1121 1
8 combined2b 8 29 רצח 2 2 1 4 2 1247 1
8 combined2b 9 45 מכוער 2 2 1 4 2 1018 1
8 combined2b 10 35 סירחון 2 2 1 4 2 574 1
8 combined2b 11 80 יובל 2 1 1 4 2 857 1
8 combined2b 12 47 רשע 2 2 1 4 2 962 1
8 combined2b 13 34 רעל 2 2 1 4 2 1995 1
8 combined2b 14 71 ראניה 1 1 1 4 2 769 1
8 combined2b 15 59 נור 1 1 1 4 2 591 1
8 combined2b 16 63 עזיזה 1 1 1 4 2 652 1
8 combined2b 17 14 מזל 1 2 1 4 2 697 1
8 combined2b 18 16 הישג 1 2 1 4 2 648 1
8 combined2b 19 66 פאטימה 1 1 1 4 2 620 1
8 combined2b 20 32 מוות 2 2 1 4 2 1280 1
8 combined2b 21 42 גירושין 2 2 1 4 2 643 1
8 combined2b 22 30 חולי 2 2 1 4 2 958 1
8 combined2b 23 82 אבי 2 1 1 4 2 665 1
8 combined2b 24 11 יהלום 1 2 1 4 2 601 1
8 combined2b 25 41 פצצה 2 2 1 4 2 665 1
8 combined2b 26 83 משה 2 1 1 4 2 706 1
8 combined2b 27 85 מאיה 2 1 1 4 2 628 1
8 combined2b 28 40 טרגדיה 2 2 1 4 2 796 1
8 combined2b 29 9 נאמן 1 2 1 4 2 726 1
8 combined2b 30 91 רבקה 2 1 1 4 2 592 2
8 combined2b 31 100 יוכבד 2 1 1 4 2 688 2
8 combined2b 32 10 תענוג 1 2 1 4 2 1784 1
8 combined2b 33 96 יפעת 2 1 1 4 2 660 1
8 combined2b 34 58 איבתיסאם 1 1 1 4 2 538 1
8 combined2b 35 22 שמחה 1 2 1 4 2 566 1
8 combined2b 36 46 סרטן 2 2 1 4 2 618 1
8 combined2b 37 73 סאלים 1 1 1 4 2 713 1
8 combined2b 38 1 ללטף 1 2 1 4 2 723 2
8 combined2b 39 18 כבוד 1 2 1 4 2 785 1
8 combined2b 40 25 חופשה 1 2 1 4 2 550 1
8 combined2b 41 56 איברהים 1 1 1 4 2 748 1
8 combined2b 42 60 עליאן 1 1 1 4 2 754 2
8 combined2b 43 89 יאיר 2 1 1 4 2 680 1
8 combined2b 44 88 ערן 2 1 1 4 2 697 1
8 combined2b 45 52 לכוד 2 2 1 4 2 1149 1
8 combined2b 46 92 שמעון 2 1 1 4 2 591 1
8 combined2b 47 77 סאמירה 1 1 1 4 2 608 1
8 combined2b 48 69 עאידה 1 1 1 4 2 612 1
8 combined2b 49 24 עילאי 1 2 1 4 2 1133 1
8 combined2b 50 49 רקוב 2 2 1 4 2 1633 1
9 wb 1 27 רונן 2 1 0 4 2 1631 1
9 wb 2 42 עדי 2 1 0 4 2 681 1
9 wb 3 15 האדיל 1 1 0 3 2 953 1
9 wb 4 26 יאיר 2 1 0 4 2 534 1
9 wb 5 33 מאיה 2 1 0 4 2 1530 1
9 wb 6 5 מוסא 1 1 0 3 2 441 2
9 wb 7 35 נעמה 2 1 0 4 2 549 1
9 wb 8 39 רבקה 2 1 0 4 2 520 2
9 wb 9 25 סאמירה 1 1 0 3 2 581 1
9 wb 10 50 יהודה 2 1 0 4 2 516 1
9 wb 11 38 עמוס 2 1 0 4 2 486 1
9 wb 12 9 ראפיק 1 1 0 3 2 649 1
9 wb 13 17 עאידה 1 1 0 3 2 542 2
9 wb 14 28 יובל 2 1 0 4 2 527 1
9 wb 15 21 סאלים 1 1 0 3 2 531 1
9 wb 16 16 נאדיה 1 1 0 3 2 909 1
9 wb 17 8 עליאן 1 1 0 3 2 878 1
9 wb 18 4 איברהים 1 1 0 3 2 594 1
9 wb 19 14 פאטימה 1 1 0 3 2 635 1
9 wb 20 46 דויד 2 1 0 4 2 419 1
9 wb 21 43 עידן 2 1 0 4 2 882 1
9 wb 22 36 ערן 2 1 0 4 2 709 1
9 wb 23 29 דני 2 1 0 4 2 537 1
9 wb 24 34 נועה 2 1 0 4 2 398 1
9 wb 25 7 נור 1 1 0 3 2 426 2
9 wb 26 22 סוילמאן 1 1 0 3 2 555 1
9 wb 27 13 עביר 1 1 0 3 2 584 1
9 wb 28 37 יאיר 2 1 0 4 2 819 1
9 wb 29 41 אורן 2 1 0 4 2 615 1
9 wb 30 48 יוכבד 2 1 0 4 2 791 1
9 wb 31 18 תייסיר 1 1 0 3 2 710 1
9 wb 32 30 אבי 2 1 0 4 2 501 1
9 wb 33 32 שני 2 1 0 4 2 562 1
9 wb 34 49 ישראל 2 1 0 4 2 475 1
9 wb 35 3 מדחאת 1 1 0 3 2 773 1
9 wb 36 20 עבד 1 1 0 3 2 573 2
9 wb 37 2 אחמד 1 1 0 3 2 867 1
9 wb 38 6 איבתיסאם 1 1 0 3 2 473 1
9 wb 39 11 עזיזה 1 1 0 3 2 468 1
9 wb 40 12 סאמיחה 1 1 0 3 2 407 1
9 wb 41 19 ראניה 1 1 0 3 2 553 1
9 wb 42 40 שמעון 2 1 0 4 2 842 1
9 wb 43 24 ראינאן 1 1 0 3 2 836 1
9 wb 44 31 משה 2 1 0 4 2 565 1
9 wb 45 44 יפעת 2 1 0 4 2 536 1
9 wb 46 23 אשראף 1 1 0 3 2 549 1
9 wb 47 1 מוחמד 1 1 0 3 2 709 1
9 wb 48 47 מיטל 2 1 0 4 2 715 1
9 wb 49 45 אהרון 2 1 0 4 2 687 1
9 wb 50 10 סאמיר 1 1 0 3 2 573 1
10 combined2 1 62 סאמיר 1 1 1 3 2 1335 1
10 combined2 2 34 רעל 2 2 1 3 2 829 1
10 combined2 3 96 יפעת 2 1 1 3 2 724 1
10 combined2 4 29 רצח 2 2 1 3 2 707 1
10 combined2 5 2 חופש 1 2 1 3 2 659 1
10 combined2 6 69 עאידה 1 1 1 3 2 615 1
10 combined2 7 30 חולי 2 2 1 3 2 584 1
10 combined2 8 19 נס 1 2 1 3 2 822 1
10 combined2 9 23 צחוק 1 2 1 3 2 715 1
10 combined2 10 82 אבי 2 1 1 3 2 1002 1
10 combined2 11 54 אחמד 1 1 1 3 2 444 2
10 combined2 12 95 עידן 2 1 1 3 2 1021 1
10 combined2 13 91 רבקה 2 1 1 3 2 795 1
10 combined2 14 9 נאמן 1 2 1 3 2 556 1
10 combined2 15 32 מוות 2 2 1 3 2 501 2
10 combined2 16 93 אורן 2 1 1 3 2 482 1
10 combined2 17 58 איבתיסאם 1 1 1 3 2 571 1
10 combined2 18 13 כנה 1 2 1 3 2 782 1
10 combined2 19 36 תקיפה 2 2 1 3 2 558 1
10 combined2 20 8 כיף 1 2 1 3 2 625 1
10 combined2 21 55 מדחאת 1 1 1 3 2 504 1
10 combined2 22 56 איברהים 1 1 1 3 2 574 1
10 combined2 23 50 קיא 2 2 1 3 2 548 1
10 combined2 24 46 סרטן 2 2 1 3 2 621 1
10 combined2 25 87 נעמה 2 1 1 3 2 750 1
10 combined2 26 39 זיהום 2 2 1 3 2 960 1
10 combined2 27 73 סאלים 1 1 1 3 2 934 1
10 combined2 28 25 חופשה 1 2 1 3 2 623 1
10 combined2 29 60 עליאן 1 1 1 3 2 556 1
10 combined2 30 61 ראפיק 1 1 1 3 2 727 1
10 combined2 31 10 תענוג 1 2 1 3 2 1260 1
10 combined2 32 52 לכוד 2 2 1 3 2 1451 2
10 combined2 33 42 גירושין 2 2 1 3 2 701 1
10 combined2 34 17 מתנה 1 2 1 3 2 587 2
10 combined2 35 89 יאיר 2 1 1 3 2 522 1
10 combined2 36 4 אהבה 1 2 1 3 2 559 1
10 combined2 37 80 יובל 2 1 1 3 2 696 2
10 combined2 38 5 שלום 1 2 1 3 2 704 1
10 combined2 39 57 מוסא 1 1 1 3 2 541 1
10 combined2 40 18 כבוד 1 2 1 3 2 605 1
10 combined2 41 45 מכוער 2 2 1 3 2 509 2
10 combined2 42 14 מזל 1 2 1 3 2 728 1
10 combined2 43 67 האדיל 1 1 1 3 2 625 1
10 combined2 44 84 שני 2 1 1 3 2 559 1
10 combined2 45 79 רונן 2 1 1 3 2 548 1
10 combined2 46 70 תייסיר 1 1 1 3 2 643 1
10 combined2 47 74 סוילמאן 1 1 1 3 2 645 1
10 combined2 48 12 עדין 1 2 1 3 2 658 1
10 combined2 49 53 מוחמד 1 1 1 3 2 504 1
10 combined2 50 98 דויד 2 1 1 3 2 538 1
11 combined2b 1 92 שמעון 2 1 1 3 2 922 1
11 combined2b 2 63 עזיזה 1 1 1 3 2 903 1
11 combined2b 3 20 זריחה 1 2 1 3 2 576 1
11 combined2b 4 72 עבד 1 1 1 3 2 852 1
11 combined2b 5 27 התרסקות 2 2 1 3 2 597 1
11 combined2b 6 31 תאונה 2 2 1 3 2 729 1
11 combined2b 7 48 להרוג 2 2 1 3 2 582 1
11 combined2b 8 26 התעללות 2 2 1 3 2 600 1
11 combined2b 9 75 אשראף 1 1 1 3 2 489 1
11 combined2b 10 83 משה 2 1 1 3 2 519 1
11 combined2b 11 90 עמוס 2 1 1 3 2 755 1
11 combined2b 12 11 יהלום 1 2 1 3 2 512 1
11 combined2b 13 33 אבל 2 2 1 3 2 663 1
11 combined2b 14 71 ראניה 1 1 1 3 2 622 1
11 combined2b 15 66 פאטימה 1 1 1 3 2 514 1
11 combined2b 16 59 נור 1 1 1 3 2 512 1
11 combined2b 17 3 בריאות 1 2 1 3 2 757 1
11 combined2b 18 68 נאדיה 1 1 1 3 2 673 1
11 combined2b 19 99 מיטל 2 1 1 3 2 563 1
11 combined2b 20 44 עוני 2 2 1 3 2 1358 1
11 combined2b 21 64 סאמיחה 1 1 1 3 2 577 1
11 combined2b 22 81 דני 2 1 1 3 2 589 1
11 combined2b 23 76 ראינאן 1 1 1 3 2 578 1
11 combined2b 24 28 לכלוך 2 2 1 3 2 854 1
11 combined2b 25 97 אהרון 2 1 1 3 2 580 1
11 combined2b 26 43 כלא 2 2 1 3 2 896 1
11 combined2b 27 100 יוכבד 2 1 1 3 2 776 1
11 combined2b 28 6 לעודד 1 2 1 3 2 615 1
11 combined2b 29 88 ערן 2 1 1 3 2 492 1
11 combined2b 30 22 שמחה 1 2 1 3 2 448 1
11 combined2b 31 21 משפחה 1 2 1 3 2 587 1
11 combined2b 32 77 סאמירה 1 1 1 3 2 690 1
11 combined2b 33 40 טרגדיה 2 2 1 3 2 727 2
11 combined2b 34 37 אסון 2 2 1 3 2 882 1
11 combined2b 35 1 ללטף 1 2 1 3 2 1027 1
11 combined2b 36 38 שנאה 2 2 1 3 2 726 1
11 combined2b 37 15 קשת 1 2 1 3 2 688 1
11 combined2b 38 16 הישג 1 2 1 3 2 713 1
11 combined2b 39 85 מאיה 2 1 1 3 2 562 1
11 combined2b 40 47 רשע 2 2 1 3 2 439 2
11 combined2b 41 24 עילאי 1 2 1 3 2 876 1
11 combined2b 42 7 חבר 1 2 1 3 2 556 1
11 combined2b 43 35 סירחון 2 2 1 3 2 629 2
11 combined2b 44 49 רקוב 2 2 1 3 2 990 1
11 combined2b 45 51 צער 2 2 1 3 2 553 1
11 combined2b 46 86 נועה 2 1 1 3 2 540 1
11 combined2b 47 78 יאיר 2 1 1 3 2 551 1
11 combined2b 48 94 עדי 2 1 1 3 2 874 1
11 combined2b 49 65 עביר 1 1 1 3 2 521 2
11 combined2b 50 41 פצצה 2 2 1 3 2 683 1
12 bw 1 21 סאלים 1 1 0 3 1 1765 1
12 bw 2 43 עידן 2 1 0 4 1 2075 1
12 bw 3 7 נור 1 1 0 3 1 3201 1
12 bw 4 22 סוילמאן 1 1 0 3 1 1177 1
12 bw 5 39 רבקה 2 1 0 4 1 568 1
12 bw 6 35 נעמה 2 1 0 4 1 1122 1
12 bw 7 26 יאיר 2 1 0 4 1 521 1
12 bw 8 25 סאמירה 1 1 0 3 1 533 1
12 bw 9 27 רונן 2 1 0 4 1 510 1
12 bw 10 11 עזיזה 1 1 0 3 1 906 1
12 bw 11 14 פאטימה 1 1 0 3 1 522 1
12 bw 12 33 מאיה 2 1 0 4 1 598 1
12 bw 13 13 עביר 1 1 0 3 1 553 1
12 bw 14 10 סאמיר 1 1 0 3 1 777 1
12 bw 15 17 עאידה 1 1 0 3 1 613 1
12 bw 16 46 דויד 2 1 0 4 1 396 2
12 bw 17 23 אשראף 1 1 0 3 1 469 1
12 bw 18 31 משה 2 1 0 4 1 699 1
12 bw 19 5 מוסא 1 1 0 3 1 755 1
12 bw 20 19 ראניה 1 1 0 3 1 554 1
12 bw 21 15 האדיל 1 1 0 3 1 650 1
12 bw 22 45 אהרון 2 1 0 4 1 746 1
12 bw 23 24 ראינאן 1 1 0 3 1 605 1
12 bw 24 47 מיטל 2 1 0 4 1 646 1
12 bw 25 12 סאמיחה 1 1 0 3 1 678 1
12 bw 26 34 נועה 2 1 0 4 1 532 1
12 bw 27 3 מדחאת 1 1 0 3 1 499 1
12 bw 28 48 יוכבד 2 1 0 4 1 541 1
12 bw 29 44 יפעת 2 1 0 4 1 364 2
12 bw 30 9 ראפיק 1 1 0 3 1 612 1
12 bw 31 4 איברהים 1 1 0 3 1 569 2
12 bw 32 32 שני 2 1 0 4 1 1037 1
12 bw 33 38 עמוס 2 1 0 4 1 627 2
12 bw 34 6 איבתיסאם 1 1 0 3 1 594 1
12 bw 35 42 עדי 2 1 0 4 1 686 1
12 bw 36 8 עליאן 1 1 0 3 1 935 1
12 bw 37 49 ישראל 2 1 0 4 1 603 1
12 bw 38 20 עבד 1 1 0 3 1 1217 1
12 bw 39 30 אבי 2 1 0 4 1 643 1
12 bw 40 37 יאיר 2 1 0 4 1 457 1
12 bw 41 2 אחמד 1 1 0 3 1 584 2
12 bw 42 50 יהודה 2 1 0 4 1 443 1
12 bw 43 40 שמעון 2 1 0 4 1 435 2
12 bw 44 29 דני 2 1 0 4 1 987 1
12 bw 45 36 ערן 2 1 0 4 1 982 1
12 bw 46 1 מוחמד 1 1 0 3 1 1350 1
12 bw 47 18 תייסיר 1 1 0 3 1 541 1
12 bw 48 28 יובל 2 1 0 4 1 650 1
12 bw 49 41 אורן 2 1 0 4 1 774 1
12 bw 50 16 נאדיה 1 1 0 3 1 587 1
13 combined1 1 27 התרסקות 2 2 2 3 1 2213 1
13 combined1 2 66 פאטימה 1 1 2 3 1 907 1
13 combined1 3 12 עדין 1 2 2 3 1 943 1
13 combined1 4 46 סרטן 2 2 2 3 1 1342 1
13 combined1 5 38 שנאה 2 2 2 3 1 1079 1
13 combined1 6 4 אהבה 1 2 2 3 1 676 1
13 combined1 7 64 סאמיחה 1 1 2 3 1 865 1
13 combined1 8 83 משה 2 1 2 3 1 1679 1
13 combined1 9 2 חופש 1 2 2 3 1 857 2
13 combined1 10 33 אבל 2 2 2 3 1 1996 1
13 combined1 11 55 מדחאת 1 1 2 3 1 1222 1
13 combined1 12 9 נאמן 1 2 2 3 1 897 1
13 combined1 13 86 נועה 2 1 2 3 1 922 1
13 combined1 14 13 כנה 1 2 2 3 1 1322 2
13 combined1 15 97 אהרון 2 1 2 3 1 2331 1
13 combined1 16 18 כבוד 1 2 2 3 1 1733 1
13 combined1 17 60 עליאן 1 1 2 3 1 904 1
13 combined1 18 52 לכוד 2 2 2 3 1 1852 1
13 combined1 19 95 עידן 2 1 2 3 1 858 1
13 combined1 20 40 טרגדיה 2 2 2 3 1 2200 1
13 combined1 21 76 ראינאן 1 1 2 3 1 1100 1
13 combined1 22 74 סוילמאן 1 1 2 3 1 525 1
13 combined1 23 7 חבר 1 2 2 3 1 1078 2
13 combined1 24 31 תאונה 2 2 2 3 1 3326 1
13 combined1 25 75 אשראף 1 1 2 3 1 746 1
13 combined1 26 88 ערן 2 1 2 3 1 992 1
13 combined1 27 98 דויד 2 1 2 3 1 618 1
13 combined1 28 19 נס 1 2 2 3 1 1092 1
13 combined1 29 85 מאיה 2 1 2 3 1 621 2
13 combined1 30 69 עאידה 1 1 2 3 1 1058 1
13 combined1 31 61 ראפיק 1 1 2 3 1 936 1
13 combined1 32 89 יאיר 2 1 2 3 1 733 1
13 combined1 33 32 מוות 2 2 2 3 1 1913 1
13 combined1 34 92 שמעון 2 1 2 3 1 585 1
13 combined1 35 11 יהלום 1 2 2 3 1 1830 1
13 combined1 36 79 רונן 2 1 2 3 1 1063 1
13 combined1 37 25 חופשה 1 2 2 3 1 809 1
13 combined1 38 42 גירושין 2 2 2 3 1 758 1
13 combined1 39 80 יובל 2 1 2 3 1 996 1
13 combined1 40 78 יאיר 2 1 2 3 1 642 1
13 combined1 41 20 זריחה 1 2 2 3 1 1497 2
13 combined1 42 47 רשע 2 2 2 3 1 2240 1
13 combined1 43 37 אסון 2 2 2 3 1 757 1
13 combined1 44 100 יוכבד 2 1 2 3 1 934 2
13 combined1 45 30 חולי 2 2 2 3 1 2189 1
13 combined1 46 62 סאמיר 1 1 2 3 1 722 1
13 combined1 47 63 עזיזה 1 1 2 3 1 577 1
13 combined1 48 5 שלום 1 2 2 3 1 1063 1
13 combined1 49 81 דני 2 1 2 3 1 781 1
13 combined1 50 16 הישג 1 2 2 3 1 1034 1
14 combined1b 1 3 בריאות 1 2 2 3 1 4378 1
14 combined1b 2 90 עמוס 2 1 2 3 1 1017 1
14 combined1b 3 68 נאדיה 1 1 2 3 1 890 1
14 combined1b 4 24 עילאי 1 2 2 3 1 2314 2
14 combined1b 5 65 עביר 1 1 2 3 1 3159 1
14 combined1b 6 17 מתנה 1 2 2 3 1 1208 2
14 combined1b 7 96 יפעת 2 1 2 3 1 2497 1
14 combined1b 8 41 פצצה 2 2 2 3 1 1459 1
14 combined1b 9 70 תייסיר 1 1 2 3 1 2445 1
14 combined1b 10 1 ללטף 1 2 2 3 1 1036 1
14 combined1b 11 57 מוסא 1 1 2 3 1 813 1
14 combined1b 12 48 להרוג 2 2 2 3 1 720 1
14 combined1b 13 72 עבד 1 1 2 3 1 1044 1
14 combined1b 14 49 רקוב 2 2 2 3 1 973 1
14 combined1b 15 73 סאלים 1 1 2 3 1 1127 1
14 combined1b 16 84 שני 2 1 2 3 1 1016 1
14 combined1b 17 67 האדיל 1 1 2 3 1 1422 1
14 combined1b 18 39 זיהום 2 2 2 3 1 2219 2
14 combined1b 19 36 תקיפה 2 2 2 3 1 1911 1
14 combined1b 20 58 איבתיסאם 1 1 2 3 1 1033 2
14 combined1b 21 14 מזל 1 2 2 3 1 1032 1
14 combined1b 22 28 לכלוך 2 2 2 3 1 746 1
14 combined1b 23 21 משפחה 1 2 2 3 1 991 1
14 combined1b 24 99 מיטל 2 1 2 3 1 642 2
14 combined1b 25 51 צער 2 2 2 3 1 2832 1
14 combined1b 26 15 קשת 1 2 2 3 1 1480 1
14 combined1b 27 43 כלא 2 2 2 3 1 862 1
14 combined1b 28 56 איברהים 1 1 2 3 1 1283 1
14 combined1b 29 54 אחמד 1 1 2 3 1 2079 1
14 combined1b 30 6 לעודד 1 2 2 3 1 8684 1
14 combined1b 31 87 נעמה 2 1 2 3 1 1302 2
14 combined1b 32 91 רבקה 2 1 2 3 1 1292 2
14 combined1b 33 34 רעל 2 2 2 3 1 2140 1
14 combined1b 34 71 ראניה 1 1 2 3 1 1645 2
14 combined1b 35 53 מוחמד 1 1 2 3 1 1411 1
14 combined1b 36 29 רצח 2 2 2 3 1 1054 1
14 combined1b 37 44 עוני 2 2 2 3 1 899 1
14 combined1b 38 23 צחוק 1 2 2 3 1 924 1
14 combined1b 39 10 תענוג 1 2 2 3 1 2896 1
14 combined1b 40 35 סירחון 2 2 2 3 1 662 1
14 combined1b 41 93 אורן 2 1 2 3 1 657 1
14 combined1b 42 26 התעללות 2 2 2 3 1 784 1
14 combined1b 43 82 אבי 2 1 2 3 1 532 1
14 combined1b 44 77 סאמירה 1 1 2 3 1 1297 1
14 combined1b 45 8 כיף 1 2 2 3 1 1477 1
14 combined1b 46 22 שמחה 1 2 2 3 1 679 1
14 combined1b 47 50 קיא 2 2 2 3 1 632 1
14 combined1b 48 45 מכוער 2 2 2 3 1 2089 1
14 combined1b 49 59 נור 1 1 2 3 1 958 1
14 combined1b 50 94 עדי 2 1 2 3 1 1266 1
368 473 0
