2 wb 1 13 עביר 1 1 0 3 2 981 1
2 wb 2 39 רבקה 2 1 0 4 2 1121 1
2 wb 3 36 ערן 2 1 0 4 2 774 1
2 wb 4 5 מוסא 1 1 0 3 2 711 1
2 wb 5 35 נעמה 2 1 0 4 2 653 1
2 wb 6 37 יאיר 2 1 0 4 2 759 1
2 wb 7 23 אשראף 1 1 0 3 2 590 1
2 wb 8 34 נועה 2 1 0 4 2 539 1
2 wb 9 7 נור 1 1 0 3 2 716 1
2 wb 10 26 יאיר 2 1 0 4 2 475 1
2 wb 11 48 יוכבד 2 1 0 4 2 564 1
2 wb 12 18 תייסיר 1 1 0 3 2 741 1
2 wb 13 6 איבתיסאם 1 1 0 3 2 479 1
2 wb 14 10 סאמיר 1 1 0 3 2 486 1
2 wb 15 47 מיטל 2 1 0 4 2 533 1
2 wb 16 45 אהרון 2 1 0 4 2 484 1
2 wb 17 15 האדיל 1 1 0 3 2 579 1
2 wb 18 14 פאטימה 1 1 0 3 2 400 1
2 wb 19 41 אורן 2 1 0 4 2 459 1
2 wb 20 46 דויד 2 1 0 4 2 426 1
2 wb 21 21 סאלים 1 1 0 3 2 548 1
2 wb 22 43 עידן 2 1 0 4 2 414 2
2 wb 23 38 עמוס 2 1 0 4 2 620 1
2 wb 24 19 ראניה 1 1 0 3 2 573 1
2 wb 25 11 עזיזה 1 1 0 3 2 392 1
2 wb 26 17 עאידה 1 1 0 3 2 332 1
2 wb 27 12 סאמיחה 1 1 0 3 2 336 1
2 wb 28 24 ראינאן 1 1 0 3 2 312 1
2 wb 29 50 יהודה 2 1 0 4 2 425 1
2 wb 30 22 סוילמאן 1 1 0 3 2 399 2
2 wb 31 9 ראפיק 1 1 0 3 2 418 2
2 wb 32 31 משה 2 1 0 4 2 548 1
2 wb 33 42 עדי 2 1 0 4 2 473 1
2 wb 34 2 אחמד 1 1 0 3 2 459 1
2 wb 35 32 שני 2 1 0 4 2 638 1
2 wb 36 49 ישראל 2 1 0 4 2 553 1
2 wb 37 30 אבי 2 1 0 4 2 484 1
2 wb 38 25 סאמירה 1 1 0 3 2 479 1
2 wb 39 28 יובל 2 1 0 4 2 544 1
2 wb 40 27 רונן 2 1 0 4 2 529 1
2 wb 41 1 מוחמד 1 1 0 3 2 368 2
2 wb 42 4 איברהים 1 1 0 3 2 372 1
2 wb 43 44 יפעת 2 1 0 4 2 503 1
2 wb 44 40 שמעון 2 1 0 4 2 426 1
2 wb 45 20 עבד 1 1 0 3 2 1114 1
2 wb 46 29 דני 2 1 0 4 2 739 1
2 wb 47 16 נאדיה 1 1 0 3 2 671 1
2 wb 48 33 מאיה 2 1 0 4 2 791 1
2 wb 49 8 עליאן 1 1 0 3 2 580 2
2 wb 50 3 מדחאת 1 1 0 3 2 642 1
3 pu 1 9 נאמן 1 2 0 1 2 1244 1
3 pu 2 2 חופש 1 2 0 1 2 1085 1
3 pu 3 38 שנאה 2 2 0 2 2 1154 1
3 pu 4 50 קיא 2 2 0 2 2 842 1
3 pu 5 42 גירושין 2 2 0 2 2 816 1
3 pu 6 25 חופשה 1 2 0 1 2 1265 1
3 pu 7 13 כנה 1 2 0 1 2 781 1
3 pu 8 43 כלא 2 2 0 2 2 615 1
3 pu 9 3 בריאות 1 2 0 1 2 907 2
3 pu 10 21 משפחה 1 2 0 1 2 1401 1
3 pu 11 30 חולי 2 2 0 2 2 1120 2
3 pu 12 28 לכלוך 2 2 0 2 2 870 1
3 pu 13 45 מכוער 2 2 0 2 2 502 1
3 pu 14 16 הישג 1 2 0 1 2 603 1
3 pu 15 14 מזל 1 2 0 1 2 805 1
3 pu 16 35 סירחון 2 2 0 2 2 470 1
3 pu 17 31 תאונה 2 2 0 2 2 577 1
3 pu 18 46 סרטן 2 2 0 2 2 488 1
3 pu 19 8 כיף 1 2 0 1 2 451 1
3 pu 20 37 אסון 2 2 0 2 2 547 1
3 pu 21 29 רצח 2 2 0 2 2 469 1
3 pu 22 12 עדין 1 2 0 1 2 430 1
3 pu 23 6 לעודד 1 2 0 1 2 605 1
3 pu 24 27 התרסקות 2 2 0 2 2 909 1
3 pu 25 22 שמחה 1 2 0 1 2 827 1
3 pu 26 39 זיהום 2 2 0 2 2 744 1
3 pu 27 7 חבר 1 2 0 1 2 534 1
3 pu 28 20 זריחה 1 2 0 1 2 733 1
3 pu 29 33 אבל 2 2 0 2 2 1026 1
3 pu 30 18 כבוד 1 2 0 1 2 842 2
3 pu 31 34 רעל 2 2 0 2 2 1200 1
3 pu 32 23 צחוק 1 2 0 1 2 768 1
3 pu 33 1 ללטף 1 2 0 1 2 617 2
3 pu 34 48 להרוג 2 2 0 2 2 506 1
3 pu 35 10 תענוג 1 2 0 1 2 810 1
3 pu 36 26 התעללות 2 2 0 2 2 666 1
3 pu 37 44 עוני 2 2 0 2 2 581 2
3 pu 38 51 צער 2 2 0 2 2 732 1
3 pu 39 40 טרגדיה 2 2 0 2 2 522 1
3 pu 40 41 פצצה 2 2 0 2 2 514 1
3 pu 41 4 אהבה 1 2 0 1 2 530 1
3 pu 42 17 מתנה 1 2 0 1 2 453 1
3 pu 43 24 עילאי 1 2 0 1 2 662 1
3 pu 44 47 רשע 2 2 0 2 2 1405 1
3 pu 45 5 שלום 1 2 0 1 2 3551 1
3 pu 46 15 קשת 1 2 0 1 2 643 1
3 pu 47 36 תקיפה 2 2 0 2 2 630 2
3 pu 48 11 יהלום 1 2 0 1 2 867 2
3 pu 49 19 נס 1 2 0 1 2 580 1
3 pu 50 52 לכוד 2 2 0 2 2 510 1
4 combined2 1 47 רשע 2 2 1 2 2 1291 1
4 combined2 2 19 נס 1 2 1 2 2 947 1
4 combined2 3 8 כיף 1 2 1 2 2 840 1
4 combined2 4 21 משפחה 1 2 1 2 2 1079 1
4 combined2 5 100 יוכבד 2 1 1 2 2 1101 1
4 combined2 6 97 אהרון 2 1 1 2 2 581 1
4 combined2 7 37 אסון 2 2 1 2 2 561 1
4 combined2 8 15 קשת 1 2 1 2 2 1156 1
4 combined2 9 92 שמעון 2 1 1 2 2 624 1
4 combined2 10 68 נאדיה 1 1 1 2 2 1576 1
4 combined2 11 73 סאלים 1 1 1 2 2 682 1
4 combined2 12 75 אשראף 1 1 1 2 2 493 1
4 combined2 13 60 עליאן 1 1 1 2 2 488 1
4 combined2 14 41 פצצה 2 2 1 2 2 777 1
4 combined2 15 18 כבוד 1 2 1 2 2 650 1
4 combined2 16 38 שנאה 2 2 1 2 2 1092 1
4 combined2 17 98 דויד 2 1 1 2 2 667 1
4 combined2 18 95 עידן 2 1 1 2 2 563 1
4 combined2 19 12 עדין 1 2 1 2 2 704 1
4 combined2 20 87 נעמה 2 1 1 2 2 842 2
4 combined2 21 84 שני 2 1 1 2 2 677 1
4 combined2 22 67 האדיל 1 1 1 2 2 750 1
4 combined2 23 76 ראינאן 1 1 1 2 2 572 1
4 combined2 24 35 סירחון 2 2 1 2 2 1070 1
4 combined2 25 32 מוות 2 2 1 2 2 626 1
4 combined2 26 61 ראפיק 1 1 1 2 2 447 1
4 combined2 27 91 רבקה 2 1 1 2 2 589 1
4 combined2 28 77 סאמירה 1 1 1 2 2 620 1
4 combined2 29 70 תייסיר 1 1 1 2 2 492 1
4 combined2 30 99 מיטל 2 1 1 2 2 638 1
4 combined2 31 23 צחוק 1 2 1 2 2 664 1
4 combined2 32 20 זריחה 1 2 1 2 2 838 1
4 combined2 33 58 איבתיסאם 1 1 1 2 2 500 1
4 combined2 34 80 יובל 2 1 1 2 2 786 1
4 combined2 35 31 תאונה 2 2 1 2 2 882 2
4 combined2 36 53 מוחמד 1 1 1 2 2 612 1
4 combined2 37 81 דני 2 1 1 2 2 583 1
4 combined2 38 52 לכוד 2 2 1 2 2 685 1
4 combined2 39 89 יאיר 2 1 1 2 2 506 1
4 combined2 40 62 סאמיר 1 1 1 2 2 568 1
4 combined2 41 64 סאמיחה 1 1 1 2 2 479 1
4 combined2 42 42 גירושין 2 2 1 2 2 696 1
4 combined2 43 11 יהלום 1 2 1 2 2 765 1
4 combined2 44 9 נאמן 1 2 1 2 2 544 1
4 combined2 45 13 כנה 1 2 1 2 2 590 1
4 combined2 46 17 מתנה 1 2 1 2 2 482 1
4 combined2 47 74 סוילמאן 1 1 1 2 2 476 1
4 combined2 48 22 שמחה 1 2 1 2 2 602 1
4 combined2 49 28 לכלוך 2 2 1 2 2 585 1
4 combined2 50 55 מדחאת 1 1 1 2 2 453 1
5 combined2b 1 56 איברהים 1 1 1 2 2 1018 1
5 combined2b 2 66 פאטימה 1 1 1 2 2 1377 1
5 combined2b 3 26 התעללות 2 2 1 2 2 804 1
5 combined2b 4 45 מכוער 2 2 1 2 2 596 1
5 combined2b 5 43 כלא 2 2 1 2 2 597 1
5 combined2b 6 29 רצח 2 2 1 2 2 571 1
5 combined2b 7 96 יפעת 2 1 1 2 2 895 1
5 combined2b 8 90 עמוס 2 1 1 2 2 1274 1
5 combined2b 9 27 התרסקות 2 2 1 2 2 807 1
5 combined2b 10 65 עביר 1 1 1 2 2 1374 1
5 combined2b 11 14 מזל 1 2 1 2 2 759 1
5 combined2b 12 46 סרטן 2 2 1 2 2 1656 1
5 combined2b 13 48 להרוג 2 2 1 2 2 1406 1
5 combined2b 14 85 מאיה 2 1 1 2 2 837 1
5 combined2b 15 79 רונן 2 1 1 2 2 591 1
5 combined2b 16 1 ללטף 1 2 1 2 2 1183 1
5 combined2b 17 7 חבר 1 2 1 2 2 933 1
5 combined2b 18 24 עילאי 1 2 1 2 2 694 1
5 combined2b 19 88 ערן 2 1 1 2 2 449 1
5 combined2b 20 71 ראניה 1 1 1 2 2 634 1
5 combined2b 21 83 משה 2 1 1 2 2 563 1
5 combined2b 22 69 עאידה 1 1 1 2 2 913 2
5 combined2b 23 78 יאיר 2 1 1 2 2 617 1
5 combined2b 24 16 הישג 1 2 1 2 2 622 1
5 combined2b 25 10 תענוג 1 2 1 2 2 598 1
5 combined2b 26 36 תקיפה 2 2 1 2 2 974 1
5 combined2b 27 3 בריאות 1 2 1 2 2 849 1
5 combined2b 28 34 רעל 2 2 1 2 2 1764 1
5 combined2b 29 82 אבי 2 1 1 2 2 613 1
5 combined2b 30 94 עדי 2 1 1 2 2 1364 1
5 combined2b 31 50 קיא 2 2 1 2 2 617 1
5 combined2b 32 93 אורן 2 1 1 2 2 733 1
5 combined2b 33 2 חופש 1 2 1 2 2 974 1
5 combined2b 34 63 עזיזה 1 1 1 2 2 742 1
5 combined2b 35 4 אהבה 1 2 1 2 2 987 1
5 combined2b 36 44 עוני 2 2 1 2 2 1248 1
5 combined2b 37 54 אחמד 1 1 1 2 2 678 2
5 combined2b 38 59 נור 1 1 1 2 2 529 1
5 combined2b 39 5 שלום 1 2 1 2 2 686 1
5 combined2b 40 72 עבד 1 1 1 2 2 433 1
5 combined2b 41 57 מוסא 1 1 1 2 2 1192 1
5 combined2b 42 40 טרגדיה 2 2 1 2 2 1550 1
5 combined2b 43 25 חופשה 1 2 1 2 2 1847 1
5 combined2b 44 6 לעודד 1 2 1 2 2 1589 1
5 combined2b 45 33 אבל 2 2 1 2 2 1450 1
5 combined2b 46 86 נועה 2 1 1 2 2 963 1
5 combined2b 47 49 רקוב 2 2 1 2 2 1021 1
5 combined2b 48 39 זיהום 2 2 1 2 2 1494 1
5 combined2b 49 30 חולי 2 2 1 2 2 1190 1
5 combined2b 50 51 צער 2 2 1 2 2 993 1
6 bw 1 26 יאיר 2 1 0 4 1 1013 1
6 bw 2 46 דויד 2 1 0 4 1 575 1
6 bw 3 36 ערן 2 1 0 4 1 486 1
6 bw 4 8 עליאן 1 1 0 3 1 525 1
6 bw 5 32 שני 2 1 0 4 1 800 1
6 bw 6 6 איבתיסאם 1 1 0 3 1 537 1
6 bw 7 42 עדי 2 1 0 4 1 653 1
6 bw 8 41 אורן 2 1 0 4 1 635 1
6 bw 9 9 ראפיק 1 1 0 3 1 548 1
6 bw 10 28 יובל 2 1 0 4 1 637 1
6 bw 11 34 נועה 2 1 0 4 1 584 1
6 bw 12 30 אבי 2 1 0 4 1 1449 1
6 bw 13 39 רבקה 2 1 0 4 1 831 1
6 bw 14 3 מדחאת 1 1 0 3 1 569 1
6 bw 15 16 נאדיה 1 1 0 3 1 510 1
6 bw 16 22 סוילמאן 1 1 0 3 1 690 1
6 bw 17 17 עאידה 1 1 0 3 1 590 1
6 bw 18 33 מאיה 2 1 0 4 1 594 1
6 bw 19 5 מוסא 1 1 0 3 1 428 2
6 bw 20 29 דני 2 1 0 4 1 418 1
6 bw 21 44 יפעת 2 1 0 4 1 894 1
6 bw 22 1 מוחמד 1 1 0 3 1 561 1
6 bw 23 27 רונן 2 1 0 4 1 904 1
6 bw 24 13 עביר 1 1 0 3 1 633 2
6 bw 25 47 מיטל 2 1 0 4 1 580 1
6 bw 26 20 עבד 1 1 0 3 1 765 1
6 bw 27 15 האדיל 1 1 0 3 1 1064 1
6 bw 28 43 עידן 2 1 0 4 1 990 1
6 bw 29 12 סאמיחה 1 1 0 3 1 892 1
6 bw 30 31 משה 2 1 0 4 1 650 1
6 bw 31 37 יאיר 2 1 0 4 1 626 1
6 bw 32 38 עמוס 2 1 0 4 1 566 1
6 bw 33 11 עזיזה 1 1 0 3 1 509 1
6 bw 34 18 תייסיר 1 1 0 3 1 566 1
6 bw 35 23 אשראף 1 1 0 3 1 545 1
6 bw 36 48 יוכבד 2 1 0 4 1 577 1
6 bw 37 14 פאטימה 1 1 0 3 1 900 1
6 bw 38 19 ראניה 1 1 0 3 1 513 1
6 bw 39 4 איברהים 1 1 0 3 1 945 1
6 bw 40 24 ראינאן 1 1 0 3 1 1498 1
6 bw 41 2 אחמד 1 1 0 3 1 506 1
6 bw 42 40 שמעון 2 1 0 4 1 541 1
6 bw 43 21 סאלים 1 1 0 3 1 567 1
6 bw 44 25 סאמירה 1 1 0 3 1 477 1
6 bw 45 10 סאמיר 1 1 0 3 1 433 1
6 bw 46 45 אהרון 2 1 0 4 1 479 1
6 bw 47 49 ישראל 2 1 0 4 1 414 1
6 bw 48 50 יהודה 2 1 0 4 1 525 1
6 bw 49 35 נעמה 2 1 0 4 1 552 1
6 bw 50 7 נור 1 1 0 3 1 610 1
7 combined1 1 9 נאמן 1 2 2 3 1 1095 1
7 combined1 2 76 ראינאן 1 1 2 3 1 883 1
7 combined1 3 87 נעמה 2 1 2 3 1 698 1
7 combined1 4 53 מוחמד 1 1 2 3 1 710 1
7 combined1 5 100 יוכבד 2 1 2 3 1 877 1
7 combined1 6 63 עזיזה 1 1 2 3 1 973 1
7 combined1 7 47 רשע 2 2 2 3 1 947 1
7 combined1 8 57 מוסא 1 1 2 3 1 1063 1
7 combined1 9 93 אורן 2 1 2 3 1 663 1
7 combined1 10 32 מוות 2 2 2 3 1 1083 1
7 combined1 11 85 מאיה 2 1 2 3 1 1611 1
7 combined1 12 88 ערן 2 1 2 3 1 1692 1
7 combined1 13 5 שלום 1 2 2 3 1 1802 1
7 combined1 14 23 צחוק 1 2 2 3 1 1276 1
7 combined1 15 46 סרטן 2 2 2 3 1 1163 1
7 combined1 16 7 חבר 1 2 2 3 1 845 1
7 combined1 17 1 ללטף 1 2 2 3 1 800 1
7 combined1 18 91 רבקה 2 1 2 3 1 653 1
7 combined1 19 45 מכוער 2 2 2 3 1 721 1
7 combined1 20 24 עילאי 1 2 2 3 1 892 1
7 combined1 21 71 ראניה 1 1 2 3 1 1123 1
7 combined1 22 20 זריחה 1 2 2 3 1 1139 1
7 combined1 23 8 כיף 1 2 2 3 1 592 1
7 combined1 24 21 משפחה 1 2 2 3 1 691 1
7 combined1 25 60 עליאן 1 1 2 3 1 971 1
7 combined1 26 80 יובל 2 1 2 3 1 763 1
7 combined1 27 36 תקיפה 2 2 2 3 1 1297 1
7 combined1 28 98 דויד 2 1 2 3 1 638 1
7 combined1 29 81 דני 2 1 2 3 1 628 1
7 combined1 30 83 משה 2 1 2 3 1 815 1
7 combined1 31 61 ראפיק 1 1 2 3 1 618 1
7 combined1 32 28 לכלוך 2 2 2 3 1 1100 1
7 combined1 33 44 עוני 2 2 2 3 1 960 2
7 combined1 34 29 רצח 2 2 2 3 1 821 1
7 combined1 35 73 סאלים 1 1 2 3 1 937 1
7 combined1 36 16 הישג 1 2 2 3 1 940 1
7 combined1 37 40 טרגדיה 2 2 2 3 1 639 1
7 combined1 38 56 איברהים 1 1 2 3 1 504 2
7 combined1 39 59 נור 1 1 2 3 1 619 1
7 combined1 40 6 לעודד 1 2 2 3 1 754 1
7 combined1 41 39 זיהום 2 2 2 3 1 569 1
7 combined1 42 33 אבל 2 2 2 3 1 624 1
7 combined1 43 50 קיא 2 2 2 3 1 636 1
7 combined1 44 18 כבוד 1 2 2 3 1 580 1
7 combined1 45 11 יהלום 1 2 2 3 1 1065 1
7 combined1 46 96 יפעת 2 1 2 3 1 703 2
7 combined1 47 42 גירושין 2 2 2 3 1 790 1
7 combined1 48 54 אחמד 1 1 2 3 1 630 1
7 combined1 49 66 פאטימה 1 1 2 3 1 561 1
7 combined1 50 82 אבי 2 1 2 3 1 684 1
8 combined1b 1 64 סאמיחה 1 1 2 3 1 969 1
8 combined1b 2 14 מזל 1 2 2 3 1 975 1
8 combined1b 3 34 רעל 2 2 2 3 1 569 1
8 combined1b 4 86 נועה 2 1 2 3 1 804 1
8 combined1b 5 77 סאמירה 1 1 2 3 1 585 1
8 combined1b 6 35 סירחון 2 2 2 3 1 1053 1
8 combined1b 7 15 קשת 1 2 2 3 1 1162 1
8 combined1b 8 62 סאמיר 1 1 2 3 1 601 1
8 combined1b 9 37 אסון 2 2 2 3 1 672 1
8 combined1b 10 43 כלא 2 2 2 3 1 1195 1
8 combined1b 11 68 נאדיה 1 1 2 3 1 1082 1
8 combined1b 12 3 בריאות 1 2 2 3 1 2082 1
8 combined1b 13 97 אהרון 2 1 2 3 1 698 1
8 combined1b 14 55 מדחאת 1 1 2 3 1 263 2
8 combined1b 15 99 מיטל 2 1 2 3 1 828 1
8 combined1b 16 38 שנאה 2 2 2 3 1 1012 1
8 combined1b 17 2 חופש 1 2 2 3 1 681 1
8 combined1b 18 65 עביר 1 1 2 3 1 567 1
8 combined1b 19 52 לכוד 2 2 2 3 1 1205 1
8 combined1b 20 90 עמוס 2 1 2 3 1 731 1
8 combined1b 21 48 להרוג 2 2 2 3 1 678 1
8 combined1b 22 74 סוילמאן 1 1 2 3 1 916 1
8 combined1b 23 78 יאיר 2 1 2 3 1 1307 1
8 combined1b 24 51 צער 2 2 2 3 1 2439 1
8 combined1b 25 26 התעללות 2 2 2 3 1 2569 1
8 combined1b 26 22 שמחה 1 2 2 3 1 1708 1
8 combined1b 27 58 איבתיסאם 1 1 2 3 1 2082 1
8 combined1b 28 75 אשראף 1 1 2 3 1 1173 1
8 combined1b 29 12 עדין 1 2 2 3 1 813 1
8 combined1b 30 17 מתנה 1 2 2 3 1 936 1
8 combined1b 31 41 פצצה 2 2 2 3 1 558 1
8 combined1b 32 79 רונן 2 1 2 3 1 606 1
8 combined1b 33 13 כנה 1 2 2 3 1 1006 2
8 combined1b 34 70 תייסיר 1 1 2 3 1 743 1
8 combined1b 35 84 שני 2 1 2 3 1 821 1
8 combined1b 36 31 תאונה 2 2 2 3 1 775 1
8 combined1b 37 4 אהבה 1 2 2 3 1 1359 1
8 combined1b 38 95 עידן 2 1 2 3 1 1192 2
8 combined1b 39 19 נס 1 2 2 3 1 634 1
8 combined1b 40 10 תענוג 1 2 2 3 1 1447 1
8 combined1b 41 94 עדי 2 1 2 3 1 1009 1
8 combined1b 42 27 התרסקות 2 2 2 3 1 929 1
8 combined1b 43 67 האדיל 1 1 2 3 1 342 2
8 combined1b 44 30 חולי 2 2 2 3 1 668 1
8 combined1b 45 92 שמעון 2 1 2 3 1 708 1
8 combined1b 46 49 רקוב 2 2 2 3 1 1007 1
8 combined1b 47 69 עאידה 1 1 2 3 1 1030 1
8 combined1b 48 25 חופשה 1 2 2 3 1 1070 1
8 combined1b 49 89 יאיר 2 1 2 3 1 767 1
8 combined1b 50 72 עבד 1 1 2 3 1 1071 1
9 bw 1 19 ראניה 1 1 0 3 1 1934 1
9 bw 2 13 עביר 1 1 0 3 1 1318 1
9 bw 3 18 תייסיר 1 1 0 3 1 608 1
9 bw 4 14 פאטימה 1 1 0 3 1 643 1
9 bw 5 45 אהרון 2 1 0 4 1 861 1
9 bw 6 48 יוכבד 2 1 0 4 1 754 1
9 bw 7 16 נאדיה 1 1 0 3 1 651 1
9 bw 8 25 סאמירה 1 1 0 3 1 548 1
9 bw 9 49 ישראל 2 1 0 4 1 1291 1
9 bw 10 36 ערן 2 1 0 4 1 511 1
9 bw 11 24 ראינאן 1 1 0 3 1 663 1
9 bw 12 33 מאיה 2 1 0 4 1 332 2
9 bw 13 12 סאמיחה 1 1 0 3 1 965 1
9 bw 14 15 האדיל 1 1 0 3 1 787 1
9 bw 15 8 עליאן 1 1 0 3 1 953 1
9 bw 16 21 סאלים 1 1 0 3 1 603 1
9 bw 17 28 יובל 2 1 0 4 1 559 1
9 bw 18 4 איברהים 1 1 0 3 1 630 1
9 bw 19 17 עאידה 1 1 0 3 1 810 1
9 bw 20 47 מיטל 2 1 0 4 1 636 1
9 bw 21 2 אחמד 1 1 0 3 1 1020 1
9 bw 22 43 עידן 2 1 0 4 1 725 2
9 bw 23 42 עדי 2 1 0 4 1 780 1
9 bw 24 46 דויד 2 1 0 4 1 860 1
9 bw 25 41 אורן 2 1 0 4 1 543 1
9 bw 26 44 יפעת 2 1 0 4 1 643 1
9 bw 27 22 סוילמאן 1 1 0 3 1 440 1
9 bw 28 1 מוחמד 1 1 0 3 1 437 1
9 bw 29 6 איבתיסאם 1 1 0 3 1 386 1
9 bw 30 9 ראפיק 1 1 0 3 1 373 1
9 bw 31 20 עבד 1 1 0 3 1 515 1
9 bw 32 26 יאיר 2 1 0 4 1 476 1
9 bw 33 32 שני 2 1 0 4 1 433 1
9 bw 34 23 אשראף 1 1 0 3 1 393 1
9 bw 35 31 משה 2 1 0 4 1 474 1
9 bw 36 11 עזיזה 1 1 0 3 1 524 1
9 bw 37 27 רונן 2 1 0 4 1 505 1
9 bw 38 37 יאיר 2 1 0 4 1 503 1
9 bw 39 35 נעמה 2 1 0 4 1 760 1
9 bw 40 50 יהודה 2 1 0 4 1 509 1
9 bw 41 3 מדחאת 1 1 0 3 1 416 1
9 bw 42 7 נור 1 1 0 3 1 605 1
9 bw 43 5 מוסא 1 1 0 3 1 566 1
9 bw 44 29 דני 2 1 0 4 1 495 1
9 bw 45 34 נועה 2 1 0 4 1 573 1
9 bw 46 10 סאמיר 1 1 0 3 1 577 1
9 bw 47 39 רבקה 2 1 0 4 1 330 2
9 bw 48 40 שמעון 2 1 0 4 1 607 1
9 bw 49 38 עמוס 2 1 0 4 1 364 1
9 bw 50 30 אבי 2 1 0 4 1 399 2
10 combined1 1 82 אבי 2 1 2 4 1 1509 1
10 combined1 2 32 מוות 2 2 2 4 1 651 1
10 combined1 3 43 כלא 2 2 2 4 1 881 1
10 combined1 4 90 עמוס 2 1 2 4 1 696 1
10 combined1 5 81 דני 2 1 2 4 1 866 1
10 combined1 6 71 ראניה 1 1 2 4 1 768 1
10 combined1 7 64 סאמיחה 1 1 2 4 1 1041 1
10 combined1 8 79 רונן 2 1 2 4 1 499 1
10 combined1 9 67 האדיל 1 1 2 4 1 808 1
10 combined1 10 23 צחוק 1 2 2 4 1 1540 1
10 combined1 11 17 מתנה 1 2 2 4 1 1105 1
10 combined1 12 52 לכוד 2 2 2 4 1 796 1
10 combined1 13 10 תענוג 1 2 2 4 1 1649 1
10 combined1 14 27 התרסקות 2 2 2 4 1 1246 1
10 combined1 15 36 תקיפה 2 2 2 4 1 1324 1
10 combined1 16 78 יאיר 2 1 2 4 1 894 1
10 combined1 17 54 אחמד 1 1 2 4 1 787 1
10 combined1 18 98 דויד 2 1 2 4 1 737 1
10 combined1 19 5 שלום 1 2 2 4 1 1460 1
10 combined1 20 45 מכוער 2 2 2 4 1 614 1
10 combined1 21 77 סאמירה 1 1 2 4 1 1757 1
10 combined1 22 25 חופשה 1 2 2 4 1 1681 1
10 combined1 23 14 מזל 1 2 2 4 1 588 1
10 combined1 24 33 אבל 2 2 2 4 1 1129 1
10 combined1 25 46 סרטן 2 2 2 4 1 1867 1
10 combined1 26 44 עוני 2 2 2 4 1 807 1
10 combined1 27 86 נועה 2 1 2 4 1 814 1
10 combined1 28 74 סוילמאן 1 1 2 4 1 870 1
10 combined1 29 55 מדחאת 1 1 2 4 1 436 1
10 combined1 30 37 אסון 2 2 2 4 1 725 1
10 combined1 31 3 בריאות 1 2 2 4 1 1023 1
10 combined1 32 2 חופש 1 2 2 4 1 881 1
10 combined1 33 38 שנאה 2 2 2 4 1 1320 2
10 combined1 34 31 תאונה 2 2 2 4 1 785 1
10 combined1 35 8 כיף 1 2 2 4 1 602 1
10 combined1 36 39 זיהום 2 2 2 4 1 594 1
10 combined1 37 66 פאטימה 1 1 2 4 1 665 1
10 combined1 38 85 מאיה 2 1 2 4 1 1016 1
10 combined1 39 4 אהבה 1 2 2 4 1 1012 1
10 combined1 40 35 סירחון 2 2 2 4 1 919 1
10 combined1 41 13 כנה 1 2 2 4 1 717 1
10 combined1 42 61 ראפיק 1 1 2 4 1 1078 1
10 combined1 43 96 יפעת 2 1 2 4 1 754 1
10 combined1 44 93 אורן 2 1 2 4 1 1246 1
10 combined1 45 59 נור 1 1 2 4 1 895 1
10 combined1 46 97 אהרון 2 1 2 4 1 664 1
10 combined1 47 15 קשת 1 2 2 4 1 1103 1
10 combined1 48 63 עזיזה 1 1 2 4 1 1626 1
10 combined1 49 76 ראינאן 1 1 2 4 1 591 1
10 combined1 50 47 רשע 2 2 2 4 1 713 2
11 combined1b 1 16 הישג 1 2 2 4 1 2829 2
11 combined1b 2 92 שמעון 2 1 2 4 1 571 1
11 combined1b 3 88 ערן 2 1 2 4 1 624 1
11 combined1b 4 30 חולי 2 2 2 4 1 766 1
11 combined1b 5 18 כבוד 1 2 2 4 1 751 1
11 combined1b 6 28 לכלוך 2 2 2 4 1 778 1
11 combined1b 7 49 רקוב 2 2 2 4 1 1061 1
11 combined1b 8 24 עילאי 1 2 2 4 1 1501 1
11 combined1b 9 11 יהלום 1 2 2 4 1 1091 1
11 combined1b 10 60 עליאן 1 1 2 4 1 2537 1
11 combined1b 11 53 מוחמד 1 1 2 4 1 1464 1
11 combined1b 12 84 שני 2 1 2 4 1 1602 1
11 combined1b 13 22 שמחה 1 2 2 4 1 1232 1
11 combined1b 14 91 רבקה 2 1 2 4 1 2047 2
11 combined1b 15 95 עידן 2 1 2 4 1 739 1
11 combined1b 16 51 צער 2 2 2 4 1 784 1
11 combined1b 17 6 לעודד 1 2 2 4 1 709 1
11 combined1b 18 87 נעמה 2 1 2 4 1 749 1
11 combined1b 19 21 משפחה 1 2 2 4 1 917 1
11 combined1b 20 12 עדין 1 2 2 4 1 543 1
11 combined1b 21 1 ללטף 1 2 2 4 1 727 1
11 combined1b 22 99 מיטל 2 1 2 4 1 1296 1
11 combined1b 23 19 נס 1 2 2 4 1 1368 1
11 combined1b 24 34 רעל 2 2 2 4 1 695 1
11 combined1b 25 75 אשראף 1 1 2 4 1 591 1
11 combined1b 26 83 משה 2 1 2 4 1 603 1
11 combined1b 27 57 מוסא 1 1 2 4 1 937 1
11 combined1b 28 80 יובל 2 1 2 4 1 532 1
11 combined1b 29 48 להרוג 2 2 2 4 1 1068 2
11 combined1b 30 26 התעללות 2 2 2 4 1 641 1
11 combined1b 31 40 טרגדיה 2 2 2 4 1 535 1
11 combined1b 32 20 זריחה 1 2 2 4 1 522 1
11 combined1b 33 7 חבר 1 2 2 4 1 676 1
11 combined1b 34 72 עבד 1 1 2 4 1 812 1
11 combined1b 35 94 עדי 2 1 2 4 1 733 1
11 combined1b 36 41 פצצה 2 2 2 4 1 910 1
11 combined1b 37 69 עאידה 1 1 2 4 1 885 1
11 combined1b 38 70 תייסיר 1 1 2 4 1 867 1
11 combined1b 39 68 נאדיה 1 1 2 4 1 755 1
11 combined1b 40 89 יאיר 2 1 2 4 1 750 1
11 combined1b 41 73 סאלים 1 1 2 4 1 1017 1
11 combined1b 42 50 קיא 2 2 2 4 1 1674 1
11 combined1b 43 62 סאמיר 1 1 2 4 1 739 1
11 combined1b 44 42 גירושין 2 2 2 4 1 1008 2
11 combined1b 45 29 רצח 2 2 2 4 1 503 1
11 combined1b 46 56 איברהים 1 1 2 4 1 823 1
11 combined1b 47 100 יוכבד 2 1 2 4 1 636 2
11 combined1b 48 58 איבתיסאם 1 1 2 4 1 549 1
11 combined1b 49 9 נאמן 1 2 2 4 1 883 1
11 combined1b 50 65 עביר 1 1 2 4 1 708 1
12 wb 1 9 ראפיק 1 1 0 3 2 1050 1
12 wb 2 14 פאטימה 1 1 0 3 2 429 1
12 wb 3 21 סאלים 1 1 0 3 2 490 1
12 wb 4 46 דויד 2 1 0 4 2 613 1
12 wb 5 6 איבתיסאם 1 1 0 3 2 553 1
12 wb 6 24 ראינאן 1 1 0 3 2 484 1
12 wb 7 29 דני 2 1 0 4 2 665 2
12 wb 8 2 אחמד 1 1 0 3 2 925 1
12 wb 9 38 עמוס 2 1 0 4 2 955 1
12 wb 10 13 עביר 1 1 0 3 2 563 1
12 wb 11 48 יוכבד 2 1 0 4 2 721 2
12 wb 12 19 ראניה 1 1 0 3 2 1259 1
12 wb 13 49 ישראל 2 1 0 4 2 496 1
12 wb 14 34 נועה 2 1 0 4 2 595 1
12 wb 15 22 סוילמאן 1 1 0 3 2 801 1
12 wb 16 20 עבד 1 1 0 3 2 724 1
12 wb 17 42 עדי 2 1 0 4 2 612 1
12 wb 18 3 מדחאת 1 1 0 3 2 651 1
12 wb 19 10 סאמיר 1 1 0 3 2 499 1
12 wb 20 11 עזיזה 1 1 0 3 2 485 1
12 wb 21 12 סאמיחה 1 1 0 3 2 434 1
12 wb 22 37 יאיר 2 1 0 4 2 464 1
12 wb 23 23 אשראף 1 1 0 3 2 552 1
12 wb 24 45 אהרון 2 1 0 4 2 560 1
12 wb 25 28 יובל 2 1 0 4 2 626 1
12 wb 26 26 יאיר 2 1 0 4 2 570 1
12 wb 27 17 עאידה 1 1 0 3 2 613 1
12 wb 28 31 משה 2 1 0 4 2 648 1
12 wb 29 44 יפעת 2 1 0 4 2 625 1
12 wb 30 25 סאמירה 1 1 0 3 2 744 1
12 wb 31 47 מיטל 2 1 0 4 2 914 1
12 wb 32 4 איברהים 1 1 0 3 2 999 1
12 wb 33 30 אבי 2 1 0 4 2 744 1
12 wb 34 39 רבקה 2 1 0 4 2 913 1
12 wb 35 33 מאיה 2 1 0 4 2 824 1
12 wb 36 41 אורן 2 1 0 4 2 838 1
12 wb 37 16 נאדיה 1 1 0 3 2 694 1
12 wb 38 40 שמעון 2 1 0 4 2 725 1
12 wb 39 15 האדיל 1 1 0 3 2 845 1
12 wb 40 36 ערן 2 1 0 4 2 552 1
12 wb 41 5 מוסא 1 1 0 3 2 589 1
12 wb 42 1 מוחמד 1 1 0 3 2 494 1
12 wb 43 27 רונן 2 1 0 4 2 998 1
12 wb 44 50 יהודה 2 1 0 4 2 535 1
12 wb 45 35 נעמה 2 1 0 4 2 629 1
12 wb 46 7 נור 1 1 0 3 2 1066 1
12 wb 47 32 שני 2 1 0 4 2 655 1
12 wb 48 8 עליאן 1 1 0 3 2 637 1
12 wb 49 18 תייסיר 1 1 0 3 2 523 1
12 wb 50 43 עידן 2 1 0 4 2 614 1
13 combined2 1 25 חופשה 1 2 1 4 2 1060 1
13 combined2 2 56 איברהים 1 1 1 4 2 1817 1
13 combined2 3 78 יאיר 2 1 1 4 2 985 1
13 combined2 4 16 הישג 1 2 1 4 2 628 1
13 combined2 5 92 שמעון 2 1 1 4 2 1268 1
13 combined2 6 71 ראניה 1 1 1 4 2 713 1
13 combined2 7 61 ראפיק 1 1 1 4 2 829 1
13 combined2 8 45 מכוער 2 2 1 4 2 633 1
13 combined2 9 54 אחמד 1 1 1 4 2 901 1
13 combined2 10 5 שלום 1 2 1 4 2 972 1
13 combined2 11 20 זריחה 1 2 1 4 2 992 1
13 combined2 12 60 עליאן 1 1 1 4 2 621 1
13 combined2 13 1 ללטף 1 2 1 4 2 970 1
13 combined2 14 50 קיא 2 2 1 4 2 519 2
13 combined2 15 88 ערן 2 1 1 4 2 611 1
13 combined2 16 85 מאיה 2 1 1 4 2 444 1
13 combined2 17 67 האדיל 1 1 1 4 2 525 2
13 combined2 18 6 לעודד 1 2 1 4 2 687 1
13 combined2 19 84 שני 2 1 1 4 2 571 1
13 combined2 20 21 משפחה 1 2 1 4 2 763 1
13 combined2 21 24 עילאי 1 2 1 4 2 716 1
13 combined2 22 43 כלא 2 2 1 4 2 528 1
13 combined2 23 65 עביר 1 1 1 4 2 559 1
13 combined2 24 59 נור 1 1 1 4 2 535 1
13 combined2 25 66 פאטימה 1 1 1 4 2 491 1
13 combined2 26 63 עזיזה 1 1 1 4 2 489 1
13 combined2 27 51 צער 2 2 1 4 2 652 1
13 combined2 28 57 מוסא 1 1 1 4 2 399 1
13 combined2 29 47 רשע 2 2 1 4 2 620 1
13 combined2 30 74 סוילמאן 1 1 1 4 2 554 1
13 combined2 31 4 אהבה 1 2 1 4 2 608 1
13 combined2 32 11 יהלום 1 2 1 4 2 665 1
13 combined2 33 58 איבתיסאם 1 1 1 4 2 621 1
13 combined2 34 98 דויד 2 1 1 4 2 538 1
13 combined2 35 14 מזל 1 2 1 4 2 534 1
13 combined2 36 96 יפעת 2 1 1 4 2 385 1
13 combined2 37 32 מוות 2 2 1 4 2 343 2
13 combined2 38 9 נאמן 1 2 1 4 2 567 1
13 combined2 39 76 ראינאן 1 1 1 4 2 530 2
13 combined2 40 2 חופש 1 2 1 4 2 517 1
13 combined2 41 18 כבוד 1 2 1 4 2 626 1
13 combined2 42 39 זיהום 2 2 1 4 2 516 1
13 combined2 43 26 התעללות 2 2 1 4 2 567 1
13 combined2 44 55 מדחאת 1 1 1 4 2 589 1
13 combined2 45 97 אהרון 2 1 1 4 2 687 1
13 combined2 46 62 סאמיר 1 1 1 4 2 671 1
13 combined2 47 3 בריאות 1 2 1 4 2 1048 1
13 combined2 48 7 חבר 1 2 1 4 2 563 1
13 combined2 49 22 שמחה 1 2 1 4 2 879 1
13 combined2 50 99 מיטל 2 1 1 4 2 785 1
14 combined2b 1 41 פצצה 2 2 1 4 2 2799 1
14 combined2b 2 69 עאידה 1 1 1 4 2 2178 1
14 combined2b 3 90 עמוס 2 1 1 4 2 810 1
14 combined2b 4 23 צחוק 1 2 1 4 2 721 1
14 combined2b 5 72 עבד 1 1 1 4 2 1716 1
14 combined2b 6 64 סאמיחה 1 1 1 4 2 648 1
14 combined2b 7 80 יובל 2 1 1 4 2 744 1
14 combined2b 8 42 גירושין 2 2 1 4 2 1230 1
14 combined2b 9 31 תאונה 2 2 1 4 2 1266 1
14 combined2b 10 33 אבל 2 2 1 4 2 2163 1
14 combined2b 11 86 נועה 2 1 1 4 2 1578 1
14 combined2b 12 8 כיף 1 2 1 4 2 1038 1
14 combined2b 13 70 תייסיר 1 1 1 4 2 599 1
14 combined2b 14 10 תענוג 1 2 1 4 2 703 2
14 combined2b 15 75 אשראף 1 1 1 4 2 2078 1
14 combined2b 16 36 תקיפה 2 2 1 4 2 760 1
14 combined2b 17 44 עוני 2 2 1 4 2 1028 1
14 combined2b 18 19 נס 1 2 1 4 2 588 1
14 combined2b 19 68 נאדיה 1 1 1 4 2 650 1
14 combined2b 20 95 עידן 2 1 1 4 2 697 1
14 combined2b 21 27 התרסקות 2 2 1 4 2 689 1
14 combined2b 22 15 קשת 1 2 1 4 2 809 1
14 combined2b 23 91 רבקה 2 1 1 4 2 305 1
14 combined2b 24 38 שנאה 2 2 1 4 2 645 1
14 combined2b 25 30 חולי 2 2 1 4 2 890 1
14 combined2b 26 13 כנה 1 2 1 4 2 943 1
14 combined2b 27 83 משה 2 1 1 4 2 630 1
14 combined2b 28 87 נעמה 2 1 1 4 2 1775 1
14 combined2b 29 40 טרגדיה 2 2 1 4 2 635 1
14 combined2b 30 37 אסון 2 2 1 4 2 739 1
14 combined2b 31 48 להרוג 2 2 1 4 2 1000 1
14 combined2b 32 94 עדי 2 1 1 4 2 762 1
14 combined2b 33 28 לכלוך 2 2 1 4 2 1544 2
14 combined2b 34 89 יאיר 2 1 1 4 2 1233 1
14 combined2b 35 82 אבי 2 1 1 4 2 853 1
14 combined2b 36 46 סרטן 2 2 1 4 2 639 1
14 combined2b 37 53 מוחמד 1 1 1 4 2 401 1
14 combined2b 38 12 עדין 1 2 1 4 2 372 2
14 combined2b 39 35 סירחון 2 2 1 4 2 478 1
14 combined2b 40 93 אורן 2 1 1 4 2 505 1
14 combined2b 41 49 רקוב 2 2 1 4 2 865 1
14 combined2b 42 79 רונן 2 1 1 4 2 613 1
14 combined2b 43 17 מתנה 1 2 1 4 2 572 1
14 combined2b 44 100 יוכבד 2 1 1 4 2 447 1
14 combined2b 45 34 רעל 2 2 1 4 2 508 1
14 combined2b 46 81 דני 2 1 1 4 2 576 1
14 combined2b 47 52 לכוד 2 2 1 4 2 593 1
14 combined2b 48 77 סאמירה 1 1 1 4 2 533 1
14 combined2b 49 29 רצח 2 2 1 4 2 616 1
14 combined2b 50 73 סאלים 1 1 1 4 2 528 1
132 122 0
