2 wb 1 46 דויד 2 1 0 4 2 1950 1
2 wb 2 40 שמעון 2 1 0 4 2 1287 1
2 wb 3 3 מדחאת 1 1 0 3 2 1024 1
2 wb 4 15 האדיל 1 1 0 3 2 971 1
2 wb 5 16 נאדיה 1 1 0 3 2 577 1
2 wb 6 25 סאמירה 1 1 0 3 2 422 1
2 wb 7 23 אשראף 1 1 0 3 2 492 1
2 wb 8 1 מוחמד 1 1 0 3 2 352 1
2 wb 9 20 עבד 1 1 0 3 2 765 1
2 wb 10 32 שני 2 1 0 4 2 827 1
2 wb 11 6 איבתיסאם 1 1 0 3 2 646 1
2 wb 12 11 עזיזה 1 1 0 3 2 674 1
2 wb 13 34 נועה 2 1 0 4 2 668 1
2 wb 14 28 יובל 2 1 0 4 2 557 1
2 wb 15 48 יוכבד 2 1 0 4 2 654 1
2 wb 16 39 רבקה 2 1 0 4 2 740 1
2 wb 17 37 יאיר 2 1 0 4 2 495 1
2 wb 18 8 עליאן 1 1 0 3 2 614 1
2 wb 19 47 מיטל 2 1 0 4 2 613 1
2 wb 20 12 סאמיחה 1 1 0 3 2 600 1
2 wb 21 5 מוסא 1 1 0 3 2 1137 1
2 wb 22 49 ישראל 2 1 0 4 2 1368 1
2 wb 23 18 תייסיר 1 1 0 3 2 696 1
2 wb 24 50 יהודה 2 1 0 4 2 944 1
2 wb 25 45 אהרון 2 1 0 4 2 598 1
2 wb 26 33 מאיה 2 1 0 4 2 596 1
2 wb 27 24 ראינאן 1 1 0 3 2 677 1
2 wb 28 10 סאמיר 1 1 0 3 2 582 1
2 wb 29 2 אחמד 1 1 0 3 2 578 1
2 wb 30 41 אורן 2 1 0 4 2 871 1
2 wb 31 35 נעמה 2 1 0 4 2 585 1
2 wb 32 26 יאיר 2 1 0 4 2 638 1
2 wb 33 30 אבי 2 1 0 4 2 647 1
2 wb 34 29 דני 2 1 0 4 2 446 1
2 wb 35 36 ערן 2 1 0 4 2 539 1
2 wb 36 42 עדי 2 1 0 4 2 463 1
2 wb 37 17 עאידה 1 1 0 3 2 609 1
2 wb 38 4 איברהים 1 1 0 3 2 561 1
2 wb 39 13 עביר 1 1 0 3 2 587 1
2 wb 40 38 עמוס 2 1 0 4 2 689 2
2 wb 41 44 יפעת 2 1 0 4 2 1553 1
2 wb 42 14 פאטימה 1 1 0 3 2 674 1
2 wb 43 7 נור 1 1 0 3 2 998 1
2 wb 44 19 ראניה 1 1 0 3 2 528 1
2 wb 45 22 סוילמאן 1 1 0 3 2 419 1
2 wb 46 21 סאלים 1 1 0 3 2 371 1
2 wb 47 27 רונן 2 1 0 4 2 579 1
2 wb 48 31 משה 2 1 0 4 2 556 1
2 wb 49 43 עידן 2 1 0 4 2 455 1
2 wb 50 9 ראפיק 1 1 0 3 2 625 1
3 pu 1 50 קיא 2 2 0 2 2 2664 1
3 pu 2 11 יהלום 1 2 0 1 2 1328 1
3 pu 3 29 רצח 2 2 0 2 2 762 1
3 pu 4 13 כנה 1 2 0 1 2 780 1
3 pu 5 1 ללטף 1 2 0 1 2 856 1
3 pu 6 36 תקיפה 2 2 0 2 2 801 1
3 pu 7 39 זיהום 2 2 0 2 2 626 1
3 pu 8 24 עילאי 1 2 0 1 2 837 1
3 pu 9 42 גירושין 2 2 0 2 2 697 1
3 pu 10 30 חולי 2 2 0 2 2 658 1
3 pu 11 26 התעללות 2 2 0 2 2 595 1
3 pu 12 18 כבוד 1 2 0 1 2 618 1
3 pu 13 31 תאונה 2 2 0 2 2 766 1
3 pu 14 7 חבר 1 2 0 1 2 760 1
3 pu 15 27 התרסקות 2 2 0 2 2 745 1
3 pu 16 23 צחוק 1 2 0 1 2 848 1
3 pu 17 5 שלום 1 2 0 1 2 581 1
3 pu 18 51 צער 2 2 0 2 2 669 1
3 pu 19 38 שנאה 2 2 0 2 2 775 1
3 pu 20 16 הישג 1 2 0 1 2 677 1
3 pu 21 3 בריאות 1 2 0 1 2 723 1
3 pu 22 48 להרוג 2 2 0 2 2 838 1
3 pu 23 8 כיף 1 2 0 1 2 747 1
3 pu 24 21 משפחה 1 2 0 1 2 869 1
3 pu 25 34 רעל 2 2 0 2 2 928 1
3 pu 26 47 רשע 2 2 0 2 2 715 1
3 pu 27 40 טרגדיה 2 2 0 2 2 862 1
3 pu 28 10 תענוג 1 2 0 1 2 652 1
3 pu 29 9 נאמן 1 2 0 1 2 916 1
3 pu 30 49 רקוב 2 2 0 2 2 623 1
3 pu 31 17 מתנה 1 2 0 1 2 748 1
3 pu 32 2 חופש 1 2 0 1 2 737 1
3 pu 33 43 כלא 2 2 0 2 2 577 1
3 pu 34 19 נס 1 2 0 1 2 639 1
3 pu 35 41 פצצה 2 2 0 2 2 688 1
3 pu 36 45 מכוער 2 2 0 2 2 577 1
3 pu 37 35 סירחון 2 2 0 2 2 488 1
3 pu 38 14 מזל 1 2 0 1 2 745 1
3 pu 39 46 סרטן 2 2 0 2 2 800 1
3 pu 40 52 לכוד 2 2 0 2 2 785 1
3 pu 41 32 מוות 2 2 0 2 2 582 1
3 pu 42 37 אסון 2 2 0 2 2 577 1
3 pu 43 12 עדין 1 2 0 1 2 633 1
3 pu 44 25 חופשה 1 2 0 1 2 685 1
3 pu 45 4 אהבה 1 2 0 1 2 461 1
3 pu 46 33 אבל 2 2 0 2 2 885 1
3 pu 47 28 לכלוך 2 2 0 2 2 696 1
3 pu 48 20 זריחה 1 2 0 1 2 674 1
3 pu 49 22 שמחה 1 2 0 1 2 587 1
3 pu 50 6 לעודד 1 2 0 1 2 601 1
4 combined2 1 24 עילאי 1 2 1 1 2 1707 2
4 combined2 2 55 מדחאת 1 1 1 1 2 2594 1
4 combined2 3 58 איבתיסאם 1 1 1 1 2 594 1
4 combined2 4 89 יאיר 2 1 1 1 2 954 1
4 combined2 5 85 מאיה 2 1 1 1 2 989 1
4 combined2 6 20 זריחה 1 2 1 1 2 610 1
4 combined2 7 59 נור 1 1 1 1 2 686 1
4 combined2 8 56 איברהים 1 1 1 1 2 725 1
4 combined2 9 60 עליאן 1 1 1 1 2 967 1
4 combined2 10 10 תענוג 1 2 1 1 2 588 1
4 combined2 11 50 קיא 2 2 1 1 2 779 1
4 combined2 12 33 אבל 2 2 1 1 2 667 1
4 combined2 13 78 יאיר 2 1 1 1 2 583 1
4 combined2 14 1 ללטף 1 2 1 1 2 631 1
4 combined2 15 32 מוות 2 2 1 1 2 672 1
4 combined2 16 54 אחמד 1 1 1 1 2 504 1
4 combined2 17 76 ראינאן 1 1 1 1 2 586 1
4 combined2 18 71 ראניה 1 1 1 1 2 399 1
4 combined2 19 87 נעמה 2 1 1 1 2 597 1
4 combined2 20 70 תייסיר 1 1 1 1 2 654 1
4 combined2 21 21 משפחה 1 2 1 1 2 486 1
4 combined2 22 96 יפעת 2 1 1 1 2 549 1
4 combined2 23 95 עידן 2 1 1 1 2 400 1
4 combined2 24 7 חבר 1 2 1 1 2 358 1
4 combined2 25 51 צער 2 2 1 1 2 549 1
4 combined2 26 49 רקוב 2 2 1 1 2 520 1
4 combined2 27 94 עדי 2 1 1 1 2 562 1
4 combined2 28 65 עביר 1 1 1 1 2 582 1
4 combined2 29 31 תאונה 2 2 1 1 2 456 1
4 combined2 30 3 בריאות 1 2 1 1 2 518 1
4 combined2 31 91 רבקה 2 1 1 1 2 480 2
4 combined2 32 83 משה 2 1 1 1 2 1055 1
4 combined2 33 39 זיהום 2 2 1 1 2 482 1
4 combined2 34 40 טרגדיה 2 2 1 1 2 548 1
4 combined2 35 97 אהרון 2 1 1 1 2 606 1
4 combined2 36 18 כבוד 1 2 1 1 2 519 1
4 combined2 37 15 קשת 1 2 1 1 2 553 1
4 combined2 38 79 רונן 2 1 1 1 2 486 1
4 combined2 39 36 תקיפה 2 2 1 1 2 533 1
4 combined2 40 93 אורן 2 1 1 1 2 635 1
4 combined2 41 14 מזל 1 2 1 1 2 1045 1
4 combined2 42 11 יהלום 1 2 1 1 2 592 1
4 combined2 43 80 יובל 2 1 1 1 2 440 1
4 combined2 44 62 סאמיר 1 1 1 1 2 596 1
4 combined2 45 47 רשע 2 2 1 1 2 594 1
4 combined2 46 8 כיף 1 2 1 1 2 444 1
4 combined2 47 64 סאמיחה 1 1 1 1 2 576 1
4 combined2 48 2 חופש 1 2 1 1 2 593 1
4 combined2 49 48 להרוג 2 2 1 1 2 496 1
4 combined2 50 68 נאדיה 1 1 1 1 2 633 1
5 combined2b 1 57 מוסא 1 1 1 1 2 933 1
5 combined2b 2 46 סרטן 2 2 1 1 2 1179 1
5 combined2b 3 17 מתנה 1 2 1 1 2 3147 1
5 combined2b 4 92 שמעון 2 1 1 1 2 972 1
5 combined2b 5 63 עזיזה 1 1 1 1 2 923 1
5 combined2b 6 75 אשראף 1 1 1 1 2 577 1
5 combined2b 7 6 לעודד 1 2 1 1 2 594 1
5 combined2b 8 12 עדין 1 2 1 1 2 536 1
5 combined2b 9 23 צחוק 1 2 1 1 2 416 1
5 combined2b 10 27 התרסקות 2 2 1 1 2 755 1
5 combined2b 11 37 אסון 2 2 1 1 2 792 1
5 combined2b 12 41 פצצה 2 2 1 1 2 515 1
5 combined2b 13 72 עבד 1 1 1 1 2 518 1
5 combined2b 14 4 אהבה 1 2 1 1 2 541 1
5 combined2b 15 82 אבי 2 1 1 1 2 699 1
5 combined2b 16 22 שמחה 1 2 1 1 2 471 1
5 combined2b 17 67 האדיל 1 1 1 1 2 606 1
5 combined2b 18 28 לכלוך 2 2 1 1 2 476 1
5 combined2b 19 43 כלא 2 2 1 1 2 472 1
5 combined2b 20 86 נועה 2 1 1 1 2 549 1
5 combined2b 21 29 רצח 2 2 1 1 2 479 1
5 combined2b 22 84 שני 2 1 1 1 2 580 1
5 combined2b 23 38 שנאה 2 2 1 1 2 480 1
5 combined2b 24 5 שלום 1 2 1 1 2 523 1
5 combined2b 25 42 גירושין 2 2 1 1 2 436 1
5 combined2b 26 9 נאמן 1 2 1 1 2 562 1
5 combined2b 27 13 כנה 1 2 1 1 2 519 1
5 combined2b 28 30 חולי 2 2 1 1 2 587 1
5 combined2b 29 99 מיטל 2 1 1 1 2 546 1
5 combined2b 30 90 עמוס 2 1 1 1 2 569 1
5 combined2b 31 16 הישג 1 2 1 1 2 602 1
5 combined2b 32 61 ראפיק 1 1 1 1 2 591 1
5 combined2b 33 45 מכוער 2 2 1 1 2 476 1
5 combined2b 34 74 סוילמאן 1 1 1 1 2 397 1
5 combined2b 35 44 עוני 2 2 1 1 2 427 1
5 combined2b 36 26 התעללות 2 2 1 1 2 514 1
5 combined2b 37 25 חופשה 1 2 1 1 2 536 1
5 combined2b 38 100 יוכבד 2 1 1 1 2 575 1
5 combined2b 39 69 עאידה 1 1 1 1 2 514 1
5 combined2b 40 19 נס 1 2 1 1 2 475 1
5 combined2b 41 77 סאמירה 1 1 1 1 2 477 1
5 combined2b 42 73 סאלים 1 1 1 1 2 506 1
5 combined2b 43 88 ערן 2 1 1 1 2 499 1
5 combined2b 44 53 מוחמד 1 1 1 1 2 429 1
5 combined2b 45 34 רעל 2 2 1 1 2 585 1
5 combined2b 46 52 לכוד 2 2 1 1 2 523 1
5 combined2b 47 81 דני 2 1 1 1 2 514 1
5 combined2b 48 35 סירחון 2 2 1 1 2 509 1
5 combined2b 49 98 דויד 2 1 1 1 2 578 1
5 combined2b 50 66 פאטימה 1 1 1 1 2 415 1
6 bw 1 11 עזיזה 1 1 0 3 1 1145 1
6 bw 2 13 עביר 1 1 0 3 1 596 1
6 bw 3 9 ראפיק 1 1 0 3 1 537 1
6 bw 4 47 מיטל 2 1 0 4 1 613 1
6 bw 5 42 עדי 2 1 0 4 1 573 1
6 bw 6 16 נאדיה 1 1 0 3 1 590 1
6 bw 7 49 ישראל 2 1 0 4 1 597 1
6 bw 8 2 אחמד 1 1 0 3 1 540 1
6 bw 9 26 יאיר 2 1 0 4 1 521 1
6 bw 10 39 רבקה 2 1 0 4 1 692 2
6 bw 11 5 מוסא 1 1 0 3 1 1219 2
6 bw 12 33 מאיה 2 1 0 4 1 687 1
6 bw 13 34 נועה 2 1 0 4 1 439 1
6 bw 14 21 סאלים 1 1 0 3 1 514 1
6 bw 15 7 נור 1 1 0 3 1 728 1
6 bw 16 50 יהודה 2 1 0 4 1 596 1
6 bw 17 3 מדחאת 1 1 0 3 1 554 1
6 bw 18 10 סאמיר 1 1 0 3 1 427 1
6 bw 19 45 אהרון 2 1 0 4 1 476 1
6 bw 20 37 יאיר 2 1 0 4 1 419 1
6 bw 21 23 אשראף 1 1 0 3 1 492 1
6 bw 22 30 אבי 2 1 0 4 1 837 1
6 bw 23 28 יובל 2 1 0 4 1 498 1
6 bw 24 22 סוילמאן 1 1 0 3 1 470 1
6 bw 25 25 סאמירה 1 1 0 3 1 446 1
6 bw 26 29 דני 2 1 0 4 1 547 1
6 bw 27 48 יוכבד 2 1 0 4 1 746 1
6 bw 28 27 רונן 2 1 0 4 1 501 1
6 bw 29 20 עבד 1 1 0 3 1 441 2
6 bw 30 38 עמוס 2 1 0 4 1 308 2
6 bw 31 40 שמעון 2 1 0 4 1 1063 1
6 bw 32 1 מוחמד 1 1 0 3 1 701 1
6 bw 33 18 תייסיר 1 1 0 3 1 544 1
6 bw 34 44 יפעת 2 1 0 4 1 856 1
6 bw 35 19 ראניה 1 1 0 3 1 721 1
6 bw 36 6 איבתיסאם 1 1 0 3 1 496 1
6 bw 37 31 משה 2 1 0 4 1 538 1
6 bw 38 17 עאידה 1 1 0 3 1 482 1
6 bw 39 43 עידן 2 1 0 4 1 521 1
6 bw 40 15 האדיל 1 1 0 3 1 547 1
6 bw 41 32 שני 2 1 0 4 1 589 1
6 bw 42 4 איברהים 1 1 0 3 1 598 1
6 bw 43 41 אורן 2 1 0 4 1 545 1
6 bw 44 35 נעמה 2 1 0 4 1 517 1
6 bw 45 14 פאטימה 1 1 0 3 1 524 1
6 bw 46 46 דויד 2 1 0 4 1 385 1
6 bw 47 36 ערן 2 1 0 4 1 640 1
6 bw 48 8 עליאן 1 1 0 3 1 508 2
6 bw 49 12 סאמיחה 1 1 0 3 1 196 1
6 bw 50 24 ראינאן 1 1 0 3 1 495 1
7 combined1 1 20 זריחה 1 2 2 3 1 2998 1
7 combined1 2 77 סאמירה 1 1 2 3 1 1155 1
7 combined1 3 74 סוילמאן 1 1 2 3 1 457 1
7 combined1 4 79 רונן 2 1 2 3 1 499 1
7 combined1 5 43 כלא 2 2 2 3 1 821 1
7 combined1 6 90 עמוס 2 1 2 3 1 972 1
7 combined1 7 61 ראפיק 1 1 2 3 1 920 1
7 combined1 8 30 חולי 2 2 2 3 1 835 1
7 combined1 9 75 אשראף 1 1 2 3 1 1165 1
7 combined1 10 66 פאטימה 1 1 2 3 1 619 1
7 combined1 11 24 עילאי 1 2 2 3 1 620 2
7 combined1 12 80 יובל 2 1 2 3 1 2068 1
7 combined1 13 35 סירחון 2 2 2 3 1 2413 1
7 combined1 14 5 שלום 1 2 2 3 1 2551 1
7 combined1 15 73 סאלים 1 1 2 3 1 737 1
7 combined1 16 97 אהרון 2 1 2 3 1 741 1
7 combined1 17 7 חבר 1 2 2 3 1 1277 1
7 combined1 18 71 ראניה 1 1 2 3 1 901 1
7 combined1 19 48 להרוג 2 2 2 3 1 1714 1
7 combined1 20 83 משה 2 1 2 3 1 1996 1
7 combined1 21 89 יאיר 2 1 2 3 1 506 1
7 combined1 22 32 מוות 2 2 2 3 1 895 1
7 combined1 23 99 מיטל 2 1 2 3 1 741 1
7 combined1 24 2 חופש 1 2 2 3 1 554 2
7 combined1 25 44 עוני 2 2 2 3 1 1430 1
7 combined1 26 46 סרטן 2 2 2 3 1 1045 1
7 combined1 27 31 תאונה 2 2 2 3 1 968 1
7 combined1 28 39 זיהום 2 2 2 3 1 600 1
7 combined1 29 40 טרגדיה 2 2 2 3 1 606 1
7 combined1 30 57 מוסא 1 1 2 3 1 452 2
7 combined1 31 33 אבל 2 2 2 3 1 1233 1
7 combined1 32 42 גירושין 2 2 2 3 1 751 1
7 combined1 33 76 ראינאן 1 1 2 3 1 900 1
7 combined1 34 72 עבד 1 1 2 3 1 490 1
7 combined1 35 62 סאמיר 1 1 2 3 1 455 1
7 combined1 36 34 רעל 2 2 2 3 1 1213 1
7 combined1 37 53 מוחמד 1 1 2 3 1 685 1
7 combined1 38 82 אבי 2 1 2 3 1 771 1
7 combined1 39 25 חופשה 1 2 2 3 1 993 1
7 combined1 40 95 עידן 2 1 2 3 1 1212 1
7 combined1 41 50 קיא 2 2 2 3 1 781 1
7 combined1 42 65 עביר 1 1 2 3 1 805 1
7 combined1 43 86 נועה 2 1 2 3 1 1168 1
7 combined1 44 85 מאיה 2 1 2 3 1 529 1
7 combined1 45 93 אורן 2 1 2 3 1 567 1
7 combined1 46 68 נאדיה 1 1 2 3 1 1038 1
7 combined1 47 60 עליאן 1 1 2 3 1 601 1
7 combined1 48 64 סאמיחה 1 1 2 3 1 510 1
7 combined1 49 91 רבקה 2 1 2 3 1 1093 1
7 combined1 50 81 דני 2 1 2 3 1 545 1
8 combined1b 1 4 אהבה 1 2 2 3 1 2094 1
8 combined1b 2 87 נעמה 2 1 2 3 1 706 1
8 combined1b 3 70 תייסיר 1 1 2 3 1 796 1
8 combined1b 4 9 נאמן 1 2 2 3 1 1172 1
8 combined1b 5 96 יפעת 2 1 2 3 1 671 2
8 combined1b 6 13 כנה 1 2 2 3 1 995 1
8 combined1b 7 19 נס 1 2 2 3 1 491 1
8 combined1b 8 94 עדי 2 1 2 3 1 718 1
8 combined1b 9 15 קשת 1 2 2 3 1 676 1
8 combined1b 10 21 משפחה 1 2 2 3 1 1085 1
8 combined1b 11 56 איברהים 1 1 2 3 1 693 1
8 combined1b 12 59 נור 1 1 2 3 1 551 1
8 combined1b 13 78 יאיר 2 1 2 3 1 646 1
8 combined1b 14 58 איבתיסאם 1 1 2 3 1 1478 1
8 combined1b 15 47 רשע 2 2 2 3 1 991 1
8 combined1b 16 51 צער 2 2 2 3 1 566 1
8 combined1b 17 14 מזל 1 2 2 3 1 744 1
8 combined1b 18 36 תקיפה 2 2 2 3 1 734 1
8 combined1b 19 38 שנאה 2 2 2 3 1 1011 1
8 combined1b 20 11 יהלום 1 2 2 3 1 580 1
8 combined1b 21 26 התעללות 2 2 2 3 1 667 1
8 combined1b 22 63 עזיזה 1 1 2 3 1 721 1
8 combined1b 23 18 כבוד 1 2 2 3 1 589 2
8 combined1b 24 67 האדיל 1 1 2 3 1 989 1
8 combined1b 25 88 ערן 2 1 2 3 1 770 1
8 combined1b 26 54 אחמד 1 1 2 3 1 669 1
8 combined1b 27 100 יוכבד 2 1 2 3 1 836 1
8 combined1b 28 16 הישג 1 2 2 3 1 808 1
8 combined1b 29 6 לעודד 1 2 2 3 1 588 1
8 combined1b 30 23 צחוק 1 2 2 3 1 373 1
8 combined1b 31 37 אסון 2 2 2 3 1 535 1
8 combined1b 32 55 מדחאת 1 1 2 3 1 763 1
8 combined1b 33 10 תענוג 1 2 2 3 1 851 1
8 combined1b 34 84 שני 2 1 2 3 1 440 2
8 combined1b 35 28 לכלוך 2 2 2 3 1 1076 1
8 combined1b 36 49 רקוב 2 2 2 3 1 474 1
8 combined1b 37 3 בריאות 1 2 2 3 1 491 1
8 combined1b 38 8 כיף 1 2 2 3 1 540 1
8 combined1b 39 41 פצצה 2 2 2 3 1 715 1
8 combined1b 40 27 התרסקות 2 2 2 3 1 708 1
8 combined1b 41 12 עדין 1 2 2 3 1 1787 1
8 combined1b 42 29 רצח 2 2 2 3 1 900 1
8 combined1b 43 22 שמחה 1 2 2 3 1 613 1
8 combined1b 44 92 שמעון 2 1 2 3 1 695 1
8 combined1b 45 52 לכוד 2 2 2 3 1 794 1
8 combined1b 46 45 מכוער 2 2 2 3 1 554 1
8 combined1b 47 17 מתנה 1 2 2 3 1 1465 1
8 combined1b 48 69 עאידה 1 1 2 3 1 653 1
8 combined1b 49 1 ללטף 1 2 2 3 1 1265 1
8 combined1b 50 98 דויד 2 1 2 3 1 815 1
9 bw 1 38 עמוס 2 1 0 4 1 995 1
9 bw 2 26 יאיר 2 1 0 4 1 681 1
9 bw 3 35 נעמה 2 1 0 4 1 753 1
9 bw 4 9 ראפיק 1 1 0 3 1 560 1
9 bw 5 2 אחמד 1 1 0 3 1 739 1
9 bw 6 46 דויד 2 1 0 4 1 588 1
9 bw 7 25 סאמירה 1 1 0 3 1 558 1
9 bw 8 47 מיטל 2 1 0 4 1 580 1
9 bw 9 36 ערן 2 1 0 4 1 491 1
9 bw 10 14 פאטימה 1 1 0 3 1 492 1
9 bw 11 30 אבי 2 1 0 4 1 419 1
9 bw 12 45 אהרון 2 1 0 4 1 357 1
9 bw 13 44 יפעת 2 1 0 4 1 412 1
9 bw 14 15 האדיל 1 1 0 3 1 372 2
9 bw 15 50 יהודה 2 1 0 4 1 468 1
9 bw 16 42 עדי 2 1 0 4 1 440 1
9 bw 17 37 יאיר 2 1 0 4 1 337 1
9 bw 18 4 איברהים 1 1 0 3 1 416 1
9 bw 19 18 תייסיר 1 1 0 3 1 481 1
9 bw 20 19 ראניה 1 1 0 3 1 350 1
9 bw 21 32 שני 2 1 0 4 1 496 1
9 bw 22 5 מוסא 1 1 0 3 1 527 1
9 bw 23 31 משה 2 1 0 4 1 449 1
9 bw 24 48 יוכבד 2 1 0 4 1 555 1
9 bw 25 12 סאמיחה 1 1 0 3 1 550 1
9 bw 26 29 דני 2 1 0 4 1 429 1
9 bw 27 40 שמעון 2 1 0 4 1 480 2
9 bw 28 13 עביר 1 1 0 3 1 599 1
9 bw 29 24 ראינאן 1 1 0 3 1 453 1
9 bw 30 39 רבקה 2 1 0 4 1 542 1
9 bw 31 34 נועה 2 1 0 4 1 432 1
9 bw 32 27 רונן 2 1 0 4 1 382 1
9 bw 33 3 מדחאת 1 1 0 3 1 569 1
9 bw 34 21 סאלים 1 1 0 3 1 421 1
9 bw 35 20 עבד 1 1 0 3 1 557 1
9 bw 36 6 איבתיסאם 1 1 0 3 1 421 1
9 bw 37 16 נאדיה 1 1 0 3 1 474 1
9 bw 38 43 עידן 2 1 0 4 1 576 1
9 bw 39 17 עאידה 1 1 0 3 1 499 1
9 bw 40 49 ישראל 2 1 0 4 1 590 1
9 bw 41 41 אורן 2 1 0 4 1 495 1
9 bw 42 33 מאיה 2 1 0 4 1 602 1
9 bw 43 28 יובל 2 1 0 4 1 423 1
9 bw 44 23 אשראף 1 1 0 3 1 510 1
9 bw 45 10 סאמיר 1 1 0 3 1 511 1
9 bw 46 7 נור 1 1 0 3 1 789 1
9 bw 47 1 מוחמד 1 1 0 3 1 420 1
9 bw 48 8 עליאן 1 1 0 3 1 320 1
9 bw 49 22 סוילמאן 1 1 0 3 1 410 1
9 bw 50 11 עזיזה 1 1 0 3 1 369 1
10 combined1 1 5 שלום 1 2 2 3 1 1896 1
10 combined1 2 91 רבקה 2 1 2 3 1 730 1
10 combined1 3 58 איבתיסאם 1 1 2 3 1 683 1
10 combined1 4 60 עליאן 1 1 2 3 1 473 1
10 combined1 5 7 חבר 1 2 2 3 1 1038 1
10 combined1 6 43 כלא 2 2 2 3 1 702 1
10 combined1 7 22 שמחה 1 2 2 3 1 551 1
10 combined1 8 72 עבד 1 1 2 3 1 1135 1
10 combined1 9 62 סאמיר 1 1 2 3 1 646 1
10 combined1 10 52 לכוד 2 2 2 3 1 766 1
10 combined1 11 95 עידן 2 1 2 3 1 773 1
10 combined1 12 86 נועה 2 1 2 3 1 554 1
10 combined1 13 25 חופשה 1 2 2 3 1 441 2
10 combined1 14 84 שני 2 1 2 3 1 2109 1
10 combined1 15 76 ראינאן 1 1 2 3 1 680 1
10 combined1 16 79 רונן 2 1 2 3 1 648 1
10 combined1 17 12 עדין 1 2 2 3 1 1862 1
10 combined1 18 39 זיהום 2 2 2 3 1 1473 1
10 combined1 19 27 התרסקות 2 2 2 3 1 1292 1
10 combined1 20 97 אהרון 2 1 2 3 1 644 1
10 combined1 21 74 סוילמאן 1 1 2 3 1 571 1
10 combined1 22 51 צער 2 2 2 3 1 877 1
10 combined1 23 61 ראפיק 1 1 2 3 1 815 1
10 combined1 24 49 רקוב 2 2 2 3 1 502 2
10 combined1 25 94 עדי 2 1 2 3 1 1290 2
10 combined1 26 29 רצח 2 2 2 3 1 1675 1
10 combined1 27 68 נאדיה 1 1 2 3 1 896 1
10 combined1 28 77 סאמירה 1 1 2 3 1 551 1
10 combined1 29 23 צחוק 1 2 2 3 1 570 2
10 combined1 30 88 ערן 2 1 2 3 1 1096 1
10 combined1 31 3 בריאות 1 2 2 3 1 709 1
10 combined1 32 83 משה 2 1 2 3 1 474 2
10 combined1 33 85 מאיה 2 1 2 3 1 1015 1
10 combined1 34 82 אבי 2 1 2 3 1 555 1
10 combined1 35 30 חולי 2 2 2 3 1 610 2
10 combined1 36 53 מוחמד 1 1 2 3 1 781 1
10 combined1 37 45 מכוער 2 2 2 3 1 477 2
10 combined1 38 28 לכלוך 2 2 2 3 1 672 1
10 combined1 39 44 עוני 2 2 2 3 1 1234 1
10 combined1 40 8 כיף 1 2 2 3 1 981 1
10 combined1 41 75 אשראף 1 1 2 3 1 709 1
10 combined1 42 31 תאונה 2 2 2 3 1 1095 1
10 combined1 43 35 סירחון 2 2 2 3 1 522 1
10 combined1 44 36 תקיפה 2 2 2 3 1 557 1
10 combined1 45 11 יהלום 1 2 2 3 1 613 1
10 combined1 46 87 נעמה 2 1 2 3 1 753 1
10 combined1 47 33 אבל 2 2 2 3 1 1399 1
10 combined1 48 50 קיא 2 2 2 3 1 550 1
10 combined1 49 10 תענוג 1 2 2 3 1 600 1
10 combined1 50 32 מוות 2 2 2 3 1 653 1
11 combined1b 1 63 עזיזה 1 1 2 3 1 1069 1
11 combined1b 2 48 להרוג 2 2 2 3 1 856 1
11 combined1b 3 40 טרגדיה 2 2 2 3 1 476 1
11 combined1b 4 80 יובל 2 1 2 3 1 600 1
11 combined1b 5 37 אסון 2 2 2 3 1 971 1
11 combined1b 6 69 עאידה 1 1 2 3 1 599 1
11 combined1b 7 14 מזל 1 2 2 3 1 1504 1
11 combined1b 8 90 עמוס 2 1 2 3 1 1338 1
11 combined1b 9 65 עביר 1 1 2 3 1 1369 1
11 combined1b 10 93 אורן 2 1 2 3 1 739 1
11 combined1b 11 19 נס 1 2 2 3 1 965 1
11 combined1b 12 59 נור 1 1 2 3 1 770 1
11 combined1b 13 1 ללטף 1 2 2 3 1 1154 1
11 combined1b 14 24 עילאי 1 2 2 3 1 994 2
11 combined1b 15 89 יאיר 2 1 2 3 1 1046 1
11 combined1b 16 81 דני 2 1 2 3 1 605 1
11 combined1b 17 16 הישג 1 2 2 3 1 1003 1
11 combined1b 18 42 גירושין 2 2 2 3 1 702 1
11 combined1b 19 57 מוסא 1 1 2 3 1 1994 1
11 combined1b 20 55 מדחאת 1 1 2 3 1 604 1
11 combined1b 21 56 איברהים 1 1 2 3 1 482 1
11 combined1b 22 13 כנה 1 2 2 3 1 1444 1
11 combined1b 23 54 אחמד 1 1 2 3 1 914 1
11 combined1b 24 21 משפחה 1 2 2 3 1 1066 1
11 combined1b 25 66 פאטימה 1 1 2 3 1 1636 1
11 combined1b 26 6 לעודד 1 2 2 3 1 1780 1
11 combined1b 27 100 יוכבד 2 1 2 3 1 760 1
11 combined1b 28 92 שמעון 2 1 2 3 1 695 1
11 combined1b 29 20 זריחה 1 2 2 3 1 893 1
11 combined1b 30 98 דויד 2 1 2 3 1 778 1
11 combined1b 31 4 אהבה 1 2 2 3 1 941 1
11 combined1b 32 70 תייסיר 1 1 2 3 1 867 1
11 combined1b 33 46 סרטן 2 2 2 3 1 820 1
11 combined1b 34 2 חופש 1 2 2 3 1 867 1
11 combined1b 35 41 פצצה 2 2 2 3 1 927 1
11 combined1b 36 34 רעל 2 2 2 3 1 712 1
11 combined1b 37 64 סאמיחה 1 1 2 3 1 931 1
11 combined1b 38 26 התעללות 2 2 2 3 1 1716 1
11 combined1b 39 15 קשת 1 2 2 3 1 886 1
11 combined1b 40 47 רשע 2 2 2 3 1 1976 1
11 combined1b 41 78 יאיר 2 1 2 3 1 762 1
11 combined1b 42 67 האדיל 1 1 2 3 1 713 1
11 combined1b 43 73 סאלים 1 1 2 3 1 560 1
11 combined1b 44 18 כבוד 1 2 2 3 1 1274 1
11 combined1b 45 38 שנאה 2 2 2 3 1 617 1
11 combined1b 46 9 נאמן 1 2 2 3 1 698 1
11 combined1b 47 17 מתנה 1 2 2 3 1 1232 1
11 combined1b 48 99 מיטל 2 1 2 3 1 885 1
11 combined1b 49 96 יפעת 2 1 2 3 1 418 1
11 combined1b 50 71 ראניה 1 1 2 3 1 318 2
12 wb 1 39 רבקה 2 1 0 4 2 1762 1
12 wb 2 9 ראפיק 1 1 0 3 2 628 1
12 wb 3 10 סאמיר 1 1 0 3 2 529 1
12 wb 4 5 מוסא 1 1 0 3 2 450 1
12 wb 5 18 תייסיר 1 1 0 3 2 436 1
12 wb 6 50 יהודה 2 1 0 4 2 406 1
12 wb 7 42 עדי 2 1 0 4 2 499 1
12 wb 8 35 נעמה 2 1 0 4 2 417 1
12 wb 9 11 עזיזה 1 1 0 3 2 594 1
12 wb 10 1 מוחמד 1 1 0 3 2 623 1
12 wb 11 48 יוכבד 2 1 0 4 2 964 1
12 wb 12 36 ערן 2 1 0 4 2 808 1
12 wb 13 12 סאמיחה 1 1 0 3 2 512 1
12 wb 14 24 ראינאן 1 1 0 3 2 473 1
12 wb 15 17 עאידה 1 1 0 3 2 484 1
12 wb 16 34 נועה 2 1 0 4 2 597 1
12 wb 17 33 מאיה 2 1 0 4 2 732 1
12 wb 18 14 פאטימה 1 1 0 3 2 696 1
12 wb 19 21 סאלים 1 1 0 3 2 718 1
12 wb 20 16 נאדיה 1 1 0 3 2 457 1
12 wb 21 32 שני 2 1 0 4 2 254 2
12 wb 22 13 עביר 1 1 0 3 2 672 1
12 wb 23 4 איברהים 1 1 0 3 2 483 1
12 wb 24 46 דויד 2 1 0 4 2 446 2
12 wb 25 26 יאיר 2 1 0 4 2 743 1
12 wb 26 40 שמעון 2 1 0 4 2 379 1
12 wb 27 49 ישראל 2 1 0 4 2 346 1
12 wb 28 22 סוילמאן 1 1 0 3 2 296 2
12 wb 29 41 אורן 2 1 0 4 2 717 1
12 wb 30 44 יפעת 2 1 0 4 2 384 1
12 wb 31 23 אשראף 1 1 0 3 2 538 1
12 wb 32 28 יובל 2 1 0 4 2 447 1
12 wb 33 6 איבתיסאם 1 1 0 3 2 465 1
12 wb 34 47 מיטל 2 1 0 4 2 586 1
12 wb 35 30 אבי 2 1 0 4 2 469 1
12 wb 36 15 האדיל 1 1 0 3 2 747 1
12 wb 37 8 עליאן 1 1 0 3 2 773 1
12 wb 38 25 סאמירה 1 1 0 3 2 540 1
12 wb 39 31 משה 2 1 0 4 2 502 1
12 wb 40 20 עבד 1 1 0 3 2 367 2
12 wb 41 45 אהרון 2 1 0 4 2 682 1
12 wb 42 37 יאיר 2 1 0 4 2 476 1
12 wb 43 3 מדחאת 1 1 0 3 2 622 1
12 wb 44 27 רונן 2 1 0 4 2 590 1
12 wb 45 29 דני 2 1 0 4 2 478 1
12 wb 46 19 ראניה 1 1 0 3 2 492 1
12 wb 47 38 עמוס 2 1 0 4 2 535 1
12 wb 48 7 נור 1 1 0 3 2 556 1
12 wb 49 2 אחמד 1 1 0 3 2 425 1
12 wb 50 43 עידן 2 1 0 4 2 528 1
13 combined2 1 74 סוילמאן 1 1 1 4 2 1018 1
13 combined2 2 89 יאיר 2 1 1 4 2 1148 1
13 combined2 3 72 עבד 1 1 1 4 2 843 1
13 combined2 4 61 ראפיק 1 1 1 4 2 483 1
13 combined2 5 57 מוסא 1 1 1 4 2 442 1
13 combined2 6 79 רונן 2 1 1 4 2 486 1
13 combined2 7 43 כלא 2 2 1 4 2 1362 1
13 combined2 8 96 יפעת 2 1 1 4 2 579 1
13 combined2 9 88 ערן 2 1 1 4 2 562 1
13 combined2 10 52 לכוד 2 2 1 4 2 803 1
13 combined2 11 86 נועה 2 1 1 4 2 579 1
13 combined2 12 64 סאמיחה 1 1 1 4 2 425 1
13 combined2 13 28 לכלוך 2 2 1 4 2 465 1
13 combined2 14 78 יאיר 2 1 1 4 2 486 1
13 combined2 15 31 תאונה 2 2 1 4 2 535 1
13 combined2 16 70 תייסיר 1 1 1 4 2 587 1
13 combined2 17 87 נעמה 2 1 1 4 2 553 1
13 combined2 18 29 רצח 2 2 1 4 2 625 1
13 combined2 19 59 נור 1 1 1 4 2 801 1
13 combined2 20 42 גירושין 2 2 1 4 2 525 1
13 combined2 21 60 עליאן 1 1 1 4 2 515 1
13 combined2 22 50 קיא 2 2 1 4 2 522 1
13 combined2 23 48 להרוג 2 2 1 4 2 493 1
13 combined2 24 77 סאמירה 1 1 1 4 2 445 1
13 combined2 25 9 נאמן 1 2 1 4 2 400 2
13 combined2 26 23 צחוק 1 2 1 4 2 942 1
13 combined2 27 99 מיטל 2 1 1 4 2 672 1
13 combined2 28 2 חופש 1 2 1 4 2 384 1
13 combined2 29 3 בריאות 1 2 1 4 2 369 1
13 combined2 30 98 דויד 2 1 1 4 2 429 1
13 combined2 31 69 עאידה 1 1 1 4 2 549 1
13 combined2 32 55 מדחאת 1 1 1 4 2 582 1
13 combined2 33 19 נס 1 2 1 4 2 487 1
13 combined2 34 30 חולי 2 2 1 4 2 969 1
13 combined2 35 95 עידן 2 1 1 4 2 637 1
13 combined2 36 75 אשראף 1 1 1 4 2 458 1
13 combined2 37 15 קשת 1 2 1 4 2 533 1
13 combined2 38 100 יוכבד 2 1 1 4 2 550 1
13 combined2 39 14 מזל 1 2 1 4 2 414 1
13 combined2 40 83 משה 2 1 1 4 2 339 1
13 combined2 41 7 חבר 1 2 1 4 2 332 1
13 combined2 42 65 עביר 1 1 1 4 2 600 1
13 combined2 43 11 יהלום 1 2 1 4 2 793 1
13 combined2 44 39 זיהום 2 2 1 4 2 612 1
13 combined2 45 91 רבקה 2 1 1 4 2 551 1
13 combined2 46 18 כבוד 1 2 1 4 2 474 1
13 combined2 47 32 מוות 2 2 1 4 2 528 2
13 combined2 48 37 אסון 2 2 1 4 2 562 1
13 combined2 49 38 שנאה 2 2 1 4 2 482 1
13 combined2 50 22 שמחה 1 2 1 4 2 550 1
14 combined2b 1 33 אבל 2 2 1 4 2 2092 1
14 combined2b 2 49 רקוב 2 2 1 4 2 1046 1
14 combined2b 3 82 אבי 2 1 1 4 2 697 1
14 combined2b 4 53 מוחמד 1 1 1 4 2 853 1
14 combined2b 5 1 ללטף 1 2 1 4 2 694 1
14 combined2b 6 76 ראינאן 1 1 1 4 2 499 1
14 combined2b 7 68 נאדיה 1 1 1 4 2 395 1
14 combined2b 8 47 רשע 2 2 1 4 2 410 1
14 combined2b 9 25 חופשה 1 2 1 4 2 534 1
14 combined2b 10 10 תענוג 1 2 1 4 2 580 1
14 combined2b 11 34 רעל 2 2 1 4 2 559 1
14 combined2b 12 62 סאמיר 1 1 1 4 2 626 1
14 combined2b 13 84 שני 2 1 1 4 2 790 1
14 combined2b 14 63 עזיזה 1 1 1 4 2 500 1
14 combined2b 15 94 עדי 2 1 1 4 2 675 1
14 combined2b 16 5 שלום 1 2 1 4 2 394 1
14 combined2b 17 97 אהרון 2 1 1 4 2 1685 1
14 combined2b 18 66 פאטימה 1 1 1 4 2 2130 1
14 combined2b 19 8 כיף 1 2 1 4 2 636 1
14 combined2b 20 16 הישג 1 2 1 4 2 573 1
14 combined2b 21 26 התעללות 2 2 1 4 2 798 1
14 combined2b 22 20 זריחה 1 2 1 4 2 1363 1
14 combined2b 23 41 פצצה 2 2 1 4 2 923 1
14 combined2b 24 24 עילאי 1 2 1 4 2 959 1
14 combined2b 25 12 עדין 1 2 1 4 2 744 1
14 combined2b 26 4 אהבה 1 2 1 4 2 2019 1
14 combined2b 27 67 האדיל 1 1 1 4 2 590 1
14 combined2b 28 45 מכוער 2 2 1 4 2 522 1
14 combined2b 29 6 לעודד 1 2 1 4 2 555 1
14 combined2b 30 71 ראניה 1 1 1 4 2 589 1
14 combined2b 31 81 דני 2 1 1 4 2 426 2
14 combined2b 32 73 סאלים 1 1 1 4 2 539 1
14 combined2b 33 17 מתנה 1 2 1 4 2 518 1
14 combined2b 34 90 עמוס 2 1 1 4 2 497 1
14 combined2b 35 21 משפחה 1 2 1 4 2 988 1
14 combined2b 36 93 אורן 2 1 1 4 2 486 1
14 combined2b 37 58 איבתיסאם 1 1 1 4 2 544 1
14 combined2b 38 80 יובל 2 1 1 4 2 541 1
14 combined2b 39 13 כנה 1 2 1 4 2 559 1
14 combined2b 40 44 עוני 2 2 1 4 2 606 1
14 combined2b 41 27 התרסקות 2 2 1 4 2 483 1
14 combined2b 42 56 איברהים 1 1 1 4 2 556 1
14 combined2b 43 40 טרגדיה 2 2 1 4 2 382 1
14 combined2b 44 35 סירחון 2 2 1 4 2 400 1
14 combined2b 45 92 שמעון 2 1 1 4 2 525 1
14 combined2b 46 36 תקיפה 2 2 1 4 2 711 1
14 combined2b 47 54 אחמד 1 1 1 4 2 491 1
14 combined2b 48 46 סרטן 2 2 1 4 2 321 1
14 combined2b 49 51 צער 2 2 1 4 2 426 1
14 combined2b 50 85 מאיה 2 1 1 4 2 645 1
281 282 0
