2 bw 1 50 יהודה 2 1 0 4 1 3379 1
2 bw 2 17 עאידה 1 1 0 3 1 1163 1
2 bw 3 36 ערן 2 1 0 4 1 766 1
2 bw 4 42 עדי 2 1 0 4 1 725 1
2 bw 5 22 סוילמאן 1 1 0 3 1 636 1
2 bw 6 46 דויד 2 1 0 4 1 776 1
2 bw 7 21 סאלים 1 1 0 3 1 844 1
2 bw 8 25 סאמירה 1 1 0 3 1 607 1
2 bw 9 27 רונן 2 1 0 4 1 617 1
2 bw 10 32 שני 2 1 0 4 1 596 1
2 bw 11 31 משה 2 1 0 4 1 513 1
2 bw 12 11 עזיזה 1 1 0 3 1 983 1
2 bw 13 1 מוחמד 1 1 0 3 1 558 2
2 bw 14 24 ראינאן 1 1 0 3 1 1198 1
2 bw 15 41 אורן 2 1 0 4 1 659 1
2 bw 16 16 נאדיה 1 1 0 3 1 1358 1
2 bw 17 39 רבקה 2 1 0 4 1 992 1
2 bw 18 40 שמעון 2 1 0 4 1 620 1
2 bw 19 12 סאמיחה 1 1 0 3 1 712 1
2 bw 20 4 איברהים 1 1 0 3 1 808 1
2 bw 21 44 יפעת 2 1 0 4 1 680 1
2 bw 22 19 ראניה 1 1 0 3 1 823 1
2 bw 23 10 סאמיר 1 1 0 3 1 656 1
2 bw 24 18 תייסיר 1 1 0 3 1 591 1
2 bw 25 26 יאיר 2 1 0 4 1 709 1
2 bw 26 30 אבי 2 1 0 4 1 646 1
2 bw 27 15 האדיל 1 1 0 3 1 692 1
2 bw 28 14 פאטימה 1 1 0 3 1 625 1
2 bw 29 38 עמוס 2 1 0 4 1 721 1
2 bw 30 45 אהרון 2 1 0 4 1 556 1
2 bw 31 20 עבד 1 1 0 3 1 887 1
2 bw 32 28 יובל 2 1 0 4 1 848 1
2 bw 33 6 איבתיסאם 1 1 0 3 1 652 1
2 bw 34 43 עידן 2 1 0 4 1 873 1
2 bw 35 33 מאיה 2 1 0 4 1 556 1
2 bw 36 29 דני 2 1 0 4 1 552 1
2 bw 37 48 יוכבד 2 1 0 4 1 751 1
2 bw 38 5 מוסא 1 1 0 3 1 723 1
2 bw 39 8 עליאן 1 1 0 3 1 741 1
2 bw 40 13 עביר 1 1 0 3 1 482 1
2 bw 41 47 מיטל 2 1 0 4 1 677 1
2 bw 42 37 יאיר 2 1 0 4 1 567 1
2 bw 43 34 נועה 2 1 0 4 1 519 1
2 bw 44 9 ראפיק 1 1 0 3 1 612 1
2 bw 45 3 מדחאת 1 1 0 3 1 580 1
2 bw 46 2 אחמד 1 1 0 3 1 649 1
2 bw 47 7 נור 1 1 0 3 1 752 1
2 bw 48 49 ישראל 2 1 0 4 1 645 1
2 bw 49 35 נעמה 2 1 0 4 1 504 1
2 bw 50 23 אשראף 1 1 0 3 1 737 1
3 pu 1 8 כיף 1 2 0 1 1 1209 1
3 pu 2 24 עילאי 1 2 0 1 1 1095 1
3 pu 3 18 כבוד 1 2 0 1 1 571 1
3 pu 4 25 חופשה 1 2 0 1 1 572 1
3 pu 5 21 משפחה 1 2 0 1 1 933 1
3 pu 6 39 זיהום 2 2 0 2 1 587 1
3 pu 7 49 רקוב 2 2 0 2 1 531 1
3 pu 8 9 נאמן 1 2 0 1 1 654 1
3 pu 9 42 גירושין 2 2 0 2 1 670 1
3 pu 10 7 חבר 1 2 0 1 1 1177 1
3 pu 11 52 לכוד 2 2 0 2 1 822 2
3 pu 12 26 התעללות 2 2 0 2 1 1971 1
3 pu 13 3 בריאות 1 2 0 1 1 1449 1
3 pu 14 34 רעל 2 2 0 2 1 865 1
3 pu 15 46 סרטן 2 2 0 2 1 702 1
3 pu 16 31 תאונה 2 2 0 2 1 525 1
3 pu 17 51 צער 2 2 0 2 1 540 1
3 pu 18 13 כנה 1 2 0 1 1 965 1
3 pu 19 37 אסון 2 2 0 2 1 519 1
3 pu 20 15 קשת 1 2 0 1 1 1168 1
3 pu 21 27 התרסקות 2 2 0 2 1 655 1
3 pu 22 47 רשע 2 2 0 2 1 515 1
3 pu 23 4 אהבה 1 2 0 1 1 622 1
3 pu 24 14 מזל 1 2 0 1 1 693 1
3 pu 25 6 לעודד 1 2 0 1 1 699 1
3 pu 26 28 לכלוך 2 2 0 2 1 643 1
3 pu 27 5 שלום 1 2 0 1 1 535 1
3 pu 28 45 מכוער 2 2 0 2 1 616 1
3 pu 29 16 הישג 1 2 0 1 1 814 1
3 pu 30 23 צחוק 1 2 0 1 1 604 1
3 pu 31 19 נס 1 2 0 1 1 482 1
3 pu 32 1 ללטף 1 2 0 1 1 481 1
3 pu 33 11 יהלום 1 2 0 1 1 451 1
3 pu 34 38 שנאה 2 2 0 2 1 489 1
3 pu 35 17 מתנה 1 2 0 1 1 635 1
3 pu 36 41 פצצה 2 2 0 2 1 762 1
3 pu 37 44 עוני 2 2 0 2 1 1159 1
3 pu 38 40 טרגדיה 2 2 0 2 1 548 1
3 pu 39 48 להרוג 2 2 0 2 1 484 1
3 pu 40 36 תקיפה 2 2 0 2 1 544 1
3 pu 41 33 אבל 2 2 0 2 1 638 1
3 pu 42 20 זריחה 1 2 0 1 1 619 1
3 pu 43 32 מוות 2 2 0 2 1 646 1
3 pu 44 43 כלא 2 2 0 2 1 543 1
3 pu 45 30 חולי 2 2 0 2 1 745 1
3 pu 46 50 קיא 2 2 0 2 1 537 1
3 pu 47 2 חופש 1 2 0 1 1 779 1
3 pu 48 12 עדין 1 2 0 1 1 674 1
3 pu 49 35 סירחון 2 2 0 2 1 664 1
3 pu 50 29 רצח 2 2 0 2 1 530 1
4 combined1 1 33 אבל 2 2 2 2 1 2219 1
4 combined1 2 41 פצצה 2 2 2 2 1 1548 1
4 combined1 3 61 ראפיק 1 1 2 2 1 2534 1
4 combined1 4 89 יאיר 2 1 2 2 1 1817 1
4 combined1 5 44 עוני 2 2 2 2 1 1085 1
4 combined1 6 9 נאמן 1 2 2 2 1 1045 1
4 combined1 7 81 דני 2 1 2 2 1 1648 1
4 combined1 8 93 אורן 2 1 2 2 1 647 1
4 combined1 9 26 התעללות 2 2 2 2 1 2297 2
4 combined1 10 34 רעל 2 2 2 2 1 574 1
4 combined1 11 53 מוחמד 1 1 2 2 1 801 2
4 combined1 12 88 ערן 2 1 2 2 1 3132 1
4 combined1 13 36 תקיפה 2 2 2 2 1 742 1
4 combined1 14 79 רונן 2 1 2 2 1 2217 1
4 combined1 15 49 רקוב 2 2 2 2 1 833 1
4 combined1 16 45 מכוער 2 2 2 2 1 585 1
4 combined1 17 57 מוסא 1 1 2 2 1 636 2
4 combined1 18 59 נור 1 1 2 2 1 1624 1
4 combined1 19 19 נס 1 2 2 2 1 2310 1
4 combined1 20 75 אשראף 1 1 2 2 1 1443 1
4 combined1 21 11 יהלום 1 2 2 2 1 1719 1
4 combined1 22 50 קיא 2 2 2 2 1 963 1
4 combined1 23 86 נועה 2 1 2 2 1 1924 2
4 combined1 24 96 יפעת 2 1 2 2 1 1147 1
4 combined1 25 54 אחמד 1 1 2 2 1 866 1
4 combined1 26 72 עבד 1 1 2 2 1 1442 1
4 combined1 27 8 כיף 1 2 2 2 1 2076 1
4 combined1 28 73 סאלים 1 1 2 2 1 1363 1
4 combined1 29 55 מדחאת 1 1 2 2 1 2127 1
4 combined1 30 97 אהרון 2 1 2 2 1 685 1
4 combined1 31 62 סאמיר 1 1 2 2 1 779 1
4 combined1 32 7 חבר 1 2 2 2 1 1190 1
4 combined1 33 51 צער 2 2 2 2 1 1716 1
4 combined1 34 21 משפחה 1 2 2 2 1 911 1
4 combined1 35 16 הישג 1 2 2 2 1 769 1
4 combined1 36 100 יוכבד 2 1 2 2 1 1432 1
4 combined1 37 5 שלום 1 2 2 2 1 3251 1
4 combined1 38 47 רשע 2 2 2 2 1 830 1
4 combined1 39 17 מתנה 1 2 2 2 1 918 1
4 combined1 40 20 זריחה 1 2 2 2 1 691 1
4 combined1 41 6 לעודד 1 2 2 2 1 501 1
4 combined1 42 25 חופשה 1 2 2 2 1 528 1
4 combined1 43 64 סאמיחה 1 1 2 2 1 1354 1
4 combined1 44 91 רבקה 2 1 2 2 1 1076 1
4 combined1 45 3 בריאות 1 2 2 2 1 981 1
4 combined1 46 76 ראינאן 1 1 2 2 1 1557 1
4 combined1 47 82 אבי 2 1 2 2 1 1214 1
4 combined1 48 39 זיהום 2 2 2 2 1 636 1
4 combined1 49 87 נעמה 2 1 2 2 1 937 1
4 combined1 50 27 התרסקות 2 2 2 2 1 1731 1
5 combined1b 1 31 תאונה 2 2 2 2 1 2819 1
5 combined1b 2 32 מוות 2 2 2 2 1 649 1
5 combined1b 3 48 להרוג 2 2 2 2 1 559 1
5 combined1b 4 77 סאמירה 1 1 2 2 1 966 1
5 combined1b 5 43 כלא 2 2 2 2 1 1650 1
5 combined1b 6 12 עדין 1 2 2 2 1 773 1
5 combined1b 7 69 עאידה 1 1 2 2 1 1259 1
5 combined1b 8 80 יובל 2 1 2 2 1 1282 1
5 combined1b 9 24 עילאי 1 2 2 2 1 951 2
5 combined1b 10 58 איבתיסאם 1 1 2 2 1 1308 1
5 combined1b 11 68 נאדיה 1 1 2 2 1 613 1
5 combined1b 12 84 שני 2 1 2 2 1 959 1
5 combined1b 13 70 תייסיר 1 1 2 2 1 761 1
5 combined1b 14 67 האדיל 1 1 2 2 1 1174 1
5 combined1b 15 40 טרגדיה 2 2 2 2 1 1184 1
5 combined1b 16 74 סוילמאן 1 1 2 2 1 1231 1
5 combined1b 17 37 אסון 2 2 2 2 1 1209 1
5 combined1b 18 42 גירושין 2 2 2 2 1 538 1
5 combined1b 19 13 כנה 1 2 2 2 1 833 1
5 combined1b 20 14 מזל 1 2 2 2 1 790 1
5 combined1b 21 4 אהבה 1 2 2 2 1 507 1
5 combined1b 22 1 ללטף 1 2 2 2 1 551 1
5 combined1b 23 22 שמחה 1 2 2 2 1 401 1
5 combined1b 24 71 ראניה 1 1 2 2 1 1076 1
5 combined1b 25 63 עזיזה 1 1 2 2 1 528 1
5 combined1b 26 15 קשת 1 2 2 2 1 636 1
5 combined1b 27 52 לכוד 2 2 2 2 1 556 2
5 combined1b 28 60 עליאן 1 1 2 2 1 1958 1
5 combined1b 29 85 מאיה 2 1 2 2 1 1358 1
5 combined1b 30 2 חופש 1 2 2 2 1 1855 1
5 combined1b 31 56 איברהים 1 1 2 2 1 954 1
5 combined1b 32 30 חולי 2 2 2 2 1 753 1
5 combined1b 33 23 צחוק 1 2 2 2 1 674 1
5 combined1b 34 95 עידן 2 1 2 2 1 1048 1
5 combined1b 35 29 רצח 2 2 2 2 1 1229 1
5 combined1b 36 28 לכלוך 2 2 2 2 1 461 1
5 combined1b 37 18 כבוד 1 2 2 2 1 788 1
5 combined1b 38 46 סרטן 2 2 2 2 1 707 1
5 combined1b 39 90 עמוס 2 1 2 2 1 1041 1
5 combined1b 40 35 סירחון 2 2 2 2 1 754 1
5 combined1b 41 10 תענוג 1 2 2 2 1 623 1
5 combined1b 42 66 פאטימה 1 1 2 2 1 943 1
5 combined1b 43 38 שנאה 2 2 2 2 1 1073 1
5 combined1b 44 99 מיטל 2 1 2 2 1 1224 1
5 combined1b 45 78 יאיר 2 1 2 2 1 637 1
5 combined1b 46 92 שמעון 2 1 2 2 1 522 1
5 combined1b 47 83 משה 2 1 2 2 1 471 1
5 combined1b 48 65 עביר 1 1 2 2 1 1240 1
5 combined1b 49 98 דויד 2 1 2 2 1 1560 1
5 combined1b 50 94 עדי 2 1 2 2 1 593 1
6 wb 1 40 שמעון 2 1 0 4 2 1119 1
6 wb 2 5 מוסא 1 1 0 3 2 763 1
6 wb 3 22 סוילמאן 1 1 0 3 2 925 1
6 wb 4 26 יאיר 2 1 0 4 2 622 1
6 wb 5 49 ישראל 2 1 0 4 2 1193 1
6 wb 6 8 עליאן 1 1 0 3 2 1065 1
6 wb 7 34 נועה 2 1 0 4 2 840 1
6 wb 8 25 סאמירה 1 1 0 3 2 1139 1
6 wb 9 14 פאטימה 1 1 0 3 2 843 1
6 wb 10 15 האדיל 1 1 0 3 2 779 1
6 wb 11 19 ראניה 1 1 0 3 2 555 1
6 wb 12 36 ערן 2 1 0 4 2 836 1
6 wb 13 6 איבתיסאם 1 1 0 3 2 601 1
6 wb 14 37 יאיר 2 1 0 4 2 749 1
6 wb 15 29 דני 2 1 0 4 2 465 2
6 wb 16 45 אהרון 2 1 0 4 2 685 1
6 wb 17 48 יוכבד 2 1 0 4 2 1120 1
6 wb 18 2 אחמד 1 1 0 3 2 573 1
6 wb 19 10 סאמיר 1 1 0 3 2 441 1
6 wb 20 1 מוחמד 1 1 0 3 2 454 1
6 wb 21 3 מדחאת 1 1 0 3 2 394 1
6 wb 22 20 עבד 1 1 0 3 2 440 1
6 wb 23 39 רבקה 2 1 0 4 2 370 2
6 wb 24 44 יפעת 2 1 0 4 2 912 1
6 wb 25 24 ראינאן 1 1 0 3 2 725 1
6 wb 26 42 עדי 2 1 0 4 2 849 1
6 wb 27 11 עזיזה 1 1 0 3 2 643 1
6 wb 28 18 תייסיר 1 1 0 3 2 604 1
6 wb 29 46 דויד 2 1 0 4 2 1239 1
6 wb 30 41 אורן 2 1 0 4 2 754 1
6 wb 31 4 איברהים 1 1 0 3 2 1258 1
6 wb 32 23 אשראף 1 1 0 3 2 653 1
6 wb 33 50 יהודה 2 1 0 4 2 770 1
6 wb 34 28 יובל 2 1 0 4 2 523 1
6 wb 35 27 רונן 2 1 0 4 2 450 1
6 wb 36 33 מאיה 2 1 0 4 2 477 1
6 wb 37 12 סאמיחה 1 1 0 3 2 674 1
6 wb 38 21 סאלים 1 1 0 3 2 784 1
6 wb 39 7 נור 1 1 0 3 2 843 1
6 wb 40 17 עאידה 1 1 0 3 2 539 1
6 wb 41 31 משה 2 1 0 4 2 1258 1
6 wb 42 30 אבי 2 1 0 4 2 983 1
6 wb 43 47 מיטל 2 1 0 4 2 550 1
6 wb 44 32 שני 2 1 0 4 2 637 1
6 wb 45 13 עביר 1 1 0 3 2 726 1
6 wb 46 16 נאדיה 1 1 0 3 2 668 2
6 wb 47 38 עמוס 2 1 0 4 2 1244 1
6 wb 48 35 נעמה 2 1 0 4 2 841 1
6 wb 49 9 ראפיק 1 1 0 3 2 729 1
6 wb 50 43 עידן 2 1 0 4 2 1161 1
7 combined2 1 53 מוחמד 1 1 1 4 2 1200 1
7 combined2 2 55 מדחאת 1 1 1 4 2 536 1
7 combined2 3 24 עילאי 1 2 1 4 2 1173 1
7 combined2 4 1 ללטף 1 2 1 4 2 1248 1
7 combined2 5 96 יפעת 2 1 1 4 2 1879 1
7 combined2 6 22 שמחה 1 2 1 4 2 616 1
7 combined2 7 83 משה 2 1 1 4 2 973 1
7 combined2 8 5 שלום 1 2 1 4 2 1180 1
7 combined2 9 38 שנאה 2 2 1 4 2 2364 1
7 combined2 10 21 משפחה 1 2 1 4 2 2876 1
7 combined2 11 75 אשראף 1 1 1 4 2 585 1
7 combined2 12 39 זיהום 2 2 1 4 2 568 1
7 combined2 13 2 חופש 1 2 1 4 2 1037 1
7 combined2 14 79 רונן 2 1 1 4 2 1147 1
7 combined2 15 86 נועה 2 1 1 4 2 517 1
7 combined2 16 56 איברהים 1 1 1 4 2 579 1
7 combined2 17 63 עזיזה 1 1 1 4 2 852 1
7 combined2 18 57 מוסא 1 1 1 4 2 504 1
7 combined2 19 81 דני 2 1 1 4 2 461 2
7 combined2 20 29 רצח 2 2 1 4 2 1566 1
7 combined2 21 11 יהלום 1 2 1 4 2 1188 1
7 combined2 22 26 התעללות 2 2 1 4 2 731 1
7 combined2 23 88 ערן 2 1 1 4 2 949 1
7 combined2 24 77 סאמירה 1 1 1 4 2 714 1
7 combined2 25 40 טרגדיה 2 2 1 4 2 631 1
7 combined2 26 99 מיטל 2 1 1 4 2 648 1
7 combined2 27 58 איבתיסאם 1 1 1 4 2 722 1
7 combined2 28 92 שמעון 2 1 1 4 2 716 1
7 combined2 29 80 יובל 2 1 1 4 2 606 1
7 combined2 30 36 תקיפה 2 2 1 4 2 525 1
7 combined2 31 98 דויד 2 1 1 4 2 1114 1
7 combined2 32 72 עבד 1 1 1 4 2 831 1
7 combined2 33 89 יאיר 2 1 1 4 2 841 2
7 combined2 34 71 ראניה 1 1 1 4 2 862 1
7 combined2 35 73 סאלים 1 1 1 4 2 690 1
7 combined2 36 9 נאמן 1 2 1 4 2 1217 1
7 combined2 37 90 עמוס 2 1 1 4 2 969 1
7 combined2 38 8 כיף 1 2 1 4 2 920 1
7 combined2 39 35 סירחון 2 2 1 4 2 515 1
7 combined2 40 70 תייסיר 1 1 1 4 2 540 1
7 combined2 41 68 נאדיה 1 1 1 4 2 534 1
7 combined2 42 13 כנה 1 2 1 4 2 709 1
7 combined2 43 43 כלא 2 2 1 4 2 423 2
7 combined2 44 97 אהרון 2 1 1 4 2 1055 1
7 combined2 45 48 להרוג 2 2 1 4 2 712 1
7 combined2 46 62 סאמיר 1 1 1 4 2 1124 1
7 combined2 47 33 אבל 2 2 1 4 2 803 1
7 combined2 48 59 נור 1 1 1 4 2 589 1
7 combined2 49 20 זריחה 1 2 1 4 2 720 1
7 combined2 50 25 חופשה 1 2 1 4 2 594 1
8 combined2b 1 93 אורן 2 1 1 4 2 1317 1
8 combined2b 2 94 עדי 2 1 1 4 2 879 1
8 combined2b 3 67 האדיל 1 1 1 4 2 1230 1
8 combined2b 4 76 ראינאן 1 1 1 4 2 476 1
8 combined2b 5 6 לעודד 1 2 1 4 2 790 1
8 combined2b 6 52 לכוד 2 2 1 4 2 986 1
8 combined2b 7 69 עאידה 1 1 1 4 2 642 1
8 combined2b 8 19 נס 1 2 1 4 2 929 1
8 combined2b 9 12 עדין 1 2 1 4 2 612 1
8 combined2b 10 66 פאטימה 1 1 1 4 2 585 1
8 combined2b 11 74 סוילמאן 1 1 1 4 2 485 1
8 combined2b 12 42 גירושין 2 2 1 4 2 608 1
8 combined2b 13 10 תענוג 1 2 1 4 2 608 1
8 combined2b 14 91 רבקה 2 1 1 4 2 787 1
8 combined2b 15 60 עליאן 1 1 1 4 2 625 1
8 combined2b 16 18 כבוד 1 2 1 4 2 579 1
8 combined2b 17 54 אחמד 1 1 1 4 2 450 2
8 combined2b 18 65 עביר 1 1 1 4 2 1910 1
8 combined2b 19 16 הישג 1 2 1 4 2 1048 1
8 combined2b 20 4 אהבה 1 2 1 4 2 787 1
8 combined2b 21 30 חולי 2 2 1 4 2 800 1
8 combined2b 22 95 עידן 2 1 1 4 2 895 1
8 combined2b 23 87 נעמה 2 1 1 4 2 824 1
8 combined2b 24 17 מתנה 1 2 1 4 2 574 1
8 combined2b 25 32 מוות 2 2 1 4 2 570 1
8 combined2b 26 41 פצצה 2 2 1 4 2 784 1
8 combined2b 27 85 מאיה 2 1 1 4 2 1304 1
8 combined2b 28 64 סאמיחה 1 1 1 4 2 910 1
8 combined2b 29 28 לכלוך 2 2 1 4 2 649 1
8 combined2b 30 78 יאיר 2 1 1 4 2 1747 1
8 combined2b 31 44 עוני 2 2 1 4 2 666 1
8 combined2b 32 61 ראפיק 1 1 1 4 2 717 1
8 combined2b 33 34 רעל 2 2 1 4 2 1710 1
8 combined2b 34 3 בריאות 1 2 1 4 2 606 1
8 combined2b 35 51 צער 2 2 1 4 2 518 1
8 combined2b 36 50 קיא 2 2 1 4 2 598 1
8 combined2b 37 49 רקוב 2 2 1 4 2 512 1
8 combined2b 38 47 רשע 2 2 1 4 2 472 1
8 combined2b 39 84 שני 2 1 1 4 2 823 1
8 combined2b 40 46 סרטן 2 2 1 4 2 638 1
8 combined2b 41 15 קשת 1 2 1 4 2 2804 1
8 combined2b 42 7 חבר 1 2 1 4 2 1146 1
8 combined2b 43 14 מזל 1 2 1 4 2 630 1
8 combined2b 44 45 מכוער 2 2 1 4 2 505 1
8 combined2b 45 23 צחוק 1 2 1 4 2 833 1
8 combined2b 46 37 אסון 2 2 1 4 2 728 1
8 combined2b 47 31 תאונה 2 2 1 4 2 499 1
8 combined2b 48 100 יוכבד 2 1 1 4 2 747 1
8 combined2b 49 82 אבי 2 1 1 4 2 659 1
8 combined2b 50 27 התרסקות 2 2 1 4 2 630 1
9 wb 1 41 אורן 2 1 0 4 2 1097 1
9 wb 2 48 יוכבד 2 1 0 4 2 1170 1
9 wb 3 36 ערן 2 1 0 4 2 501 1
9 wb 4 17 עאידה 1 1 0 3 2 605 1
9 wb 5 29 דני 2 1 0 4 2 562 1
9 wb 6 26 יאיר 2 1 0 4 2 654 1
9 wb 7 42 עדי 2 1 0 4 2 478 1
9 wb 8 24 ראינאן 1 1 0 3 2 455 1
9 wb 9 39 רבקה 2 1 0 4 2 672 1
9 wb 10 50 יהודה 2 1 0 4 2 442 1
9 wb 11 18 תייסיר 1 1 0 3 2 626 1
9 wb 12 22 סוילמאן 1 1 0 3 2 1197 1
9 wb 13 49 ישראל 2 1 0 4 2 564 1
9 wb 14 43 עידן 2 1 0 4 2 653 1
9 wb 15 38 עמוס 2 1 0 4 2 624 1
9 wb 16 7 נור 1 1 0 3 2 516 2
9 wb 17 9 ראפיק 1 1 0 3 2 876 1
9 wb 18 20 עבד 1 1 0 3 2 503 1
9 wb 19 3 מדחאת 1 1 0 3 2 431 1
9 wb 20 31 משה 2 1 0 4 2 431 2
9 wb 21 37 יאיר 2 1 0 4 2 1630 1
9 wb 22 32 שני 2 1 0 4 2 1456 1
9 wb 23 11 עזיזה 1 1 0 3 2 829 1
9 wb 24 47 מיטל 2 1 0 4 2 1224 1
9 wb 25 13 עביר 1 1 0 3 2 1019 1
9 wb 26 12 סאמיחה 1 1 0 3 2 586 1
9 wb 27 4 איברהים 1 1 0 3 2 695 1
9 wb 28 25 סאמירה 1 1 0 3 2 393 1
9 wb 29 30 אבי 2 1 0 4 2 595 1
9 wb 30 33 מאיה 2 1 0 4 2 425 1
9 wb 31 2 אחמד 1 1 0 3 2 597 1
9 wb 32 16 נאדיה 1 1 0 3 2 550 1
9 wb 33 5 מוסא 1 1 0 3 2 457 1
9 wb 34 27 רונן 2 1 0 4 2 797 1
9 wb 35 21 סאלים 1 1 0 3 2 563 1
9 wb 36 6 איבתיסאם 1 1 0 3 2 535 1
9 wb 37 34 נועה 2 1 0 4 2 642 2
9 wb 38 8 עליאן 1 1 0 3 2 2272 2
9 wb 39 14 פאטימה 1 1 0 3 2 728 1
9 wb 40 10 סאמיר 1 1 0 3 2 442 1
9 wb 41 19 ראניה 1 1 0 3 2 453 1
9 wb 42 28 יובל 2 1 0 4 2 710 1
9 wb 43 35 נעמה 2 1 0 4 2 451 2
9 wb 44 1 מוחמד 1 1 0 3 2 1106 1
9 wb 45 15 האדיל 1 1 0 3 2 724 1
9 wb 46 44 יפעת 2 1 0 4 2 528 1
9 wb 47 46 דויד 2 1 0 4 2 522 1
9 wb 48 45 אהרון 2 1 0 4 2 466 1
9 wb 49 23 אשראף 1 1 0 3 2 501 1
9 wb 50 40 שמעון 2 1 0 4 2 636 1
10 combined2 1 98 דויד 2 1 1 4 2 1951 1
10 combined2 2 42 גירושין 2 2 1 4 2 1192 1
10 combined2 3 52 לכוד 2 2 1 4 2 1380 1
10 combined2 4 60 עליאן 1 1 1 4 2 532 1
10 combined2 5 59 נור 1 1 1 4 2 978 1
10 combined2 6 23 צחוק 1 2 1 4 2 531 1
10 combined2 7 4 אהבה 1 2 1 4 2 614 1
10 combined2 8 47 רשע 2 2 1 4 2 737 1
10 combined2 9 8 כיף 1 2 1 4 2 882 1
10 combined2 10 78 יאיר 2 1 1 4 2 635 1
10 combined2 11 87 נעמה 2 1 1 4 2 534 1
10 combined2 12 96 יפעת 2 1 1 4 2 612 1
10 combined2 13 12 עדין 1 2 1 4 2 424 1
10 combined2 14 38 שנאה 2 2 1 4 2 571 1
10 combined2 15 55 מדחאת 1 1 1 4 2 460 1
10 combined2 16 57 מוסא 1 1 1 4 2 440 1
10 combined2 17 51 צער 2 2 1 4 2 437 1
10 combined2 18 21 משפחה 1 2 1 4 2 676 1
10 combined2 19 27 התרסקות 2 2 1 4 2 662 1
10 combined2 20 26 התעללות 2 2 1 4 2 579 1
10 combined2 21 40 טרגדיה 2 2 1 4 2 452 1
10 combined2 22 93 אורן 2 1 1 4 2 574 1
10 combined2 23 37 אסון 2 2 1 4 2 710 1
10 combined2 24 17 מתנה 1 2 1 4 2 1235 1
10 combined2 25 1 ללטף 1 2 1 4 2 2403 1
10 combined2 26 92 שמעון 2 1 1 4 2 1399 1
10 combined2 27 41 פצצה 2 2 1 4 2 686 1
10 combined2 28 97 אהרון 2 1 1 4 2 647 2
10 combined2 29 13 כנה 1 2 1 4 2 1341 1
10 combined2 30 19 נס 1 2 1 4 2 483 1
10 combined2 31 90 עמוס 2 1 1 4 2 731 1
10 combined2 32 89 יאיר 2 1 1 4 2 506 1
10 combined2 33 18 כבוד 1 2 1 4 2 399 1
10 combined2 34 25 חופשה 1 2 1 4 2 413 1
10 combined2 35 80 יובל 2 1 1 4 2 442 1
10 combined2 36 81 דני 2 1 1 4 2 414 1
10 combined2 37 24 עילאי 1 2 1 4 2 692 1
10 combined2 38 9 נאמן 1 2 1 4 2 590 1
10 combined2 39 63 עזיזה 1 1 1 4 2 720 2
10 combined2 40 58 איבתיסאם 1 1 1 4 2 557 1
10 combined2 41 33 אבל 2 2 1 4 2 427 1
10 combined2 42 53 מוחמד 1 1 1 4 2 462 1
10 combined2 43 67 האדיל 1 1 1 4 2 411 1
10 combined2 44 3 בריאות 1 2 1 4 2 433 2
10 combined2 45 6 לעודד 1 2 1 4 2 631 2
10 combined2 46 32 מוות 2 2 1 4 2 843 1
10 combined2 47 50 קיא 2 2 1 4 2 481 1
10 combined2 48 10 תענוג 1 2 1 4 2 788 1
10 combined2 49 77 סאמירה 1 1 1 4 2 701 1
10 combined2 50 28 לכלוך 2 2 1 4 2 546 1
11 combined2b 1 16 הישג 1 2 1 4 2 3513 1
11 combined2b 2 45 מכוער 2 2 1 4 2 755 1
11 combined2b 3 29 רצח 2 2 1 4 2 931 1
11 combined2b 4 39 זיהום 2 2 1 4 2 434 1
11 combined2b 5 66 פאטימה 1 1 1 4 2 582 1
11 combined2b 6 100 יוכבד 2 1 1 4 2 757 1
11 combined2b 7 56 איברהים 1 1 1 4 2 1869 1
11 combined2b 8 88 ערן 2 1 1 4 2 735 1
11 combined2b 9 84 שני 2 1 1 4 2 692 1
11 combined2b 10 22 שמחה 1 2 1 4 2 649 1
11 combined2b 11 31 תאונה 2 2 1 4 2 497 2
11 combined2b 12 94 עדי 2 1 1 4 2 1031 1
11 combined2b 13 95 עידן 2 1 1 4 2 524 1
11 combined2b 14 65 עביר 1 1 1 4 2 1385 1
11 combined2b 15 69 עאידה 1 1 1 4 2 466 1
11 combined2b 16 49 רקוב 2 2 1 4 2 2996 1
11 combined2b 17 15 קשת 1 2 1 4 2 2583 1
11 combined2b 18 76 ראינאן 1 1 1 4 2 744 1
11 combined2b 19 36 תקיפה 2 2 1 4 2 2576 1
11 combined2b 20 61 ראפיק 1 1 1 4 2 601 1
11 combined2b 21 62 סאמיר 1 1 1 4 2 460 1
11 combined2b 22 44 עוני 2 2 1 4 2 542 1
11 combined2b 23 14 מזל 1 2 1 4 2 2043 1
11 combined2b 24 86 נועה 2 1 1 4 2 739 1
11 combined2b 25 5 שלום 1 2 1 4 2 751 1
11 combined2b 26 70 תייסיר 1 1 1 4 2 765 1
11 combined2b 27 99 מיטל 2 1 1 4 2 724 1
11 combined2b 28 75 אשראף 1 1 1 4 2 1024 1
11 combined2b 29 30 חולי 2 2 1 4 2 669 1
11 combined2b 30 43 כלא 2 2 1 4 2 776 1
11 combined2b 31 34 רעל 2 2 1 4 2 545 1
11 combined2b 32 71 ראניה 1 1 1 4 2 845 1
11 combined2b 33 46 סרטן 2 2 1 4 2 575 1
11 combined2b 34 74 סוילמאן 1 1 1 4 2 587 1
11 combined2b 35 11 יהלום 1 2 1 4 2 826 1
11 combined2b 36 73 סאלים 1 1 1 4 2 1019 1
11 combined2b 37 91 רבקה 2 1 1 4 2 946 1
11 combined2b 38 48 להרוג 2 2 1 4 2 582 1
11 combined2b 39 54 אחמד 1 1 1 4 2 494 1
11 combined2b 40 7 חבר 1 2 1 4 2 499 2
11 combined2b 41 85 מאיה 2 1 1 4 2 1218 1
11 combined2b 42 20 זריחה 1 2 1 4 2 642 1
11 combined2b 43 2 חופש 1 2 1 4 2 775 1
11 combined2b 44 82 אבי 2 1 1 4 2 566 1
11 combined2b 45 72 עבד 1 1 1 4 2 786 1
11 combined2b 46 64 סאמיחה 1 1 1 4 2 539 1
11 combined2b 47 35 סירחון 2 2 1 4 2 488 1
11 combined2b 48 83 משה 2 1 1 4 2 638 1
11 combined2b 49 68 נאדיה 1 1 1 4 2 988 1
11 combined2b 50 79 רונן 2 1 1 4 2 2234 1
12 bw 1 33 מאיה 2 1 0 4 1 1423 1
12 bw 2 20 עבד 1 1 0 3 1 725 1
12 bw 3 19 ראניה 1 1 0 3 1 802 1
12 bw 4 15 האדיל 1 1 0 3 1 1165 1
12 bw 5 2 אחמד 1 1 0 3 1 1131 1
12 bw 6 42 עדי 2 1 0 4 1 555 1
12 bw 7 34 נועה 2 1 0 4 1 593 1
12 bw 8 36 ערן 2 1 0 4 1 596 1
12 bw 9 29 דני 2 1 0 4 1 399 1
12 bw 10 22 סוילמאן 1 1 0 3 1 602 1
12 bw 11 11 עזיזה 1 1 0 3 1 1127 1
12 bw 12 46 דויד 2 1 0 4 1 713 1
12 bw 13 3 מדחאת 1 1 0 3 1 1373 1
12 bw 14 27 רונן 2 1 0 4 1 745 1
12 bw 15 35 נעמה 2 1 0 4 1 993 1
12 bw 16 25 סאמירה 1 1 0 3 1 669 1
12 bw 17 6 איבתיסאם 1 1 0 3 1 668 1
12 bw 18 37 יאיר 2 1 0 4 1 664 1
12 bw 19 24 ראינאן 1 1 0 3 1 1890 1
12 bw 20 4 איברהים 1 1 0 3 1 575 1
12 bw 21 14 פאטימה 1 1 0 3 1 2261 1
12 bw 22 9 ראפיק 1 1 0 3 1 497 1
12 bw 23 21 סאלים 1 1 0 3 1 512 1
12 bw 24 13 עביר 1 1 0 3 1 711 1
12 bw 25 44 יפעת 2 1 0 4 1 642 1
12 bw 26 43 עידן 2 1 0 4 1 451 1
12 bw 27 30 אבי 2 1 0 4 1 541 1
12 bw 28 12 סאמיחה 1 1 0 3 1 655 1
12 bw 29 5 מוסא 1 1 0 3 1 561 1
12 bw 30 41 אורן 2 1 0 4 1 540 1
12 bw 31 32 שני 2 1 0 4 1 556 1
12 bw 32 17 עאידה 1 1 0 3 1 622 1
12 bw 33 45 אהרון 2 1 0 4 1 583 1
12 bw 34 16 נאדיה 1 1 0 3 1 708 1
12 bw 35 31 משה 2 1 0 4 1 619 1
12 bw 36 39 רבקה 2 1 0 4 1 935 1
12 bw 37 8 עליאן 1 1 0 3 1 592 1
12 bw 38 1 מוחמד 1 1 0 3 1 901 1
12 bw 39 10 סאמיר 1 1 0 3 1 451 1
12 bw 40 49 ישראל 2 1 0 4 1 555 1
12 bw 41 50 יהודה 2 1 0 4 1 511 1
12 bw 42 38 עמוס 2 1 0 4 1 542 1
12 bw 43 28 יובל 2 1 0 4 1 414 1
12 bw 44 7 נור 1 1 0 3 1 460 2
12 bw 45 47 מיטל 2 1 0 4 1 1424 1
12 bw 46 18 תייסיר 1 1 0 3 1 508 1
12 bw 47 23 אשראף 1 1 0 3 1 1081 2
12 bw 48 48 יוכבד 2 1 0 4 1 984 1
12 bw 49 26 יאיר 2 1 0 4 1 582 1
12 bw 50 40 שמעון 2 1 0 4 1 867 2
13 combined1 1 20 זריחה 1 2 2 4 1 2110 1
13 combined1 2 100 יוכבד 2 1 2 4 1 1801 1
13 combined1 3 32 מוות 2 2 2 4 1 2357 1
13 combined1 4 9 נאמן 1 2 2 4 1 2113 1
13 combined1 5 5 שלום 1 2 2 4 1 2508 1
13 combined1 6 3 בריאות 1 2 2 4 1 628 1
13 combined1 7 65 עביר 1 1 2 4 1 1241 1
13 combined1 8 12 עדין 1 2 2 4 1 3178 1
13 combined1 9 57 מוסא 1 1 2 4 1 2190 1
13 combined1 10 44 עוני 2 2 2 4 1 635 2
13 combined1 11 6 לעודד 1 2 2 4 1 1895 1
13 combined1 12 13 כנה 1 2 2 4 1 598 1
13 combined1 13 4 אהבה 1 2 2 4 1 2775 1
13 combined1 14 91 רבקה 2 1 2 4 1 591 2
13 combined1 15 36 תקיפה 2 2 2 4 1 2323 1
13 combined1 16 66 פאטימה 1 1 2 4 1 1122 1
13 combined1 17 46 סרטן 2 2 2 4 1 2407 1
13 combined1 18 17 מתנה 1 2 2 4 1 1751 1
13 combined1 19 43 כלא 2 2 2 4 1 1097 1
13 combined1 20 89 יאיר 2 1 2 4 1 1228 1
13 combined1 21 76 ראינאן 1 1 2 4 1 927 1
13 combined1 22 29 רצח 2 2 2 4 1 2354 1
13 combined1 23 88 ערן 2 1 2 4 1 1253 1
13 combined1 24 8 כיף 1 2 2 4 1 1039 1
13 combined1 25 72 עבד 1 1 2 4 1 967 1
13 combined1 26 23 צחוק 1 2 2 4 1 1189 1
13 combined1 27 63 עזיזה 1 1 2 4 1 1173 1
13 combined1 28 48 להרוג 2 2 2 4 1 1264 1
13 combined1 29 16 הישג 1 2 2 4 1 911 1
13 combined1 30 58 איבתיסאם 1 1 2 4 1 1158 1
13 combined1 31 40 טרגדיה 2 2 2 4 1 1256 1
13 combined1 32 84 שני 2 1 2 4 1 1038 1
13 combined1 33 87 נעמה 2 1 2 4 1 530 1
13 combined1 34 83 משה 2 1 2 4 1 545 1
13 combined1 35 27 התרסקות 2 2 2 4 1 1344 1
13 combined1 36 18 כבוד 1 2 2 4 1 1093 1
13 combined1 37 47 רשע 2 2 2 4 1 737 1
13 combined1 38 51 צער 2 2 2 4 1 676 1
13 combined1 39 60 עליאן 1 1 2 4 1 977 1
13 combined1 40 53 מוחמד 1 1 2 4 1 914 1
13 combined1 41 74 סוילמאן 1 1 2 4 1 678 1
13 combined1 42 93 אורן 2 1 2 4 1 1028 1
13 combined1 43 77 סאמירה 1 1 2 4 1 1519 1
13 combined1 44 64 סאמיחה 1 1 2 4 1 684 1
13 combined1 45 37 אסון 2 2 2 4 1 976 1
13 combined1 46 25 חופשה 1 2 2 4 1 1055 1
13 combined1 47 82 אבי 2 1 2 4 1 1011 1
13 combined1 48 98 דויד 2 1 2 4 1 993 1
13 combined1 49 99 מיטל 2 1 2 4 1 1264 1
13 combined1 50 7 חבר 1 2 2 4 1 1424 1
14 combined1b 1 26 התעללות 2 2 2 4 1 2238 1
14 combined1b 2 42 גירושין 2 2 2 4 1 1105 1
14 combined1b 3 15 קשת 1 2 2 4 1 2706 1
14 combined1b 4 73 סאלים 1 1 2 4 1 867 1
14 combined1b 5 22 שמחה 1 2 2 4 1 838 1
14 combined1b 6 30 חולי 2 2 2 4 1 730 1
14 combined1b 7 96 יפעת 2 1 2 4 1 2201 1
14 combined1b 8 31 תאונה 2 2 2 4 1 740 1
14 combined1b 9 35 סירחון 2 2 2 4 1 1958 1
14 combined1b 10 1 ללטף 1 2 2 4 1 641 1
14 combined1b 11 85 מאיה 2 1 2 4 1 959 1
14 combined1b 12 21 משפחה 1 2 2 4 1 3564 1
14 combined1b 13 97 אהרון 2 1 2 4 1 1681 1
14 combined1b 14 14 מזל 1 2 2 4 1 804 2
14 combined1b 15 45 מכוער 2 2 2 4 1 1233 1
14 combined1b 16 38 שנאה 2 2 2 4 1 496 1
14 combined1b 17 80 יובל 2 1 2 4 1 1553 1
14 combined1b 18 33 אבל 2 2 2 4 1 1259 1
14 combined1b 19 50 קיא 2 2 2 4 1 783 1
14 combined1b 20 52 לכוד 2 2 2 4 1 766 1
14 combined1b 21 11 יהלום 1 2 2 4 1 631 1
14 combined1b 22 75 אשראף 1 1 2 4 1 868 1
14 combined1b 23 90 עמוס 2 1 2 4 1 671 1
14 combined1b 24 2 חופש 1 2 2 4 1 1598 1
14 combined1b 25 59 נור 1 1 2 4 1 1076 1
14 combined1b 26 67 האדיל 1 1 2 4 1 788 1
14 combined1b 27 41 פצצה 2 2 2 4 1 1166 1
14 combined1b 28 68 נאדיה 1 1 2 4 1 834 2
14 combined1b 29 78 יאיר 2 1 2 4 1 1420 1
14 combined1b 30 95 עידן 2 1 2 4 1 3553 1
14 combined1b 31 69 עאידה 1 1 2 4 1 811 1
14 combined1b 32 70 תייסיר 1 1 2 4 1 640 1
14 combined1b 33 86 נועה 2 1 2 4 1 617 1
14 combined1b 34 94 עדי 2 1 2 4 1 657 1
14 combined1b 35 10 תענוג 1 2 2 4 1 1167 1
14 combined1b 36 39 זיהום 2 2 2 4 1 1143 1
14 combined1b 37 55 מדחאת 1 1 2 4 1 975 1
14 combined1b 38 62 סאמיר 1 1 2 4 1 599 1
14 combined1b 39 61 ראפיק 1 1 2 4 1 573 1
14 combined1b 40 54 אחמד 1 1 2 4 1 507 1
14 combined1b 41 28 לכלוך 2 2 2 4 1 1147 1
14 combined1b 42 34 רעל 2 2 2 4 1 1147 1
14 combined1b 43 71 ראניה 1 1 2 4 1 2524 1
14 combined1b 44 24 עילאי 1 2 2 4 1 1901 1
14 combined1b 45 49 רקוב 2 2 2 4 1 1956 1
14 combined1b 46 79 רונן 2 1 2 4 1 957 1
14 combined1b 47 81 דני 2 1 2 4 1 490 1
14 combined1b 48 92 שמעון 2 1 2 4 1 488 1
14 combined1b 49 56 איברהים 1 1 2 4 1 1041 1
14 combined1b 50 19 נס 1 2 2 4 1 1028 1
289 350 0
