2 bw 1 22 סוילמאן 1 1 0 3 1 3110 1
2 bw 2 42 עדי 2 1 0 4 1 785 1
2 bw 3 9 ראפיק 1 1 0 3 1 777 1
2 bw 4 17 עאידה 1 1 0 3 1 507 1
2 bw 5 23 אשראף 1 1 0 3 1 455 1
2 bw 6 34 נועה 2 1 0 4 1 862 1
2 bw 7 8 עליאן 1 1 0 3 1 553 1
2 bw 8 5 מוסא 1 1 0 3 1 730 2
2 bw 9 35 נעמה 2 1 0 4 1 1242 1
2 bw 10 33 מאיה 2 1 0 4 1 521 2
2 bw 11 7 נור 1 1 0 3 1 673 1
2 bw 12 13 עביר 1 1 0 3 1 1179 1
2 bw 13 28 יובל 2 1 0 4 1 510 1
2 bw 14 36 ערן 2 1 0 4 1 434 1
2 bw 15 3 מדחאת 1 1 0 3 1 523 1
2 bw 16 15 האדיל 1 1 0 3 1 678 1
2 bw 17 31 משה 2 1 0 4 1 586 1
2 bw 18 45 אהרון 2 1 0 4 1 607 1
2 bw 19 11 עזיזה 1 1 0 3 1 907 1
2 bw 20 38 עמוס 2 1 0 4 1 640 1
2 bw 21 44 יפעת 2 1 0 4 1 842 1
2 bw 22 46 דויד 2 1 0 4 1 508 1
2 bw 23 43 עידן 2 1 0 4 1 702 1
2 bw 24 4 איברהים 1 1 0 3 1 1072 1
2 bw 25 1 מוחמד 1 1 0 3 1 872 1
2 bw 26 41 אורן 2 1 0 4 1 917 1
2 bw 27 40 שמעון 2 1 0 4 1 833 1
2 bw 28 39 רבקה 2 1 0 4 1 706 1
2 bw 29 37 יאיר 2 1 0 4 1 931 1
2 bw 30 12 סאמיחה 1 1 0 3 1 595 1
2 bw 31 14 פאטימה 1 1 0 3 1 506 1
2 bw 32 16 נאדיה 1 1 0 3 1 457 1
2 bw 33 27 רונן 2 1 0 4 1 533 1
2 bw 34 10 סאמיר 1 1 0 3 1 637 1
2 bw 35 18 תייסיר 1 1 0 3 1 600 1
2 bw 36 47 מיטל 2 1 0 4 1 458 1
2 bw 37 32 שני 2 1 0 4 1 445 1
2 bw 38 24 ראינאן 1 1 0 3 1 464 1
2 bw 39 26 יאיר 2 1 0 4 1 468 1
2 bw 40 29 דני 2 1 0 4 1 455 2
2 bw 41 49 ישראל 2 1 0 4 1 520 1
2 bw 42 20 עבד 1 1 0 3 1 540 1
2 bw 43 6 איבתיסאם 1 1 0 3 1 610 1
2 bw 44 48 יוכבד 2 1 0 4 1 558 1
2 bw 45 2 אחמד 1 1 0 3 1 480 1
2 bw 46 19 ראניה 1 1 0 3 1 608 1
2 bw 47 21 סאלים 1 1 0 3 1 485 1
2 bw 48 25 סאמירה 1 1 0 3 1 480 1
2 bw 49 50 יהודה 2 1 0 4 1 514 1
2 bw 50 30 אבי 2 1 0 4 1 524 1
3 pu 1 8 כיף 1 2 0 1 1 1596 1
3 pu 2 7 חבר 1 2 0 1 1 340 1
3 pu 3 51 צער 2 2 0 2 1 797 1
3 pu 4 44 עוני 2 2 0 2 1 577 1
3 pu 5 5 שלום 1 2 0 1 1 433 1
3 pu 6 49 רקוב 2 2 0 2 1 613 1
3 pu 7 26 התעללות 2 2 0 2 1 1047 1
3 pu 8 50 קיא 2 2 0 2 1 493 1
3 pu 9 42 גירושין 2 2 0 2 1 523 2
3 pu 10 1 ללטף 1 2 0 1 1 574 1
3 pu 11 34 רעל 2 2 0 2 1 594 1
3 pu 12 12 עדין 1 2 0 1 1 609 1
3 pu 13 23 צחוק 1 2 0 1 1 781 1
3 pu 14 3 בריאות 1 2 0 1 1 565 1
3 pu 15 10 תענוג 1 2 0 1 1 808 1
3 pu 16 46 סרטן 2 2 0 2 1 726 1
3 pu 17 35 סירחון 2 2 0 2 1 635 1
3 pu 18 11 יהלום 1 2 0 1 1 735 1
3 pu 19 21 משפחה 1 2 0 1 1 409 1
3 pu 20 31 תאונה 2 2 0 2 1 549 1
3 pu 21 27 התרסקות 2 2 0 2 1 378 1
3 pu 22 48 להרוג 2 2 0 2 1 434 1
3 pu 23 18 כבוד 1 2 0 1 1 506 1
3 pu 24 2 חופש 1 2 0 1 1 663 1
3 pu 25 16 הישג 1 2 0 1 1 583 1
3 pu 26 25 חופשה 1 2 0 1 1 523 1
3 pu 27 33 אבל 2 2 0 2 1 717 1
3 pu 28 40 טרגדיה 2 2 0 2 1 438 1
3 pu 29 30 חולי 2 2 0 2 1 463 1
3 pu 30 37 אסון 2 2 0 2 1 403 1
3 pu 31 47 רשע 2 2 0 2 1 448 1
3 pu 32 24 עילאי 1 2 0 1 1 364 2
3 pu 33 52 לכוד 2 2 0 2 1 654 1
3 pu 34 29 רצח 2 2 0 2 1 461 1
3 pu 35 6 לעודד 1 2 0 1 1 623 1
3 pu 36 41 פצצה 2 2 0 2 1 573 1
3 pu 37 13 כנה 1 2 0 1 1 645 1
3 pu 38 9 נאמן 1 2 0 1 1 501 1
3 pu 39 20 זריחה 1 2 0 1 1 646 1
3 pu 40 36 תקיפה 2 2 0 2 1 538 2
3 pu 41 19 נס 1 2 0 1 1 611 1
3 pu 42 43 כלא 2 2 0 2 1 657 1
3 pu 43 17 מתנה 1 2 0 1 1 551 1
3 pu 44 32 מוות 2 2 0 2 1 525 1
3 pu 45 22 שמחה 1 2 0 1 1 593 1
3 pu 46 28 לכלוך 2 2 0 2 1 575 1
3 pu 47 15 קשת 1 2 0 1 1 724 1
3 pu 48 45 מכוער 2 2 0 2 1 646 1
3 pu 49 38 שנאה 2 2 0 2 1 546 1
3 pu 50 4 אהבה 1 2 0 1 1 550 1
4 combined1 1 63 עזיזה 1 1 2 1 1 1976 1
4 combined1 2 9 נאמן 1 2 2 1 1 1137 1
4 combined1 3 52 לכוד 2 2 2 1 1 1129 1
4 combined1 4 42 גירושין 2 2 2 1 1 758 1
4 combined1 5 68 נאדיה 1 1 2 1 1 1023 1
4 combined1 6 29 רצח 2 2 2 1 1 928 1
4 combined1 7 26 התעללות 2 2 2 1 1 568 1
4 combined1 8 65 עביר 1 1 2 1 1 1472 1
4 combined1 9 60 עליאן 1 1 2 1 1 517 1
4 combined1 10 90 עמוס 2 1 2 1 1 958 1
4 combined1 11 53 מוחמד 1 1 2 1 1 707 1
4 combined1 12 99 מיטל 2 1 2 1 1 556 1
4 combined1 13 71 ראניה 1 1 2 1 1 717 1
4 combined1 14 61 ראפיק 1 1 2 1 1 598 1
4 combined1 15 84 שני 2 1 2 1 1 1006 1
4 combined1 16 81 דני 2 1 2 1 1 707 1
4 combined1 17 22 שמחה 1 2 2 1 1 1225 1
4 combined1 18 7 חבר 1 2 2 1 1 664 1
4 combined1 19 25 חופשה 1 2 2 1 1 553 1
4 combined1 20 16 הישג 1 2 2 1 1 457 1
4 combined1 21 49 רקוב 2 2 2 1 1 436 2
4 combined1 22 10 תענוג 1 2 2 1 1 2865 1
4 combined1 23 18 כבוד 1 2 2 1 1 1634 1
4 combined1 24 69 עאידה 1 1 2 1 1 948 2
4 combined1 25 24 עילאי 1 2 2 1 1 2560 1
4 combined1 26 62 סאמיר 1 1 2 1 1 1541 1
4 combined1 27 15 קשת 1 2 2 1 1 673 1
4 combined1 28 14 מזל 1 2 2 1 1 1365 1
4 combined1 29 89 יאיר 2 1 2 1 1 1245 1
4 combined1 30 3 בריאות 1 2 2 1 1 934 1
4 combined1 31 48 להרוג 2 2 2 1 1 736 1
4 combined1 32 58 איבתיסאם 1 1 2 1 1 731 1
4 combined1 33 13 כנה 1 2 2 1 1 922 1
4 combined1 34 37 אסון 2 2 2 1 1 1559 1
4 combined1 35 98 דויד 2 1 2 1 1 948 1
4 combined1 36 12 עדין 1 2 2 1 1 1529 1
4 combined1 37 86 נועה 2 1 2 1 1 745 1
4 combined1 38 20 זריחה 1 2 2 1 1 1039 1
4 combined1 39 54 אחמד 1 1 2 1 1 1208 1
4 combined1 40 11 יהלום 1 2 2 1 1 768 1
4 combined1 41 41 פצצה 2 2 2 1 1 806 1
4 combined1 42 74 סוילמאן 1 1 2 1 1 646 1
4 combined1 43 19 נס 1 2 2 1 1 861 1
4 combined1 44 82 אבי 2 1 2 1 1 725 1
4 combined1 45 35 סירחון 2 2 2 1 1 630 1
4 combined1 46 40 טרגדיה 2 2 2 1 1 600 1
4 combined1 47 43 כלא 2 2 2 1 1 542 1
4 combined1 48 96 יפעת 2 1 2 1 1 707 1
4 combined1 49 2 חופש 1 2 2 1 1 628 1
4 combined1 50 21 משפחה 1 2 2 1 1 601 1
5 combined1b 1 51 צער 2 2 2 1 1 1676 1
5 combined1b 2 78 יאיר 2 1 2 1 1 1881 1
5 combined1b 3 36 תקיפה 2 2 2 1 1 735 1
5 combined1b 4 32 מוות 2 2 2 1 1 1552 1
5 combined1b 5 56 איברהים 1 1 2 1 1 1231 1
5 combined1b 6 72 עבד 1 1 2 1 1 690 1
5 combined1b 7 31 תאונה 2 2 2 1 1 634 1
5 combined1b 8 57 מוסא 1 1 2 1 1 1727 1
5 combined1b 9 17 מתנה 1 2 2 1 1 1117 1
5 combined1b 10 8 כיף 1 2 2 1 1 524 1
5 combined1b 11 33 אבל 2 2 2 1 1 615 1
5 combined1b 12 55 מדחאת 1 1 2 1 1 944 1
5 combined1b 13 50 קיא 2 2 2 1 1 934 1
5 combined1b 14 1 ללטף 1 2 2 1 1 739 1
5 combined1b 15 83 משה 2 1 2 1 1 564 1
5 combined1b 16 47 רשע 2 2 2 1 1 1228 1
5 combined1b 17 94 עדי 2 1 2 1 1 636 2
5 combined1b 18 34 רעל 2 2 2 1 1 1000 1
5 combined1b 19 75 אשראף 1 1 2 1 1 926 1
5 combined1b 20 59 נור 1 1 2 1 1 1424 1
5 combined1b 21 27 התרסקות 2 2 2 1 1 1461 1
5 combined1b 22 64 סאמיחה 1 1 2 1 1 823 1
5 combined1b 23 77 סאמירה 1 1 2 1 1 513 1
5 combined1b 24 73 סאלים 1 1 2 1 1 505 1
5 combined1b 25 70 תייסיר 1 1 2 1 1 609 1
5 combined1b 26 79 רונן 2 1 2 1 1 672 1
5 combined1b 27 66 פאטימה 1 1 2 1 1 807 1
5 combined1b 28 38 שנאה 2 2 2 1 1 1275 1
5 combined1b 29 80 יובל 2 1 2 1 1 745 2
5 combined1b 30 23 צחוק 1 2 2 1 1 943 1
5 combined1b 31 93 אורן 2 1 2 1 1 1249 1
5 combined1b 32 28 לכלוך 2 2 2 1 1 1220 1
5 combined1b 33 45 מכוער 2 2 2 1 1 724 1
5 combined1b 34 46 סרטן 2 2 2 1 1 811 1
5 combined1b 35 44 עוני 2 2 2 1 1 606 1
5 combined1b 36 87 נעמה 2 1 2 1 1 987 1
5 combined1b 37 100 יוכבד 2 1 2 1 1 599 1
5 combined1b 38 5 שלום 1 2 2 1 1 1354 1
5 combined1b 39 6 לעודד 1 2 2 1 1 1341 1
5 combined1b 40 88 ערן 2 1 2 1 1 877 1
5 combined1b 41 97 אהרון 2 1 2 1 1 527 1
5 combined1b 42 67 האדיל 1 1 2 1 1 1058 2
5 combined1b 43 85 מאיה 2 1 2 1 1 1368 1
5 combined1b 44 30 חולי 2 2 2 1 1 1016 1
5 combined1b 45 92 שמעון 2 1 2 1 1 640 1
5 combined1b 46 76 ראינאן 1 1 2 1 1 694 1
5 combined1b 47 4 אהבה 1 2 2 1 1 1078 1
5 combined1b 48 95 עידן 2 1 2 1 1 785 1
5 combined1b 49 91 רבקה 2 1 2 1 1 579 1
5 combined1b 50 39 זיהום 2 2 2 1 1 657 1
6 wb 1 33 מאיה 2 1 0 4 2 2437 1
6 wb 2 29 דני 2 1 0 4 2 747 1
6 wb 3 23 אשראף 1 1 0 3 2 528 1
6 wb 4 18 תייסיר 1 1 0 3 2 553 1
6 wb 5 28 יובל 2 1 0 4 2 530 1
6 wb 6 44 יפעת 2 1 0 4 2 903 1
6 wb 7 46 דויד 2 1 0 4 2 517 1
6 wb 8 9 ראפיק 1 1 0 3 2 468 1
6 wb 9 36 ערן 2 1 0 4 2 488 1
6 wb 10 25 סאמירה 1 1 0 3 2 447 1
6 wb 11 7 נור 1 1 0 3 2 615 1
6 wb 12 17 עאידה 1 1 0 3 2 465 1
6 wb 13 37 יאיר 2 1 0 4 2 428 1
6 wb 14 41 אורן 2 1 0 4 2 440 1
6 wb 15 11 עזיזה 1 1 0 3 2 628 1
6 wb 16 38 עמוס 2 1 0 4 2 623 1
6 wb 17 12 סאמיחה 1 1 0 3 2 558 1
6 wb 18 48 יוכבד 2 1 0 4 2 489 1
6 wb 19 20 עבד 1 1 0 3 2 507 1
6 wb 20 47 מיטל 2 1 0 4 2 661 1
6 wb 21 8 עליאן 1 1 0 3 2 558 1
6 wb 22 40 שמעון 2 1 0 4 2 551 1
6 wb 23 4 איברהים 1 1 0 3 2 483 1
6 wb 24 31 משה 2 1 0 4 2 491 1
6 wb 25 2 אחמד 1 1 0 3 2 493 1
6 wb 26 13 עביר 1 1 0 3 2 538 1
6 wb 27 19 ראניה 1 1 0 3 2 432 1
6 wb 28 10 סאמיר 1 1 0 3 2 436 1
6 wb 29 39 רבקה 2 1 0 4 2 427 1
6 wb 30 1 מוחמד 1 1 0 3 2 514 1
6 wb 31 35 נעמה 2 1 0 4 2 659 1
6 wb 32 50 יהודה 2 1 0 4 2 474 1
6 wb 33 21 סאלים 1 1 0 3 2 679 1
6 wb 34 6 איבתיסאם 1 1 0 3 2 542 2
6 wb 35 22 סוילמאן 1 1 0 3 2 641 1
6 wb 36 27 רונן 2 1 0 4 2 558 1
6 wb 37 30 אבי 2 1 0 4 2 490 1
6 wb 38 14 פאטימה 1 1 0 3 2 516 1
6 wb 39 45 אהרון 2 1 0 4 2 550 1
6 wb 40 42 עדי 2 1 0 4 2 701 1
6 wb 41 34 נועה 2 1 0 4 2 357 1
6 wb 42 49 ישראל 2 1 0 4 2 427 1
6 wb 43 24 ראינאן 1 1 0 3 2 574 1
6 wb 44 26 יאיר 2 1 0 4 2 460 1
6 wb 45 15 האדיל 1 1 0 3 2 554 1
6 wb 46 43 עידן 2 1 0 4 2 477 1
6 wb 47 16 נאדיה 1 1 0 3 2 623 1
6 wb 48 32 שני 2 1 0 4 2 459 1
6 wb 49 3 מדחאת 1 1 0 3 2 547 1
6 wb 50 5 מוסא 1 1 0 3 2 500 1
7 combined2 1 39 זיהום 2 2 1 3 2 2719 1
7 combined2 2 78 יאיר 2 1 1 3 2 649 1
7 combined2 3 29 רצח 2 2 1 3 2 882 1
7 combined2 4 56 איברהים 1 1 1 3 2 1837 1
7 combined2 5 98 דויד 2 1 1 3 2 637 1
7 combined2 6 26 התעללות 2 2 1 3 2 581 1
7 combined2 7 2 חופש 1 2 1 3 2 766 1
7 combined2 8 44 עוני 2 2 1 3 2 702 1
7 combined2 9 1 ללטף 1 2 1 3 2 726 1
7 combined2 10 38 שנאה 2 2 1 3 2 1637 1
7 combined2 11 21 משפחה 1 2 1 3 2 681 1
7 combined2 12 34 רעל 2 2 1 3 2 550 1
7 combined2 13 95 עידן 2 1 1 3 2 664 1
7 combined2 14 57 מוסא 1 1 1 3 2 497 1
7 combined2 15 40 טרגדיה 2 2 1 3 2 1034 1
7 combined2 16 41 פצצה 2 2 1 3 2 420 1
7 combined2 17 5 שלום 1 2 1 3 2 547 1
7 combined2 18 61 ראפיק 1 1 1 3 2 656 1
7 combined2 19 48 להרוג 2 2 1 3 2 654 1
7 combined2 20 13 כנה 1 2 1 3 2 931 1
7 combined2 21 42 גירושין 2 2 1 3 2 572 1
7 combined2 22 67 האדיל 1 1 1 3 2 610 1
7 combined2 23 80 יובל 2 1 1 3 2 832 1
7 combined2 24 31 תאונה 2 2 1 3 2 585 1
7 combined2 25 52 לכוד 2 2 1 3 2 562 1
7 combined2 26 93 אורן 2 1 1 3 2 632 1
7 combined2 27 90 עמוס 2 1 1 3 2 475 1
7 combined2 28 82 אבי 2 1 1 3 2 928 1
7 combined2 29 25 חופשה 1 2 1 3 2 871 1
7 combined2 30 85 מאיה 2 1 1 3 2 671 1
7 combined2 31 53 מוחמד 1 1 1 3 2 508 2
7 combined2 32 11 יהלום 1 2 1 3 2 643 1
7 combined2 33 73 סאלים 1 1 1 3 2 498 1
7 combined2 34 24 עילאי 1 2 1 3 2 793 1
7 combined2 35 65 עביר 1 1 1 3 2 942 1
7 combined2 36 8 כיף 1 2 1 3 2 514 1
7 combined2 37 66 פאטימה 1 1 1 3 2 626 1
7 combined2 38 63 עזיזה 1 1 1 3 2 687 1
7 combined2 39 22 שמחה 1 2 1 3 2 576 1
7 combined2 40 49 רקוב 2 2 1 3 2 697 1
7 combined2 41 12 עדין 1 2 1 3 2 641 1
7 combined2 42 99 מיטל 2 1 1 3 2 806 1
7 combined2 43 18 כבוד 1 2 1 3 2 559 1
7 combined2 44 88 ערן 2 1 1 3 2 486 1
7 combined2 45 86 נועה 2 1 1 3 2 444 1
7 combined2 46 70 תייסיר 1 1 1 3 2 422 1
7 combined2 47 23 צחוק 1 2 1 3 2 536 1
7 combined2 48 60 עליאן 1 1 1 3 2 454 1
7 combined2 49 51 צער 2 2 1 3 2 401 1
7 combined2 50 17 מתנה 1 2 1 3 2 558 1
8 combined2b 1 35 סירחון 2 2 1 3 2 1252 1
8 combined2b 2 9 נאמן 1 2 1 3 2 1369 1
8 combined2b 3 62 סאמיר 1 1 1 3 2 652 1
8 combined2b 4 32 מוות 2 2 1 3 2 584 1
8 combined2b 5 27 התרסקות 2 2 1 3 2 510 1
8 combined2b 6 97 אהרון 2 1 1 3 2 592 1
8 combined2b 7 81 דני 2 1 1 3 2 503 1
8 combined2b 8 4 אהבה 1 2 1 3 2 547 1
8 combined2b 9 50 קיא 2 2 1 3 2 634 1
8 combined2b 10 14 מזל 1 2 1 3 2 656 1
8 combined2b 11 15 קשת 1 2 1 3 2 440 1
8 combined2b 12 37 אסון 2 2 1 3 2 1089 1
8 combined2b 13 69 עאידה 1 1 1 3 2 622 1
8 combined2b 14 20 זריחה 1 2 1 3 2 570 1
8 combined2b 15 3 בריאות 1 2 1 3 2 1242 1
8 combined2b 16 77 סאמירה 1 1 1 3 2 623 1
8 combined2b 17 87 נעמה 2 1 1 3 2 606 1
8 combined2b 18 19 נס 1 2 1 3 2 618 1
8 combined2b 19 43 כלא 2 2 1 3 2 694 1
8 combined2b 20 7 חבר 1 2 1 3 2 636 1
8 combined2b 21 92 שמעון 2 1 1 3 2 718 1
8 combined2b 22 79 רונן 2 1 1 3 2 586 1
8 combined2b 23 10 תענוג 1 2 1 3 2 649 1
8 combined2b 24 75 אשראף 1 1 1 3 2 584 1
8 combined2b 25 91 רבקה 2 1 1 3 2 527 1
8 combined2b 26 71 ראניה 1 1 1 3 2 589 1
8 combined2b 27 45 מכוער 2 2 1 3 2 697 1
8 combined2b 28 33 אבל 2 2 1 3 2 893 1
8 combined2b 29 36 תקיפה 2 2 1 3 2 580 1
8 combined2b 30 46 סרטן 2 2 1 3 2 523 1
8 combined2b 31 96 יפעת 2 1 1 3 2 443 2
8 combined2b 32 58 איבתיסאם 1 1 1 3 2 513 1
8 combined2b 33 64 סאמיחה 1 1 1 3 2 424 2
8 combined2b 34 76 ראינאן 1 1 1 3 2 577 1
8 combined2b 35 59 נור 1 1 1 3 2 456 1
8 combined2b 36 6 לעודד 1 2 1 3 2 443 1
8 combined2b 37 55 מדחאת 1 1 1 3 2 582 1
8 combined2b 38 83 משה 2 1 1 3 2 617 1
8 combined2b 39 84 שני 2 1 1 3 2 479 1
8 combined2b 40 28 לכלוך 2 2 1 3 2 489 1
8 combined2b 41 100 יוכבד 2 1 1 3 2 539 1
8 combined2b 42 68 נאדיה 1 1 1 3 2 602 1
8 combined2b 43 72 עבד 1 1 1 3 2 946 1
8 combined2b 44 89 יאיר 2 1 1 3 2 654 1
8 combined2b 45 47 רשע 2 2 1 3 2 593 1
8 combined2b 46 16 הישג 1 2 1 3 2 330 2
8 combined2b 47 94 עדי 2 1 1 3 2 569 1
8 combined2b 48 74 סוילמאן 1 1 1 3 2 375 2
8 combined2b 49 54 אחמד 1 1 1 3 2 789 1
8 combined2b 50 30 חולי 2 2 1 3 2 667 1
9 wb 1 20 עבד 1 1 0 3 2 1560 1
9 wb 2 30 אבי 2 1 0 4 2 774 1
9 wb 3 47 מיטל 2 1 0 4 2 606 1
9 wb 4 4 איברהים 1 1 0 3 2 543 1
9 wb 5 39 רבקה 2 1 0 4 2 547 1
9 wb 6 3 מדחאת 1 1 0 3 2 513 1
9 wb 7 8 עליאן 1 1 0 3 2 458 1
9 wb 8 49 ישראל 2 1 0 4 2 509 1
9 wb 9 33 מאיה 2 1 0 4 2 426 1
9 wb 10 45 אהרון 2 1 0 4 2 443 1
9 wb 11 27 רונן 2 1 0 4 2 542 1
9 wb 12 28 יובל 2 1 0 4 2 420 1
9 wb 13 11 עזיזה 1 1 0 3 2 577 1
9 wb 14 23 אשראף 1 1 0 3 2 439 1
9 wb 15 29 דני 2 1 0 4 2 552 1
9 wb 16 5 מוסא 1 1 0 3 2 526 1
9 wb 17 18 תייסיר 1 1 0 3 2 445 1
9 wb 18 17 עאידה 1 1 0 3 2 355 1
9 wb 19 42 עדי 2 1 0 4 2 547 1
9 wb 20 2 אחמד 1 1 0 3 2 539 1
9 wb 21 44 יפעת 2 1 0 4 2 681 1
9 wb 22 46 דויד 2 1 0 4 2 385 1
9 wb 23 21 סאלים 1 1 0 3 2 464 1
9 wb 24 43 עידן 2 1 0 4 2 550 1
9 wb 25 24 ראינאן 1 1 0 3 2 504 1
9 wb 26 16 נאדיה 1 1 0 3 2 457 1
9 wb 27 12 סאמיחה 1 1 0 3 2 476 1
9 wb 28 10 סאמיר 1 1 0 3 2 397 1
9 wb 29 37 יאיר 2 1 0 4 2 487 1
9 wb 30 48 יוכבד 2 1 0 4 2 395 1
9 wb 31 41 אורן 2 1 0 4 2 424 1
9 wb 32 9 ראפיק 1 1 0 3 2 500 1
9 wb 33 13 עביר 1 1 0 3 2 469 2
9 wb 34 31 משה 2 1 0 4 2 754 1
9 wb 35 14 פאטימה 1 1 0 3 2 561 1
9 wb 36 40 שמעון 2 1 0 4 2 807 1
9 wb 37 25 סאמירה 1 1 0 3 2 636 1
9 wb 38 22 סוילמאן 1 1 0 3 2 528 1
9 wb 39 36 ערן 2 1 0 4 2 598 1
9 wb 40 1 מוחמד 1 1 0 3 2 828 1
9 wb 41 35 נעמה 2 1 0 4 2 691 1
9 wb 42 50 יהודה 2 1 0 4 2 1550 1
9 wb 43 19 ראניה 1 1 0 3 2 457 1
9 wb 44 32 שני 2 1 0 4 2 504 1
9 wb 45 7 נור 1 1 0 3 2 761 1
9 wb 46 15 האדיל 1 1 0 3 2 478 2
9 wb 47 38 עמוס 2 1 0 4 2 877 1
9 wb 48 34 נועה 2 1 0 4 2 1557 1
9 wb 49 6 איבתיסאם 1 1 0 3 2 577 1
9 wb 50 26 יאיר 2 1 0 4 2 455 1
10 combined2 1 49 רקוב 2 2 1 4 2 1632 1
10 combined2 2 13 כנה 1 2 1 4 2 773 1
10 combined2 3 72 עבד 1 1 1 4 2 1069 1
10 combined2 4 46 סרטן 2 2 1 4 2 660 1
10 combined2 5 7 חבר 1 2 1 4 2 615 1
10 combined2 6 34 רעל 2 2 1 4 2 484 1
10 combined2 7 68 נאדיה 1 1 1 4 2 492 1
10 combined2 8 90 עמוס 2 1 1 4 2 534 1
10 combined2 9 27 התרסקות 2 2 1 4 2 643 1
10 combined2 10 52 לכוד 2 2 1 4 2 505 1
10 combined2 11 17 מתנה 1 2 1 4 2 551 1
10 combined2 12 19 נס 1 2 1 4 2 463 2
10 combined2 13 86 נועה 2 1 1 4 2 530 2
10 combined2 14 30 חולי 2 2 1 4 2 565 1
10 combined2 15 100 יוכבד 2 1 1 4 2 669 1
10 combined2 16 54 אחמד 1 1 1 4 2 991 1
10 combined2 17 15 קשת 1 2 1 4 2 934 1
10 combined2 18 67 האדיל 1 1 1 4 2 1250 1
10 combined2 19 20 זריחה 1 2 1 4 2 525 1
10 combined2 20 35 סירחון 2 2 1 4 2 498 1
10 combined2 21 31 תאונה 2 2 1 4 2 485 1
10 combined2 22 73 סאלים 1 1 1 4 2 440 1
10 combined2 23 12 עדין 1 2 1 4 2 708 1
10 combined2 24 28 לכלוך 2 2 1 4 2 995 1
10 combined2 25 8 כיף 1 2 1 4 2 857 1
10 combined2 26 58 איבתיסאם 1 1 1 4 2 500 1
10 combined2 27 51 צער 2 2 1 4 2 708 1
10 combined2 28 81 דני 2 1 1 4 2 669 1
10 combined2 29 71 ראניה 1 1 1 4 2 733 1
10 combined2 30 70 תייסיר 1 1 1 4 2 716 1
10 combined2 31 63 עזיזה 1 1 1 4 2 571 1
10 combined2 32 99 מיטל 2 1 1 4 2 514 1
10 combined2 33 47 רשע 2 2 1 4 2 751 1
10 combined2 34 94 עדי 2 1 1 4 2 630 1
10 combined2 35 38 שנאה 2 2 1 4 2 850 1
10 combined2 36 53 מוחמד 1 1 1 4 2 583 1
10 combined2 37 77 סאמירה 1 1 1 4 2 491 1
10 combined2 38 10 תענוג 1 2 1 4 2 395 2
10 combined2 39 64 סאמיחה 1 1 1 4 2 550 1
10 combined2 40 24 עילאי 1 2 1 4 2 1046 1
10 combined2 41 44 עוני 2 2 1 4 2 664 1
10 combined2 42 97 אהרון 2 1 1 4 2 513 1
10 combined2 43 37 אסון 2 2 1 4 2 401 2
10 combined2 44 79 רונן 2 1 1 4 2 817 1
10 combined2 45 55 מדחאת 1 1 1 4 2 470 1
10 combined2 46 40 טרגדיה 2 2 1 4 2 434 1
10 combined2 47 26 התעללות 2 2 1 4 2 515 1
10 combined2 48 60 עליאן 1 1 1 4 2 564 1
10 combined2 49 69 עאידה 1 1 1 4 2 457 1
10 combined2 50 18 כבוד 1 2 1 4 2 599 1
11 combined2b 1 3 בריאות 1 2 1 4 2 1876 1
11 combined2b 2 84 שני 2 1 1 4 2 1644 1
11 combined2b 3 6 לעודד 1 2 1 4 2 540 1
11 combined2b 4 23 צחוק 1 2 1 4 2 480 1
11 combined2b 5 21 משפחה 1 2 1 4 2 454 1
11 combined2b 6 42 גירושין 2 2 1 4 2 560 1
11 combined2b 7 5 שלום 1 2 1 4 2 583 1
11 combined2b 8 88 ערן 2 1 1 4 2 868 1
11 combined2b 9 16 הישג 1 2 1 4 2 784 1
11 combined2b 10 25 חופשה 1 2 1 4 2 540 1
11 combined2b 11 78 יאיר 2 1 1 4 2 359 1
11 combined2b 12 32 מוות 2 2 1 4 2 503 1
11 combined2b 13 59 נור 1 1 1 4 2 732 1
11 combined2b 14 14 מזל 1 2 1 4 2 1089 1
11 combined2b 15 1 ללטף 1 2 1 4 2 644 1
11 combined2b 16 66 פאטימה 1 1 1 4 2 660 1
11 combined2b 17 65 עביר 1 1 1 4 2 757 1
11 combined2b 18 62 סאמיר 1 1 1 4 2 563 1
11 combined2b 19 41 פצצה 2 2 1 4 2 552 1
11 combined2b 20 9 נאמן 1 2 1 4 2 666 1
11 combined2b 21 91 רבקה 2 1 1 4 2 580 1
11 combined2b 22 4 אהבה 1 2 1 4 2 513 1
11 combined2b 23 98 דויד 2 1 1 4 2 616 1
11 combined2b 24 36 תקיפה 2 2 1 4 2 701 1
11 combined2b 25 2 חופש 1 2 1 4 2 638 1
11 combined2b 26 93 אורן 2 1 1 4 2 937 1
11 combined2b 27 82 אבי 2 1 1 4 2 622 1
11 combined2b 28 92 שמעון 2 1 1 4 2 380 1
11 combined2b 29 75 אשראף 1 1 1 4 2 449 1
11 combined2b 30 45 מכוער 2 2 1 4 2 478 1
11 combined2b 31 56 איברהים 1 1 1 4 2 447 1
11 combined2b 32 11 יהלום 1 2 1 4 2 801 1
11 combined2b 33 80 יובל 2 1 1 4 2 949 1
11 combined2b 34 83 משה 2 1 1 4 2 538 1
11 combined2b 35 61 ראפיק 1 1 1 4 2 573 1
11 combined2b 36 87 נעמה 2 1 1 4 2 569 1
11 combined2b 37 39 זיהום 2 2 1 4 2 688 1
11 combined2b 38 95 עידן 2 1 1 4 2 559 1
11 combined2b 39 89 יאיר 2 1 1 4 2 806 1
11 combined2b 40 57 מוסא 1 1 1 4 2 1187 1
11 combined2b 41 22 שמחה 1 2 1 4 2 585 1
11 combined2b 42 76 ראינאן 1 1 1 4 2 693 1
11 combined2b 43 85 מאיה 2 1 1 4 2 665 1
11 combined2b 44 74 סוילמאן 1 1 1 4 2 537 1
11 combined2b 45 33 אבל 2 2 1 4 2 589 2
11 combined2b 46 96 יפעת 2 1 1 4 2 564 1
11 combined2b 47 50 קיא 2 2 1 4 2 578 1
11 combined2b 48 48 להרוג 2 2 1 4 2 788 1
11 combined2b 49 29 רצח 2 2 1 4 2 673 1
11 combined2b 50 43 כלא 2 2 1 4 2 641 1
12 bw 1 34 נועה 2 1 0 4 1 2344 1
12 bw 2 32 שני 2 1 0 4 1 489 1
12 bw 3 19 ראניה 1 1 0 3 1 499 1
12 bw 4 6 איבתיסאם 1 1 0 3 1 546 1
12 bw 5 44 יפעת 2 1 0 4 1 596 1
12 bw 6 25 סאמירה 1 1 0 3 1 456 1
12 bw 7 9 ראפיק 1 1 0 3 1 483 1
12 bw 8 37 יאיר 2 1 0 4 1 470 1
12 bw 9 21 סאלים 1 1 0 3 1 472 1
12 bw 10 17 עאידה 1 1 0 3 1 585 1
12 bw 11 26 יאיר 2 1 0 4 1 430 1
12 bw 12 28 יובל 2 1 0 4 1 545 1
12 bw 13 18 תייסיר 1 1 0 3 1 610 1
12 bw 14 8 עליאן 1 1 0 3 1 539 1
12 bw 15 23 אשראף 1 1 0 3 1 427 1
12 bw 16 29 דני 2 1 0 4 1 486 1
12 bw 17 30 אבי 2 1 0 4 1 491 1
12 bw 18 5 מוסא 1 1 0 3 1 451 1
12 bw 19 48 יוכבד 2 1 0 4 1 493 1
12 bw 20 42 עדי 2 1 0 4 1 488 1
12 bw 21 7 נור 1 1 0 3 1 416 2
12 bw 22 40 שמעון 2 1 0 4 1 711 1
12 bw 23 10 סאמיר 1 1 0 3 1 496 1
12 bw 24 24 ראינאן 1 1 0 3 1 447 1
12 bw 25 38 עמוס 2 1 0 4 1 646 1
12 bw 26 22 סוילמאן 1 1 0 3 1 806 1
12 bw 27 13 עביר 1 1 0 3 1 772 1
12 bw 28 4 איברהים 1 1 0 3 1 1025 1
12 bw 29 49 ישראל 2 1 0 4 1 581 1
12 bw 30 15 האדיל 1 1 0 3 1 591 1
12 bw 31 33 מאיה 2 1 0 4 1 551 1
12 bw 32 14 פאטימה 1 1 0 3 1 517 1
12 bw 33 41 אורן 2 1 0 4 1 476 1
12 bw 34 36 ערן 2 1 0 4 1 665 1
12 bw 35 27 רונן 2 1 0 4 1 468 1
12 bw 36 46 דויד 2 1 0 4 1 485 1
12 bw 37 31 משה 2 1 0 4 1 447 1
12 bw 38 47 מיטל 2 1 0 4 1 450 1
12 bw 39 2 אחמד 1 1 0 3 1 699 1
12 bw 40 11 עזיזה 1 1 0 3 1 678 1
12 bw 41 1 מוחמד 1 1 0 3 1 631 1
12 bw 42 50 יהודה 2 1 0 4 1 578 1
12 bw 43 35 נעמה 2 1 0 4 1 1017 1
12 bw 44 20 עבד 1 1 0 3 1 442 2
12 bw 45 12 סאמיחה 1 1 0 3 1 490 1
12 bw 46 39 רבקה 2 1 0 4 1 746 1
12 bw 47 45 אהרון 2 1 0 4 1 525 1
12 bw 48 16 נאדיה 1 1 0 3 1 529 1
12 bw 49 3 מדחאת 1 1 0 3 1 530 1
12 bw 50 43 עידן 2 1 0 4 1 544 1
13 combined1 1 43 כלא 2 2 2 4 1 1458 1
13 combined1 2 52 לכוד 2 2 2 4 1 634 1
13 combined1 3 72 עבד 1 1 2 4 1 662 2
13 combined1 4 54 אחמד 1 1 2 4 1 901 1
13 combined1 5 60 עליאן 1 1 2 4 1 589 1
13 combined1 6 34 רעל 2 2 2 4 1 796 1
13 combined1 7 2 חופש 1 2 2 4 1 638 1
13 combined1 8 69 עאידה 1 1 2 4 1 662 1
13 combined1 9 92 שמעון 2 1 2 4 1 625 1
13 combined1 10 87 נעמה 2 1 2 4 1 708 1
13 combined1 11 75 אשראף 1 1 2 4 1 640 1
13 combined1 12 86 נועה 2 1 2 4 1 754 1
13 combined1 13 36 תקיפה 2 2 2 4 1 913 1
13 combined1 14 83 משה 2 1 2 4 1 793 1
13 combined1 15 29 רצח 2 2 2 4 1 718 1
13 combined1 16 82 אבי 2 1 2 4 1 474 1
13 combined1 17 8 כיף 1 2 2 4 1 569 2
13 combined1 18 41 פצצה 2 2 2 4 1 1082 1
13 combined1 19 33 אבל 2 2 2 4 1 852 1
13 combined1 20 7 חבר 1 2 2 4 1 757 1
13 combined1 21 56 איברהים 1 1 2 4 1 803 1
13 combined1 22 4 אהבה 1 2 2 4 1 768 2
13 combined1 23 19 נס 1 2 2 4 1 1026 1
13 combined1 24 17 מתנה 1 2 2 4 1 525 1
13 combined1 25 35 סירחון 2 2 2 4 1 644 1
13 combined1 26 45 מכוער 2 2 2 4 1 903 1
13 combined1 27 48 להרוג 2 2 2 4 1 874 1
13 combined1 28 23 צחוק 1 2 2 4 1 979 1
13 combined1 29 16 הישג 1 2 2 4 1 748 1
13 combined1 30 5 שלום 1 2 2 4 1 771 1
13 combined1 31 81 דני 2 1 2 4 1 949 1
13 combined1 32 96 יפעת 2 1 2 4 1 901 1
13 combined1 33 42 גירושין 2 2 2 4 1 812 1
13 combined1 34 44 עוני 2 2 2 4 1 1543 1
13 combined1 35 57 מוסא 1 1 2 4 1 802 1
13 combined1 36 31 תאונה 2 2 2 4 1 1067 1
13 combined1 37 21 משפחה 1 2 2 4 1 1069 1
13 combined1 38 1 ללטף 1 2 2 4 1 892 1
13 combined1 39 64 סאמיחה 1 1 2 4 1 1055 1
13 combined1 40 30 חולי 2 2 2 4 1 903 2
13 combined1 41 50 קיא 2 2 2 4 1 739 1
13 combined1 42 15 קשת 1 2 2 4 1 724 1
13 combined1 43 46 סרטן 2 2 2 4 1 603 1
13 combined1 44 63 עזיזה 1 1 2 4 1 768 2
13 combined1 45 98 דויד 2 1 2 4 1 780 1
13 combined1 46 55 מדחאת 1 1 2 4 1 771 1
13 combined1 47 90 עמוס 2 1 2 4 1 809 1
13 combined1 48 76 ראינאן 1 1 2 4 1 718 1
13 combined1 49 53 מוחמד 1 1 2 4 1 1165 1
13 combined1 50 99 מיטל 2 1 2 4 1 1467 1
14 combined1b 1 65 עביר 1 1 2 4 1 3127 1
14 combined1b 2 91 רבקה 2 1 2 4 1 736 1
14 combined1b 3 14 מזל 1 2 2 4 1 1614 1
14 combined1b 4 38 שנאה 2 2 2 4 1 809 1
14 combined1b 5 71 ראניה 1 1 2 4 1 708 1
14 combined1b 6 10 תענוג 1 2 2 4 1 765 1
14 combined1b 7 68 נאדיה 1 1 2 4 1 955 1
14 combined1b 8 3 בריאות 1 2 2 4 1 1170 1
14 combined1b 9 6 לעודד 1 2 2 4 1 780 1
14 combined1b 10 62 סאמיר 1 1 2 4 1 783 1
14 combined1b 11 24 עילאי 1 2 2 4 1 802 1
14 combined1b 12 49 רקוב 2 2 2 4 1 820 1
14 combined1b 13 47 רשע 2 2 2 4 1 791 1
14 combined1b 14 94 עדי 2 1 2 4 1 634 1
14 combined1b 15 74 סוילמאן 1 1 2 4 1 633 1
14 combined1b 16 58 איבתיסאם 1 1 2 4 1 580 1
14 combined1b 17 40 טרגדיה 2 2 2 4 1 1663 1
14 combined1b 18 25 חופשה 1 2 2 4 1 681 1
14 combined1b 19 88 ערן 2 1 2 4 1 750 1
14 combined1b 20 78 יאיר 2 1 2 4 1 555 1
14 combined1b 21 61 ראפיק 1 1 2 4 1 666 1
14 combined1b 22 70 תייסיר 1 1 2 4 1 867 1
14 combined1b 23 66 פאטימה 1 1 2 4 1 552 1
14 combined1b 24 84 שני 2 1 2 4 1 703 1
14 combined1b 25 22 שמחה 1 2 2 4 1 731 1
14 combined1b 26 20 זריחה 1 2 2 4 1 582 1
14 combined1b 27 85 מאיה 2 1 2 4 1 582 2
14 combined1b 28 11 יהלום 1 2 2 4 1 2550 1
14 combined1b 29 39 זיהום 2 2 2 4 1 705 1
14 combined1b 30 37 אסון 2 2 2 4 1 559 1
14 combined1b 31 27 התרסקות 2 2 2 4 1 613 1
14 combined1b 32 12 עדין 1 2 2 4 1 817 1
14 combined1b 33 95 עידן 2 1 2 4 1 992 1
14 combined1b 34 89 יאיר 2 1 2 4 1 919 1
14 combined1b 35 9 נאמן 1 2 2 4 1 1051 1
14 combined1b 36 97 אהרון 2 1 2 4 1 669 1
14 combined1b 37 79 רונן 2 1 2 4 1 512 1
14 combined1b 38 73 סאלים 1 1 2 4 1 613 1
14 combined1b 39 51 צער 2 2 2 4 1 659 1
14 combined1b 40 80 יובל 2 1 2 4 1 1054 1
14 combined1b 41 28 לכלוך 2 2 2 4 1 1002 1
14 combined1b 42 26 התעללות 2 2 2 4 1 821 1
14 combined1b 43 77 סאמירה 1 1 2 4 1 578 2
14 combined1b 44 18 כבוד 1 2 2 4 1 1487 1
14 combined1b 45 13 כנה 1 2 2 4 1 810 1
14 combined1b 46 59 נור 1 1 2 4 1 2822 1
14 combined1b 47 32 מוות 2 2 2 4 1 917 1
14 combined1b 48 100 יוכבד 2 1 2 4 1 687 2
14 combined1b 49 93 אורן 2 1 2 4 1 1059 1
14 combined1b 50 67 האדיל 1 1 2 4 1 2079 2
251 249 0
