4 combined1 1 6 לעודד 1 2 2 2 1 1499 1
4 combined1 2 76 ראינאן 1 1 2 2 1 1173 1
4 combined1 3 45 מכוער 2 2 2 2 1 1127 1
4 combined1 4 37 אסון 2 2 2 2 1 694 1
4 combined1 5 18 כבוד 1 2 2 2 1 807 1
4 combined1 6 7 חבר 1 2 2 2 1 706 1
4 combined1 7 62 סאמיר 1 1 2 2 1 738 1
4 combined1 8 5 שלום 1 2 2 2 1 902 1
4 combined1 9 98 דויד 2 1 2 2 1 1202 1
4 combined1 10 56 איברהים 1 1 2 2 1 608 1
4 combined1 11 36 תקיפה 2 2 2 2 1 1054 1
4 combined1 12 95 עידן 2 1 2 2 1 1128 2
4 combined1 13 28 לכלוך 2 2 2 2 1 905 1
4 combined1 14 23 צחוק 1 2 2 2 1 754 1
4 combined1 15 70 פארחה 1 1 2 2 1 541 1
4 combined1 16 9 נאמן 1 2 2 2 1 1432 1
4 combined1 17 89 יאיר 2 1 2 2 1 703 1
4 combined1 18 24 עילאי 1 2 2 2 1 1013 2
4 combined1 19 40 טרגדיה 2 2 2 2 1 1540 1
4 combined1 20 79 רונן 2 1 2 2 1 976 1
4 combined1 21 86 נועה 2 1 2 2 1 1041 1
4 combined1 22 16 הישג 1 2 2 2 1 815 2
4 combined1 23 51 צער 2 2 2 2 1 1728 1
4 combined1 24 81 דני 2 1 2 2 1 819 1
4 combined1 25 83 משה 2 1 2 2 1 854 1
4 combined1 26 61 ראפיק 1 1 2 2 1 1227 1
4 combined1 27 87 נעמה 2 1 2 2 1 2333 1
4 combined1 28 72 עבד 1 1 2 2 1 262 2
4 combined1 29 77 סאמירה 1 1 2 2 1 642 1
4 combined1 30 59 עמיר 1 1 2 2 1 519 1
4 combined1 31 94 עדי 2 1 2 2 1 719 1
4 combined1 32 88 ערן 2 1 2 2 1 475 1
4 combined1 33 97 אהרון 2 1 2 2 1 586 1
4 combined1 34 53 מוחמד 1 1 2 2 1 653 1
4 combined1 35 27 התרסקות 2 2 2 2 1 867 1
4 combined1 36 43 כלא 2 2 2 2 1 638 1
4 combined1 37 42 גירושין 2 2 2 2 1 1232 1
4 combined1 38 91 רבקה 2 1 2 2 1 718 1
4 combined1 39 78 יאיר 2 1 2 2 1 721 1
4 combined1 40 25 חופשה 1 2 2 2 1 545 2
4 combined1 41 10 תענוג 1 2 2 2 1 411 1
4 combined1 42 29 רצח 2 2 2 2 1 331 2
4 combined1 43 12 עדין 1 2 2 2 1 322 2
4 combined1 44 2 חופש 1 2 2 2 1 638 2
4 combined1 45 54 אחמד 1 1 2 2 1 711 1
4 combined1 46 71 ראניה 1 1 2 2 1 562 1
4 combined1 47 58 איבתיסאם 1 1 2 2 1 423 1
4 combined1 48 74 סוילמאן 1 1 2 2 1 402 1
4 combined1 49 63 עזיזה 1 1 2 2 1 437 1
4 combined1 50 84 שני 2 1 2 2 1 706 1
5 combined1b 1 3 בריאות 1 2 2 2 1 1470 1
5 combined1b 2 50 קיא 2 2 2 2 1 1097 1
5 combined1b 3 57 מוסא 1 1 2 2 1 965 1
5 combined1b 4 44 עוני 2 2 2 2 1 1354 1
5 combined1b 5 33 אבל 2 2 2 2 1 1854 1
5 combined1b 6 48 להרוג 2 2 2 2 1 876 1
5 combined1b 7 22 שמחה 1 2 2 2 1 2153 1
5 combined1b 8 20 זריחה 1 2 2 2 1 1059 1
5 combined1b 9 39 זיהום 2 2 2 2 1 697 1
5 combined1b 10 65 עביר 1 1 2 2 1 775 1
5 combined1b 11 26 התעללות 2 2 2 2 1 1089 1
5 combined1b 12 55 מדחאת 1 1 2 2 1 1077 1
5 combined1b 13 46 סרטן 2 2 2 2 1 924 1
5 combined1b 14 34 רעל 2 2 2 2 1 593 1
5 combined1b 15 66 פאטימה 1 1 2 2 1 850 2
5 combined1b 16 4 אהבה 1 2 2 2 1 1115 1
5 combined1b 17 52 לכוד 2 2 2 2 1 1386 1
5 combined1b 18 80 יובל 2 1 2 2 1 706 1
5 combined1b 19 82 אבי 2 1 2 2 1 575 1
5 combined1b 20 15 קשת 1 2 2 2 1 784 1
5 combined1b 21 68 נאדיה 1 1 2 2 1 1273 1
5 combined1b 22 17 מתנה 1 2 2 2 1 1285 1
5 combined1b 23 32 מוות 2 2 2 2 1 979 1
5 combined1b 24 69 עאידה 1 1 2 2 1 842 2
5 combined1b 25 30 חולי 2 2 2 2 1 1193 1
5 combined1b 26 92 שנעון 2 1 2 2 1 890 1
5 combined1b 27 99 מיטל 2 1 2 2 1 1466 1
5 combined1b 28 1 ללטף 1 2 2 2 1 996 1
5 combined1b 29 67 האדיל 1 1 2 2 1 1730 1
5 combined1b 30 100 יוכבד 2 1 2 2 1 257 2
5 combined1b 31 96 יפעת 2 1 2 2 1 668 1
5 combined1b 32 35 סירחון 2 2 2 2 1 810 1
5 combined1b 33 49 רקוב 2 2 2 2 1 702 1
5 combined1b 34 38 שנאה 2 2 2 2 1 624 1
5 combined1b 35 60 עליאן 1 1 2 2 1 971 1
5 combined1b 36 85 מאיה 2 1 2 2 1 827 1
5 combined1b 37 64 סאמיחה 1 1 2 2 1 1717 1
5 combined1b 38 13 כנה 1 2 2 2 1 1239 1
5 combined1b 39 21 משפחה 1 2 2 2 1 473 1
5 combined1b 40 11 יהלום 1 2 2 2 1 698 1
5 combined1b 41 90 עמוס 2 1 2 2 1 857 1
5 combined1b 42 31 תאונה 2 2 2 2 1 945 1
5 combined1b 43 47 רשע 2 2 2 2 1 970 1
5 combined1b 44 19 נס 1 2 2 2 1 1351 2
5 combined1b 45 8 כיף 1 2 2 2 1 515 1
5 combined1b 46 41 פצצה 2 2 2 2 1 650 1
5 combined1b 47 93 אורן 2 1 2 2 1 754 1
5 combined1b 48 14 מזל 1 2 2 2 1 561 1
5 combined1b 49 73 סאלים 1 1 2 2 1 787 2
5 combined1b 50 75 אשראף 1 1 2 2 1 736 1
7 combined2 1 80 יובל 2 1 1 4 2 1060 1
7 combined2 2 41 פצצה 2 2 1 4 2 1068 1
7 combined2 3 50 קיא 2 2 1 4 2 613 1
7 combined2 4 95 עידן 2 1 1 4 2 828 1
7 combined2 5 10 תענוג 1 2 1 4 2 1110 1
7 combined2 6 70 פארחה 1 1 1 4 2 738 1
7 combined2 7 13 כנה 1 2 1 4 2 1219 1
7 combined2 8 57 מוסא 1 1 1 4 2 791 1
7 combined2 9 7 חבר 1 2 1 4 2 691 1
7 combined2 10 67 האדיל 1 1 1 4 2 941 1
7 combined2 11 2 חופש 1 2 1 4 2 947 1
7 combined2 12 4 אהבה 1 2 1 4 2 1304 1
7 combined2 13 11 יהלום 1 2 1 4 2 635 1
7 combined2 14 6 לעודד 1 2 1 4 2 705 1
7 combined2 15 82 אבי 2 1 1 4 2 594 1
7 combined2 16 90 עמוס 2 1 1 4 2 624 1
7 combined2 17 34 רעל 2 2 1 4 2 660 1
7 combined2 18 98 דויד 2 1 1 4 2 576 1
7 combined2 19 85 מאיה 2 1 1 4 2 1025 2
7 combined2 20 60 עליאן 1 1 1 4 2 686 1
7 combined2 21 29 רצח 2 2 1 4 2 651 1
7 combined2 22 77 סאמירה 1 1 1 4 2 750 1
7 combined2 23 53 מוחמד 1 1 1 4 2 499 1
7 combined2 24 26 התעללות 2 2 1 4 2 853 1
7 combined2 25 56 איברהים 1 1 1 4 2 593 1
7 combined2 26 28 לכלוך 2 2 1 4 2 666 1
7 combined2 27 76 ראינאן 1 1 1 4 2 549 1
7 combined2 28 97 אהרון 2 1 1 4 2 552 1
7 combined2 29 93 אורן 2 1 1 4 2 757 1
7 combined2 30 36 תקיפה 2 2 1 4 2 2408 1
7 combined2 31 55 מדחאת 1 1 1 4 2 1042 1
7 combined2 32 22 שמחה 1 2 1 4 2 714 1
7 combined2 33 19 נס 1 2 1 4 2 1089 1
7 combined2 34 72 עבד 1 1 1 4 2 1132 1
7 combined2 35 24 עילאי 1 2 1 4 2 1194 1
7 combined2 36 64 סאמיחה 1 1 1 4 2 1124 1
7 combined2 37 21 משפחה 1 2 1 4 2 1080 1
7 combined2 38 5 שלום 1 2 1 4 2 575 1
7 combined2 39 23 צחוק 1 2 1 4 2 709 1
7 combined2 40 32 מוות 2 2 1 4 2 889 1
7 combined2 41 79 רונן 2 1 1 4 2 1412 1
7 combined2 42 44 עוני 2 2 1 4 2 1702 1
7 combined2 43 87 נעמה 2 1 1 4 2 2392 1
7 combined2 44 94 עדי 2 1 1 4 2 735 1
7 combined2 45 20 זריחה 1 2 1 4 2 1035 1
7 combined2 46 59 עמיר 1 1 1 4 2 927 1
7 combined2 47 66 פאטימה 1 1 1 4 2 557 1
7 combined2 48 68 נאדיה 1 1 1 4 2 455 1
7 combined2 49 81 דני 2 1 1 4 2 529 1
7 combined2 50 96 יפעת 2 1 1 4 2 920 1
8 combined2b 1 48 להרוג 2 2 1 4 2 1009 1
8 combined2b 2 62 סאמיר 1 1 1 4 2 559 1
8 combined2b 3 58 איבתיסאם 1 1 1 4 2 428 1
8 combined2b 4 3 בריאות 1 2 1 4 2 904 1
8 combined2b 5 63 עזיזה 1 1 1 4 2 708 1
8 combined2b 6 17 מתנה 1 2 1 4 2 961 1
8 combined2b 7 39 זיהום 2 2 1 4 2 695 1
8 combined2b 8 47 רשע 2 2 1 4 2 1457 1
8 combined2b 9 78 יאיר 2 1 1 4 2 733 1
8 combined2b 10 74 סוילמאן 1 1 1 4 2 853 1
8 combined2b 11 92 שנעון 2 1 1 4 2 1037 1
8 combined2b 12 27 התרסקות 2 2 1 4 2 938 1
8 combined2b 13 71 ראניה 1 1 1 4 2 656 1
8 combined2b 14 25 חופשה 1 2 1 4 2 611 1
8 combined2b 15 89 יאיר 2 1 1 4 2 372 1
8 combined2b 16 61 ראפיק 1 1 1 4 2 608 1
8 combined2b 17 1 ללטף 1 2 1 4 2 829 1
8 combined2b 18 52 לכוד 2 2 1 4 2 802 1
8 combined2b 19 14 מזל 1 2 1 4 2 684 1
8 combined2b 20 46 סרטן 2 2 1 4 2 658 1
8 combined2b 21 35 סירחון 2 2 1 4 2 593 1
8 combined2b 22 75 אשראף 1 1 1 4 2 840 1
8 combined2b 23 88 ערן 2 1 1 4 2 558 1
8 combined2b 24 86 נועה 2 1 1 4 2 370 1
8 combined2b 25 40 טרגדיה 2 2 1 4 2 271 2
8 combined2b 26 42 גירושין 2 2 1 4 2 515 1
8 combined2b 27 43 כלא 2 2 1 4 2 464 1
8 combined2b 28 31 תאונה 2 2 1 4 2 627 1
8 combined2b 29 84 שני 2 1 1 4 2 531 1
8 combined2b 30 33 אבל 2 2 1 4 2 859 1
8 combined2b 31 65 עביר 1 1 1 4 2 587 1
8 combined2b 32 18 כבוד 1 2 1 4 2 502 1
8 combined2b 33 12 עדין 1 2 1 4 2 553 1
8 combined2b 34 73 סאלים 1 1 1 4 2 693 1
8 combined2b 35 83 משה 2 1 1 4 2 556 1
8 combined2b 36 9 נאמן 1 2 1 4 2 647 1
8 combined2b 37 91 רבקה 2 1 1 4 2 1039 2
8 combined2b 38 100 יוכבד 2 1 1 4 2 550 1
8 combined2b 39 99 מיטל 2 1 1 4 2 500 1
8 combined2b 40 69 עאידה 1 1 1 4 2 575 1
8 combined2b 41 51 צער 2 2 1 4 2 797 1
8 combined2b 42 38 שנאה 2 2 1 4 2 797 1
8 combined2b 43 16 הישג 1 2 1 4 2 631 1
8 combined2b 44 15 קשת 1 2 1 4 2 319 1
8 combined2b 45 8 כיף 1 2 1 4 2 398 1
8 combined2b 46 30 חולי 2 2 1 4 2 652 1
8 combined2b 47 37 אסון 2 2 1 4 2 812 1
8 combined2b 48 49 רקוב 2 2 1 4 2 104 1
8 combined2b 49 45 מכוער 2 2 1 4 2 527 1
8 combined2b 50 54 אחמד 1 1 1 4 2 576 1
10 combined2 1 51 צער 2 2 1 4 2 1045 1
10 combined2 2 67 האדיל 1 1 1 4 2 607 1
10 combined2 3 68 נאדיה 1 1 1 4 2 492 1
10 combined2 4 28 לכלוך 2 2 1 4 2 636 1
10 combined2 5 2 חופש 1 2 1 4 2 480 1
10 combined2 6 70 פארחה 1 1 1 4 2 652 1
10 combined2 7 27 התרסקות 2 2 1 4 2 564 1
10 combined2 8 63 עזיזה 1 1 1 4 2 601 1
10 combined2 9 75 אשראף 1 1 1 4 2 497 1
10 combined2 10 61 ראפיק 1 1 1 4 2 406 1
10 combined2 11 80 יובל 2 1 1 4 2 530 1
10 combined2 12 12 עדין 1 2 1 4 2 692 1
10 combined2 13 55 מדחאת 1 1 1 4 2 783 1
10 combined2 14 14 מזל 1 2 1 4 2 555 1
10 combined2 15 82 אבי 2 1 1 4 2 627 1
10 combined2 16 91 רבקה 2 1 1 4 2 566 1
10 combined2 17 33 אבל 2 2 1 4 2 791 1
10 combined2 18 25 חופשה 1 2 1 4 2 900 1
10 combined2 19 62 סאמיר 1 1 1 4 2 665 1
10 combined2 20 46 סרטן 2 2 1 4 2 667 1
10 combined2 21 57 מוסא 1 1 1 4 2 474 1
10 combined2 22 65 עביר 1 1 1 4 2 645 1
10 combined2 23 54 אחמד 1 1 1 4 2 529 1
10 combined2 24 90 עמוס 2 1 1 4 2 663 1
10 combined2 25 48 להרוג 2 2 1 4 2 686 1
10 combined2 26 69 עאידה 1 1 1 4 2 549 1
10 combined2 27 36 תקיפה 2 2 1 4 2 747 1
10 combined2 28 31 תאונה 2 2 1 4 2 531 1
10 combined2 29 38 שנאה 2 2 1 4 2 464 1
10 combined2 30 76 ראינאן 1 1 1 4 2 568 1
10 combined2 31 79 רונן 2 1 1 4 2 515 1
10 combined2 32 60 עליאן 1 1 1 4 2 776 1
10 combined2 33 93 אורן 2 1 1 4 2 749 1
10 combined2 34 30 חולי 2 2 1 4 2 697 1
10 combined2 35 7 חבר 1 2 1 4 2 532 1
10 combined2 36 95 עידן 2 1 1 4 2 530 1
10 combined2 37 89 יאיר 2 1 1 4 2 444 1
10 combined2 38 32 מוות 2 2 1 4 2 596 1
10 combined2 39 44 עוני 2 2 1 4 2 639 2
10 combined2 40 3 בריאות 1 2 1 4 2 730 1
10 combined2 41 21 משפחה 1 2 1 4 2 1111 1
10 combined2 42 15 קשת 1 2 1 4 2 590 1
10 combined2 43 92 שנעון 2 1 1 4 2 816 1
10 combined2 44 96 יפעת 2 1 1 4 2 921 1
10 combined2 45 45 מכוער 2 2 1 4 2 846 1
10 combined2 46 19 נס 1 2 1 4 2 609 1
10 combined2 47 87 נעמה 2 1 1 4 2 909 1
10 combined2 48 20 זריחה 1 2 1 4 2 606 1
10 combined2 49 73 סאלים 1 1 1 4 2 698 1
10 combined2 50 40 טרגדיה 2 2 1 4 2 641 1
11 combined2b 1 11 יהלום 1 2 1 4 2 1962 1
11 combined2b 2 50 קיא 2 2 1 4 2 856 1
11 combined2b 3 74 סוילמאן 1 1 1 4 2 1439 1
11 combined2b 4 83 משה 2 1 1 4 2 861 1
11 combined2b 5 26 התעללות 2 2 1 4 2 983 1
11 combined2b 6 22 שמחה 1 2 1 4 2 648 1
11 combined2b 7 35 סירחון 2 2 1 4 2 1185 1
11 combined2b 8 98 דויד 2 1 1 4 2 494 1
11 combined2b 9 39 זיהום 2 2 1 4 2 564 1
11 combined2b 10 81 דני 2 1 1 4 2 1942 1
11 combined2b 11 6 לעודד 1 2 1 4 2 614 1
11 combined2b 12 43 כלא 2 2 1 4 2 344 2
11 combined2b 13 4 אהבה 1 2 1 4 2 343 2
11 combined2b 14 13 כנה 1 2 1 4 2 560 1
11 combined2b 15 59 עמיר 1 1 1 4 2 575 1
11 combined2b 16 47 רשע 2 2 1 4 2 881 1
11 combined2b 17 85 מאיה 2 1 1 4 2 841 1
11 combined2b 18 78 יאיר 2 1 1 4 2 998 1
11 combined2b 19 17 מתנה 1 2 1 4 2 907 1
11 combined2b 20 41 פצצה 2 2 1 4 2 1119 1
11 combined2b 21 88 ערן 2 1 1 4 2 532 1
11 combined2b 22 58 איבתיסאם 1 1 1 4 2 566 1
11 combined2b 23 24 עילאי 1 2 1 4 2 1001 1
11 combined2b 24 53 מוחמד 1 1 1 4 2 847 1
11 combined2b 25 100 יוכבד 2 1 1 4 2 619 1
11 combined2b 26 94 עדי 2 1 1 4 2 731 1
11 combined2b 27 49 רקוב 2 2 1 4 2 552 1
11 combined2b 28 99 מיטל 2 1 1 4 2 482 2
11 combined2b 29 71 ראניה 1 1 1 4 2 570 1
11 combined2b 30 29 רצח 2 2 1 4 2 606 1
11 combined2b 31 34 רעל 2 2 1 4 2 566 1
11 combined2b 32 64 סאמיחה 1 1 1 4 2 498 1
11 combined2b 33 66 פאטימה 1 1 1 4 2 520 1
11 combined2b 34 86 נועה 2 1 1 4 2 590 1
11 combined2b 35 56 איברהים 1 1 1 4 2 660 2
11 combined2b 36 16 הישג 1 2 1 4 2 473 1
11 combined2b 37 9 נאמן 1 2 1 4 2 402 1
11 combined2b 38 37 אסון 2 2 1 4 2 547 1
11 combined2b 39 77 סאמירה 1 1 1 4 2 525 1
11 combined2b 40 18 כבוד 1 2 1 4 2 631 1
11 combined2b 41 84 שני 2 1 1 4 2 669 1
11 combined2b 42 52 לכוד 2 2 1 4 2 829 1
11 combined2b 43 5 שלום 1 2 1 4 2 616 1
11 combined2b 44 97 אהרון 2 1 1 4 2 827 1
11 combined2b 45 10 תענוג 1 2 1 4 2 718 1
11 combined2b 46 72 עבד 1 1 1 4 2 808 1
11 combined2b 47 42 גירושין 2 2 1 4 2 791 1
11 combined2b 48 1 ללטף 1 2 1 4 2 713 1
11 combined2b 49 8 כיף 1 2 1 4 2 621 1
11 combined2b 50 23 צחוק 1 2 1 4 2 917 1
13 combined1 1 24 עילאי 1 2 2 3 1 1568 1
13 combined1 2 94 עדי 2 1 2 3 1 1274 1
13 combined1 3 68 נאדיה 1 1 2 3 1 819 1
13 combined1 4 62 סאמיר 1 1 2 3 1 658 1
13 combined1 5 47 רשע 2 2 2 3 1 807 1
13 combined1 6 56 איברהים 1 1 2 3 1 2163 1
13 combined1 7 8 כיף 1 2 2 3 1 984 1
13 combined1 8 82 אבי 2 1 2 3 1 711 1
13 combined1 9 72 עבד 1 1 2 3 1 901 1
13 combined1 10 14 מזל 1 2 2 3 1 1779 1
13 combined1 11 9 נאמן 1 2 2 3 1 796 1
13 combined1 12 60 עליאן 1 1 2 3 1 681 1
13 combined1 13 2 חופש 1 2 2 3 1 1038 1
13 combined1 14 80 יובל 2 1 2 3 1 713 1
13 combined1 15 61 ראפיק 1 1 2 3 1 703 1
13 combined1 16 34 רעל 2 2 2 3 1 1214 1
13 combined1 17 57 מוסא 1 1 2 3 1 1105 1
13 combined1 18 99 מיטל 2 1 2 3 1 1032 1
13 combined1 19 1 ללטף 1 2 2 3 1 1486 1
13 combined1 20 31 תאונה 2 2 2 3 1 1217 1
13 combined1 21 59 עמיר 1 1 2 3 1 817 1
13 combined1 22 50 קיא 2 2 2 3 1 852 1
13 combined1 23 54 אחמד 1 1 2 3 1 693 1
13 combined1 24 19 נס 1 2 2 3 1 1369 1
13 combined1 25 100 יוכבד 2 1 2 3 1 848 1
13 combined1 26 11 יהלום 1 2 2 3 1 778 2
13 combined1 27 35 סירחון 2 2 2 3 1 777 1
13 combined1 28 93 אורן 2 1 2 3 1 565 2
13 combined1 29 28 לכלוך 2 2 2 3 1 678 1
13 combined1 30 89 יאיר 2 1 2 3 1 650 1
13 combined1 31 4 אהבה 1 2 2 3 1 1007 1
13 combined1 32 29 רצח 2 2 2 3 1 793 1
13 combined1 33 96 יפעת 2 1 2 3 1 714 1
13 combined1 34 41 פצצה 2 2 2 3 1 913 1
13 combined1 35 42 גירושין 2 2 2 3 1 593 1
13 combined1 36 30 חולי 2 2 2 3 1 646 1
13 combined1 37 87 נעמה 2 1 2 3 1 781 1
13 combined1 38 27 התרסקות 2 2 2 3 1 834 1
13 combined1 39 97 אהרון 2 1 2 3 1 765 1
13 combined1 40 43 כלא 2 2 2 3 1 967 1
13 combined1 41 6 לעודד 1 2 2 3 1 1090 1
13 combined1 42 66 פאטימה 1 1 2 3 1 738 2
13 combined1 43 23 צחוק 1 2 2 3 1 1645 1
13 combined1 44 46 סרטן 2 2 2 3 1 706 1
13 combined1 45 92 שנעון 2 1 2 3 1 994 1
13 combined1 46 15 קשת 1 2 2 3 1 1056 1
13 combined1 47 45 מכוער 2 2 2 3 1 772 1
13 combined1 48 86 נועה 2 1 2 3 1 796 1
13 combined1 49 74 סוילמאן 1 1 2 3 1 693 1
13 combined1 50 7 חבר 1 2 2 3 1 1171 1
14 combined1b 1 12 עדין 1 2 2 3 1 893 1
14 combined1b 2 84 שני 2 1 2 3 1 593 2
14 combined1b 3 73 סאלים 1 1 2 3 1 772 1
14 combined1b 4 5 שלום 1 2 2 3 1 1015 1
14 combined1b 5 13 כנה 1 2 2 3 1 717 1
14 combined1b 6 91 רבקה 2 1 2 3 1 730 1
14 combined1b 7 69 עאידה 1 1 2 3 1 790 1
14 combined1b 8 81 דני 2 1 2 3 1 612 1
14 combined1b 9 79 רונן 2 1 2 3 1 563 1
14 combined1b 10 36 תקיפה 2 2 2 3 1 1010 1
14 combined1b 11 48 להרוג 2 2 2 3 1 1187 1
14 combined1b 12 32 מוות 2 2 2 3 1 732 1
14 combined1b 13 22 שמחה 1 2 2 3 1 1109 1
14 combined1b 14 58 איבתיסאם 1 1 2 3 1 786 1
14 combined1b 15 76 ראינאן 1 1 2 3 1 1098 1
14 combined1b 16 67 האדיל 1 1 2 3 1 465 1
14 combined1b 17 26 התעללות 2 2 2 3 1 777 1
14 combined1b 18 17 מתנה 1 2 2 3 1 645 1
14 combined1b 19 16 הישג 1 2 2 3 1 602 1
14 combined1b 20 18 כבוד 1 2 2 3 1 532 1
14 combined1b 21 55 מדחאת 1 1 2 3 1 814 1
14 combined1b 22 98 דויד 2 1 2 3 1 614 1
14 combined1b 23 33 אבל 2 2 2 3 1 921 1
14 combined1b 24 25 חופשה 1 2 2 3 1 813 1
14 combined1b 25 37 אסון 2 2 2 3 1 735 1
14 combined1b 26 52 לכוד 2 2 2 3 1 768 1
14 combined1b 27 3 בריאות 1 2 2 3 1 656 1
14 combined1b 28 78 יאיר 2 1 2 3 1 687 1
14 combined1b 29 65 עביר 1 1 2 3 1 635 1
14 combined1b 30 20 זריחה 1 2 2 3 1 966 1
14 combined1b 31 39 זיהום 2 2 2 3 1 717 1
14 combined1b 32 53 מוחמד 1 1 2 3 1 1093 1
14 combined1b 33 77 סאמירה 1 1 2 3 1 914 1
14 combined1b 34 88 ערן 2 1 2 3 1 976 1
14 combined1b 35 85 מאיה 2 1 2 3 1 482 1
14 combined1b 36 44 עוני 2 2 2 3 1 841 1
14 combined1b 37 21 משפחה 1 2 2 3 1 630 1
14 combined1b 38 95 עידן 2 1 2 3 1 827 1
14 combined1b 39 64 סאמיחה 1 1 2 3 1 824 1
14 combined1b 40 49 רקוב 2 2 2 3 1 845 1
14 combined1b 41 83 משה 2 1 2 3 1 757 1
14 combined1b 42 90 עמוס 2 1 2 3 1 891 1
14 combined1b 43 63 עזיזה 1 1 2 3 1 619 1
14 combined1b 44 38 שנאה 2 2 2 3 1 1077 1
14 combined1b 45 10 תענוג 1 2 2 3 1 910 1
14 combined1b 46 75 אשראף 1 1 2 3 1 910 1
14 combined1b 47 71 ראניה 1 1 2 3 1 1365 1
14 combined1b 48 70 פארחה 1 1 2 3 1 629 1
14 combined1b 49 40 טרגדיה 2 2 2 3 1 330 2
14 combined1b 50 51 צער 2 2 2 3 1 1122 1
227 233 0
