2 bw 1 6 איבתיסאם 1 1 0 3 1 3288 1
2 bw 2 50 יהודה 2 1 0 4 1 1235 1
2 bw 3 8 עליאן 1 1 0 3 1 1299 1
2 bw 4 16 נאדיה 1 1 0 3 1 650 1
2 bw 5 40 שמעון 2 1 0 4 1 568 1
2 bw 6 24 ראינאן 1 1 0 3 1 553 1
2 bw 7 43 עידן 2 1 0 4 1 771 1
2 bw 8 20 עבד 1 1 0 3 1 627 1
2 bw 9 23 אשראף 1 1 0 3 1 588 1
2 bw 10 19 ראניה 1 1 0 3 1 601 1
2 bw 11 26 יאיר 2 1 0 4 1 485 1
2 bw 12 1 מוחמד 1 1 0 3 1 615 1
2 bw 13 29 דני 2 1 0 4 1 529 1
2 bw 14 34 נועה 2 1 0 4 1 514 1
2 bw 15 14 פאטימה 1 1 0 3 1 532 1
2 bw 16 4 איברהים 1 1 0 3 1 521 1
2 bw 17 47 מיטל 2 1 0 4 1 758 1
2 bw 18 48 יוכבד 2 1 0 4 1 659 1
2 bw 19 35 נעמה 2 1 0 4 1 504 1
2 bw 20 12 סאמיחה 1 1 0 3 1 534 1
2 bw 21 9 ראפיק 1 1 0 3 1 553 1
2 bw 22 21 סאלים 1 1 0 3 1 428 1
2 bw 23 46 דויד 2 1 0 4 1 566 1
2 bw 24 45 אהרון 2 1 0 4 1 692 1
2 bw 25 30 אבי 2 1 0 4 1 528 1
2 bw 26 18 תייסיר 1 1 0 3 1 587 1
2 bw 27 31 משה 2 1 0 4 1 578 1
2 bw 28 2 אחמד 1 1 0 3 1 637 1
2 bw 29 3 מדחאת 1 1 0 3 1 547 1
2 bw 30 44 יפעת 2 1 0 4 1 628 1
2 bw 31 49 ישראל 2 1 0 4 1 552 1
2 bw 32 42 עדי 2 1 0 4 1 572 1
2 bw 33 39 רבקה 2 1 0 4 1 396 1
2 bw 34 13 עביר 1 1 0 3 1 688 1
2 bw 35 41 אורן 2 1 0 4 1 496 1
2 bw 36 5 מוסא 1 1 0 3 1 536 1
2 bw 37 11 עזיזה 1 1 0 3 1 905 2
2 bw 38 32 שני 2 1 0 4 1 1944 1
2 bw 39 37 יאיר 2 1 0 4 1 401 1
2 bw 40 33 מאיה 2 1 0 4 1 609 1
2 bw 41 36 ערן 2 1 0 4 1 481 1
2 bw 42 25 סאמירה 1 1 0 3 1 480 1
2 bw 43 28 יובל 2 1 0 4 1 439 1
2 bw 44 7 נור 1 1 0 3 1 637 1
2 bw 45 38 עמוס 2 1 0 4 1 639 2
2 bw 46 27 רונן 2 1 0 4 1 1252 1
2 bw 47 15 האדיל 1 1 0 3 1 559 1
2 bw 48 10 סאמיר 1 1 0 3 1 810 1
2 bw 49 22 סוילמאן 1 1 0 3 1 409 1
2 bw 50 17 עאידה 1 1 0 3 1 337 1
3 pu 1 9 נאמן 1 2 0 1 1 5322 1
3 pu 2 31 תאונה 2 2 0 2 1 920 1
3 pu 3 2 חופש 1 2 0 1 1 1024 1
3 pu 4 27 התרסקות 2 2 0 2 1 820 1
3 pu 5 28 לכלוך 2 2 0 2 1 639 1
3 pu 6 43 כלא 2 2 0 2 1 608 1
3 pu 7 18 כבוד 1 2 0 1 1 536 1
3 pu 8 29 רצח 2 2 0 2 1 911 1
3 pu 9 7 חבר 1 2 0 1 1 1324 1
3 pu 10 47 רשע 2 2 0 2 1 646 1
3 pu 11 40 טרגדיה 2 2 0 2 1 792 1
3 pu 12 41 פצצה 2 2 0 2 1 689 1
3 pu 13 36 תקיפה 2 2 0 2 1 553 1
3 pu 14 4 אהבה 1 2 0 1 1 498 1
3 pu 15 11 יהלום 1 2 0 1 1 532 1
3 pu 16 35 סירחון 2 2 0 2 1 629 1
3 pu 17 44 עוני 2 2 0 2 1 679 1
3 pu 18 32 מוות 2 2 0 2 1 509 1
3 pu 19 20 זריחה 1 2 0 1 1 682 1
3 pu 20 33 אבל 2 2 0 2 1 802 1
3 pu 21 52 לכוד 2 2 0 2 1 604 1
3 pu 22 12 עדין 1 2 0 1 1 599 1
3 pu 23 23 צחוק 1 2 0 1 1 522 1
3 pu 24 14 מזל 1 2 0 1 1 607 1
3 pu 25 50 קיא 2 2 0 2 1 551 1
3 pu 26 21 משפחה 1 2 0 1 1 677 1
3 pu 27 17 מתנה 1 2 0 1 1 541 1
3 pu 28 46 סרטן 2 2 0 2 1 535 1
3 pu 29 34 רעל 2 2 0 2 1 549 1
3 pu 30 5 שלום 1 2 0 1 1 663 1
3 pu 31 3 בריאות 1 2 0 1 1 532 1
3 pu 32 39 זיהום 2 2 0 2 1 581 1
3 pu 33 10 תענוג 1 2 0 1 1 618 1
3 pu 34 38 שנאה 2 2 0 2 1 586 1
3 pu 35 22 שמחה 1 2 0 1 1 564 1
3 pu 36 37 אסון 2 2 0 2 1 670 1
3 pu 37 13 כנה 1 2 0 1 1 1627 1
3 pu 38 6 לעודד 1 2 0 1 1 754 1
3 pu 39 8 כיף 1 2 0 1 1 350 1
3 pu 40 48 להרוג 2 2 0 2 1 510 1
3 pu 41 16 הישג 1 2 0 1 1 686 1
3 pu 42 24 עילאי 1 2 0 1 1 1170 1
3 pu 43 25 חופשה 1 2 0 1 1 524 1
3 pu 44 15 קשת 1 2 0 1 1 544 1
3 pu 45 51 צער 2 2 0 2 1 651 1
3 pu 46 30 חולי 2 2 0 2 1 537 1
3 pu 47 26 התעללות 2 2 0 2 1 401 1
3 pu 48 45 מכוער 2 2 0 2 1 432 1
3 pu 49 42 גירושין 2 2 0 2 1 423 1
3 pu 50 1 ללטף 1 2 0 1 1 341 2
4 combined1 1 89 יאיר 2 1 2 1 1 3111 1
4 combined1 2 92 שמעון 2 1 2 1 1 1164 1
4 combined1 3 41 פצצה 2 2 2 1 1 581 2
4 combined1 4 87 נעמה 2 1 2 1 1 991 1
4 combined1 5 32 מוות 2 2 2 1 1 1518 1
4 combined1 6 55 מדחאת 1 1 2 1 1 883 1
4 combined1 7 83 משה 2 1 2 1 1 684 1
4 combined1 8 68 נאדיה 1 1 2 1 1 838 1
4 combined1 9 91 רבקה 2 1 2 1 1 641 1
4 combined1 10 90 עמוס 2 1 2 1 1 793 1
4 combined1 11 11 יהלום 1 2 2 1 1 1632 1
4 combined1 12 17 מתנה 1 2 2 1 1 986 1
4 combined1 13 34 רעל 2 2 2 1 1 586 1
4 combined1 14 94 עדי 2 1 2 1 1 700 1
4 combined1 15 57 מוסא 1 1 2 1 1 665 1
4 combined1 16 61 ראפיק 1 1 2 1 1 506 1
4 combined1 17 36 תקיפה 2 2 2 1 1 2069 1
4 combined1 18 60 עליאן 1 1 2 1 1 1232 1
4 combined1 19 58 איבתיסאם 1 1 2 1 1 468 1
4 combined1 20 3 בריאות 1 2 2 1 1 1576 1
4 combined1 21 52 לכוד 2 2 2 1 1 665 1
4 combined1 22 24 עילאי 1 2 2 1 1 897 1
4 combined1 23 5 שלום 1 2 2 1 1 509 1
4 combined1 24 77 סאמירה 1 1 2 1 1 829 1
4 combined1 25 64 סאמיחה 1 1 2 1 1 364 1
4 combined1 26 86 נועה 2 1 2 1 1 482 1
4 combined1 27 82 אבי 2 1 2 1 1 469 1
4 combined1 28 44 עוני 2 2 2 1 1 1108 1
4 combined1 29 23 צחוק 1 2 2 1 1 575 1
4 combined1 30 74 סוילמאן 1 1 2 1 1 540 1
4 combined1 31 72 עבד 1 1 2 1 1 426 1
4 combined1 32 49 רקוב 2 2 2 1 1 368 2
4 combined1 33 97 אהרון 2 1 2 1 1 1499 1
4 combined1 34 14 מזל 1 2 2 1 1 585 2
4 combined1 35 13 כנה 1 2 2 1 1 641 1
4 combined1 36 10 תענוג 1 2 2 1 1 495 1
4 combined1 37 28 לכלוך 2 2 2 1 1 370 2
4 combined1 38 43 כלא 2 2 2 1 1 525 1
4 combined1 39 96 יפעת 2 1 2 1 1 1060 1
4 combined1 40 25 חופשה 1 2 2 1 1 483 2
4 combined1 41 39 זיהום 2 2 2 1 1 676 1
4 combined1 42 85 מאיה 2 1 2 1 1 709 1
4 combined1 43 78 יאיר 2 1 2 1 1 429 1
4 combined1 44 67 האדיל 1 1 2 1 1 944 1
4 combined1 45 42 גירושין 2 2 2 1 1 716 1
4 combined1 46 69 עאידה 1 1 2 1 1 469 2
4 combined1 47 30 חולי 2 2 2 1 1 634 1
4 combined1 48 16 הישג 1 2 2 1 1 971 1
4 combined1 49 27 התרסקות 2 2 2 1 1 412 2
4 combined1 50 84 שני 2 1 2 1 1 608 1
5 combined1b 1 47 רשע 2 2 2 1 1 1935 1
5 combined1b 2 50 קיא 2 2 2 1 1 566 1
5 combined1b 3 22 שמחה 1 2 2 1 1 549 1
5 combined1b 4 1 ללטף 1 2 2 1 1 699 1
5 combined1b 5 59 נור 1 1 2 1 1 841 1
5 combined1b 6 79 רונן 2 1 2 1 1 435 2
5 combined1b 7 21 משפחה 1 2 2 1 1 594 1
5 combined1b 8 12 עדין 1 2 2 1 1 670 1
5 combined1b 9 75 אשראף 1 1 2 1 1 604 1
5 combined1b 10 99 מיטל 2 1 2 1 1 622 1
5 combined1b 11 46 סרטן 2 2 2 1 1 584 1
5 combined1b 12 51 צער 2 2 2 1 1 755 1
5 combined1b 13 20 זריחה 1 2 2 1 1 723 1
5 combined1b 14 73 סאלים 1 1 2 1 1 708 1
5 combined1b 15 81 דני 2 1 2 1 1 615 1
5 combined1b 16 76 ראינאן 1 1 2 1 1 587 1
5 combined1b 17 88 ערן 2 1 2 1 1 627 1
5 combined1b 18 53 מוחמד 1 1 2 1 1 652 1
5 combined1b 19 80 יובל 2 1 2 1 1 637 1
5 combined1b 20 98 דויד 2 1 2 1 1 504 1
5 combined1b 21 45 מכוער 2 2 2 1 1 642 1
5 combined1b 22 65 עביר 1 1 2 1 1 1032 1
5 combined1b 23 2 חופש 1 2 2 1 1 683 1
5 combined1b 24 40 טרגדיה 2 2 2 1 1 522 1
5 combined1b 25 7 חבר 1 2 2 1 1 1196 1
5 combined1b 26 26 התעללות 2 2 2 1 1 625 1
5 combined1b 27 6 לעודד 1 2 2 1 1 673 1
5 combined1b 28 8 כיף 1 2 2 1 1 558 1
5 combined1b 29 66 פאטימה 1 1 2 1 1 641 1
5 combined1b 30 62 סאמיר 1 1 2 1 1 435 1
5 combined1b 31 100 יוכבד 2 1 2 1 1 393 2
5 combined1b 32 56 איברהים 1 1 2 1 1 633 1
5 combined1b 33 35 סירחון 2 2 2 1 1 476 2
5 combined1b 34 70 תייסיר 1 1 2 1 1 544 1
5 combined1b 35 33 אבל 2 2 2 1 1 760 1
5 combined1b 36 71 ראניה 1 1 2 1 1 687 1
5 combined1b 37 18 כבוד 1 2 2 1 1 592 1
5 combined1b 38 63 עזיזה 1 1 2 1 1 1125 2
5 combined1b 39 29 רצח 2 2 2 1 1 1366 1
5 combined1b 40 19 נס 1 2 2 1 1 934 1
5 combined1b 41 15 קשת 1 2 2 1 1 428 1
5 combined1b 42 54 אחמד 1 1 2 1 1 714 1
5 combined1b 43 93 אורן 2 1 2 1 1 355 2
5 combined1b 44 31 תאונה 2 2 2 1 1 636 1
5 combined1b 45 37 אסון 2 2 2 1 1 419 1
5 combined1b 46 9 נאמן 1 2 2 1 1 593 1
5 combined1b 47 4 אהבה 1 2 2 1 1 512 1
5 combined1b 48 48 להרוג 2 2 2 1 1 540 1
5 combined1b 49 38 שנאה 2 2 2 1 1 597 1
5 combined1b 50 95 עידן 2 1 2 1 1 957 1
6 wb 1 22 סוילמאן 1 1 0 3 2 3355 1
6 wb 2 26 יאיר 2 1 0 4 2 629 1
6 wb 3 18 תייסיר 1 1 0 3 2 616 1
6 wb 4 46 דויד 2 1 0 4 2 633 1
6 wb 5 21 סאלים 1 1 0 3 2 428 2
6 wb 6 23 אשראף 1 1 0 3 2 474 1
6 wb 7 37 יאיר 2 1 0 4 2 580 1
6 wb 8 1 מוחמד 1 1 0 3 2 438 1
6 wb 9 24 ראינאן 1 1 0 3 2 419 1
6 wb 10 41 אורן 2 1 0 4 2 543 1
6 wb 11 11 עזיזה 1 1 0 3 2 1458 1
6 wb 12 50 יהודה 2 1 0 4 2 738 1
6 wb 13 28 יובל 2 1 0 4 2 951 1
6 wb 14 48 יוכבד 2 1 0 4 2 509 1
6 wb 15 2 אחמד 1 1 0 3 2 588 1
6 wb 16 8 עליאן 1 1 0 3 2 409 1
6 wb 17 7 נור 1 1 0 3 2 464 1
6 wb 18 34 נועה 2 1 0 4 2 496 1
6 wb 19 12 סאמיחה 1 1 0 3 2 620 1
6 wb 20 39 רבקה 2 1 0 4 2 741 1
6 wb 21 25 סאמירה 1 1 0 3 2 600 1
6 wb 22 36 ערן 2 1 0 4 2 491 1
6 wb 23 9 ראפיק 1 1 0 3 2 397 2
6 wb 24 33 מאיה 2 1 0 4 2 496 1
6 wb 25 27 רונן 2 1 0 4 2 315 1
6 wb 26 47 מיטל 2 1 0 4 2 308 1
6 wb 27 13 עביר 1 1 0 3 2 355 2
6 wb 28 19 ראניה 1 1 0 3 2 609 1
6 wb 29 14 פאטימה 1 1 0 3 2 456 1
6 wb 30 30 אבי 2 1 0 4 2 636 1
6 wb 31 17 עאידה 1 1 0 3 2 515 1
6 wb 32 29 דני 2 1 0 4 2 663 1
6 wb 33 6 איבתיסאם 1 1 0 3 2 453 1
6 wb 34 15 האדיל 1 1 0 3 2 510 1
6 wb 35 4 איברהים 1 1 0 3 2 390 1
6 wb 36 38 עמוס 2 1 0 4 2 423 2
6 wb 37 40 שמעון 2 1 0 4 2 444 2
6 wb 38 32 שני 2 1 0 4 2 485 1
6 wb 39 35 נעמה 2 1 0 4 2 552 1
6 wb 40 16 נאדיה 1 1 0 3 2 426 2
6 wb 41 20 עבד 1 1 0 3 2 850 1
6 wb 42 42 עדי 2 1 0 4 2 703 1
6 wb 43 49 ישראל 2 1 0 4 2 561 1
6 wb 44 44 יפעת 2 1 0 4 2 445 1
6 wb 45 3 מדחאת 1 1 0 3 2 516 1
6 wb 46 45 אהרון 2 1 0 4 2 553 1
6 wb 47 5 מוסא 1 1 0 3 2 514 1
6 wb 48 31 משה 2 1 0 4 2 362 1
6 wb 49 43 עידן 2 1 0 4 2 358 2
6 wb 50 10 סאמיר 1 1 0 3 2 552 1
7 combined2 1 67 האדיל 1 1 1 3 2 1860 1
7 combined2 2 54 אחמד 1 1 1 3 2 489 1
7 combined2 3 47 רשע 2 2 1 3 2 536 1
7 combined2 4 11 יהלום 1 2 1 3 2 1427 1
7 combined2 5 94 עדי 2 1 1 3 2 679 1
7 combined2 6 37 אסון 2 2 1 3 2 689 1
7 combined2 7 15 קשת 1 2 1 3 2 793 1
7 combined2 8 81 דני 2 1 1 3 2 494 1
7 combined2 9 52 לכוד 2 2 1 3 2 512 2
7 combined2 10 82 אבי 2 1 1 3 2 958 1
7 combined2 11 24 עילאי 1 2 1 3 2 739 1
7 combined2 12 38 שנאה 2 2 1 3 2 874 1
7 combined2 13 97 אהרון 2 1 1 3 2 654 1
7 combined2 14 27 התרסקות 2 2 1 3 2 1005 1
7 combined2 15 36 תקיפה 2 2 1 3 2 478 1
7 combined2 16 93 אורן 2 1 1 3 2 688 1
7 combined2 17 62 סאמיר 1 1 1 3 2 558 1
7 combined2 18 87 נעמה 2 1 1 3 2 1043 1
7 combined2 19 48 להרוג 2 2 1 3 2 656 1
7 combined2 20 5 שלום 1 2 1 3 2 681 1
7 combined2 21 14 מזל 1 2 1 3 2 483 1
7 combined2 22 53 מוחמד 1 1 1 3 2 682 1
7 combined2 23 45 מכוער 2 2 1 3 2 499 1
7 combined2 24 44 עוני 2 2 1 3 2 571 1
7 combined2 25 92 שמעון 2 1 1 3 2 646 1
7 combined2 26 57 מוסא 1 1 1 3 2 951 1
7 combined2 27 3 בריאות 1 2 1 3 2 516 1
7 combined2 28 63 עזיזה 1 1 1 3 2 1078 1
7 combined2 29 35 סירחון 2 2 1 3 2 513 1
7 combined2 30 60 עליאן 1 1 1 3 2 377 1
7 combined2 31 69 עאידה 1 1 1 3 2 412 1
7 combined2 32 96 יפעת 2 1 1 3 2 398 2
7 combined2 33 40 טרגדיה 2 2 1 3 2 551 1
7 combined2 34 91 רבקה 2 1 1 3 2 648 1
7 combined2 35 72 עבד 1 1 1 3 2 603 1
7 combined2 36 75 אשראף 1 1 1 3 2 589 1
7 combined2 37 30 חולי 2 2 1 3 2 642 1
7 combined2 38 1 ללטף 1 2 1 3 2 431 2
7 combined2 39 56 איברהים 1 1 1 3 2 432 1
7 combined2 40 55 מדחאת 1 1 1 3 2 405 1
7 combined2 41 18 כבוד 1 2 1 3 2 541 1
7 combined2 42 84 שני 2 1 1 3 2 467 1
7 combined2 43 66 פאטימה 1 1 1 3 2 442 1
7 combined2 44 17 מתנה 1 2 1 3 2 496 1
7 combined2 45 16 הישג 1 2 1 3 2 523 1
7 combined2 46 12 עדין 1 2 1 3 2 425 1
7 combined2 47 74 סוילמאן 1 1 1 3 2 507 1
7 combined2 48 76 ראינאן 1 1 1 3 2 1449 1
7 combined2 49 77 סאמירה 1 1 1 3 2 444 1
7 combined2 50 4 אהבה 1 2 1 3 2 498 1
8 combined2b 1 73 סאלים 1 1 1 3 2 1052 1
8 combined2b 2 43 כלא 2 2 1 3 2 789 2
8 combined2b 3 7 חבר 1 2 1 3 2 874 1
8 combined2b 4 85 מאיה 2 1 1 3 2 725 1
8 combined2b 5 78 יאיר 2 1 1 3 2 597 1
8 combined2b 6 90 עמוס 2 1 1 3 2 360 1
8 combined2b 7 98 דויד 2 1 1 3 2 286 1
8 combined2b 8 10 תענוג 1 2 1 3 2 311 1
8 combined2b 9 34 רעל 2 2 1 3 2 285 2
8 combined2b 10 99 מיטל 2 1 1 3 2 429 1
8 combined2b 11 51 צער 2 2 1 3 2 399 2
8 combined2b 12 95 עידן 2 1 1 3 2 612 1
8 combined2b 13 68 נאדיה 1 1 1 3 2 604 1
8 combined2b 14 31 תאונה 2 2 1 3 2 491 1
8 combined2b 15 20 זריחה 1 2 1 3 2 559 1
8 combined2b 16 61 ראפיק 1 1 1 3 2 597 1
8 combined2b 17 83 משה 2 1 1 3 2 591 1
8 combined2b 18 79 רונן 2 1 1 3 2 398 1
8 combined2b 19 70 תייסיר 1 1 1 3 2 633 1
8 combined2b 20 58 איבתיסאם 1 1 1 3 2 418 1
8 combined2b 21 86 נועה 2 1 1 3 2 494 1
8 combined2b 22 59 נור 1 1 1 3 2 674 1
8 combined2b 23 80 יובל 2 1 1 3 2 608 1
8 combined2b 24 100 יוכבד 2 1 1 3 2 415 1
8 combined2b 25 50 קיא 2 2 1 3 2 604 1
8 combined2b 26 25 חופשה 1 2 1 3 2 488 1
8 combined2b 27 64 סאמיחה 1 1 1 3 2 512 1
8 combined2b 28 39 זיהום 2 2 1 3 2 482 1
8 combined2b 29 29 רצח 2 2 1 3 2 578 1
8 combined2b 30 21 משפחה 1 2 1 3 2 508 1
8 combined2b 31 6 לעודד 1 2 1 3 2 383 2
8 combined2b 32 2 חופש 1 2 1 3 2 411 2
8 combined2b 33 33 אבל 2 2 1 3 2 413 1
8 combined2b 34 8 כיף 1 2 1 3 2 516 1
8 combined2b 35 41 פצצה 2 2 1 3 2 891 1
8 combined2b 36 46 סרטן 2 2 1 3 2 459 1
8 combined2b 37 88 ערן 2 1 1 3 2 407 2
8 combined2b 38 42 גירושין 2 2 1 3 2 669 2
8 combined2b 39 26 התעללות 2 2 1 3 2 616 1
8 combined2b 40 28 לכלוך 2 2 1 3 2 424 1
8 combined2b 41 23 צחוק 1 2 1 3 2 490 1
8 combined2b 42 32 מוות 2 2 1 3 2 627 1
8 combined2b 43 49 רקוב 2 2 1 3 2 509 1
8 combined2b 44 19 נס 1 2 1 3 2 352 2
8 combined2b 45 71 ראניה 1 1 1 3 2 490 1
8 combined2b 46 13 כנה 1 2 1 3 2 907 1
8 combined2b 47 65 עביר 1 1 1 3 2 579 1
8 combined2b 48 89 יאיר 2 1 1 3 2 486 1
8 combined2b 49 22 שמחה 1 2 1 3 2 514 1
8 combined2b 50 9 נאמן 1 2 1 3 2 389 1
9 wb 1 23 אשראף 1 1 0 3 2 1089 1
9 wb 2 10 סאמיר 1 1 0 3 2 599 1
9 wb 3 32 שני 2 1 0 4 2 611 1
9 wb 4 42 עדי 2 1 0 4 2 496 1
9 wb 5 41 אורן 2 1 0 4 2 407 1
9 wb 6 11 עזיזה 1 1 0 3 2 493 2
9 wb 7 18 תייסיר 1 1 0 3 2 615 1
9 wb 8 19 ראניה 1 1 0 3 2 310 1
9 wb 9 21 סאלים 1 1 0 3 2 321 1
9 wb 10 1 מוחמד 1 1 0 3 2 267 1
9 wb 11 26 יאיר 2 1 0 4 2 490 1
9 wb 12 38 עמוס 2 1 0 4 2 641 1
9 wb 13 34 נועה 2 1 0 4 2 331 1
9 wb 14 22 סוילמאן 1 1 0 3 2 538 1
9 wb 15 35 נעמה 2 1 0 4 2 432 2
9 wb 16 6 איבתיסאם 1 1 0 3 2 456 1
9 wb 17 2 אחמד 1 1 0 3 2 308 1
9 wb 18 36 ערן 2 1 0 4 2 438 1
9 wb 19 14 פאטימה 1 1 0 3 2 635 1
9 wb 20 5 מוסא 1 1 0 3 2 669 1
9 wb 21 13 עביר 1 1 0 3 2 432 1
9 wb 22 46 דויד 2 1 0 4 2 348 2
9 wb 23 8 עליאן 1 1 0 3 2 350 1
9 wb 24 4 איברהים 1 1 0 3 2 376 1
9 wb 25 40 שמעון 2 1 0 4 2 410 1
9 wb 26 48 יוכבד 2 1 0 4 2 585 1
9 wb 27 37 יאיר 2 1 0 4 2 310 1
9 wb 28 7 נור 1 1 0 3 2 304 2
9 wb 29 9 ראפיק 1 1 0 3 2 334 1
9 wb 30 43 עידן 2 1 0 4 2 317 2
9 wb 31 28 יובל 2 1 0 4 2 457 1
9 wb 32 15 האדיל 1 1 0 3 2 802 1
9 wb 33 20 עבד 1 1 0 3 2 516 1
9 wb 34 25 סאמירה 1 1 0 3 2 364 1
9 wb 35 45 אהרון 2 1 0 4 2 513 1
9 wb 36 50 יהודה 2 1 0 4 2 377 1
9 wb 37 17 עאידה 1 1 0 3 2 493 1
9 wb 38 27 רונן 2 1 0 4 2 608 1
9 wb 39 31 משה 2 1 0 4 2 522 1
9 wb 40 33 מאיה 2 1 0 4 2 411 1
9 wb 41 39 רבקה 2 1 0 4 2 438 1
9 wb 42 24 ראינאן 1 1 0 3 2 545 1
9 wb 43 47 מיטל 2 1 0 4 2 602 1
9 wb 44 44 יפעת 2 1 0 4 2 387 1
9 wb 45 29 דני 2 1 0 4 2 301 1
9 wb 46 3 מדחאת 1 1 0 3 2 703 1
9 wb 47 49 ישראל 2 1 0 4 2 522 1
9 wb 48 16 נאדיה 1 1 0 3 2 418 2
9 wb 49 12 סאמיחה 1 1 0 3 2 393 1
9 wb 50 30 אבי 2 1 0 4 2 308 2
10 combined2 1 46 סרטן 2 2 1 4 2 1246 1
10 combined2 2 1 ללטף 1 2 1 4 2 562 1
10 combined2 3 72 עבד 1 1 1 4 2 780 1
10 combined2 4 3 בריאות 1 2 1 4 2 382 2
10 combined2 5 88 ערן 2 1 1 4 2 469 2
10 combined2 6 96 יפעת 2 1 1 4 2 600 1
10 combined2 7 52 לכוד 2 2 1 4 2 655 1
10 combined2 8 86 נועה 2 1 1 4 2 448 1
10 combined2 9 69 עאידה 1 1 1 4 2 518 1
10 combined2 10 15 קשת 1 2 1 4 2 602 1
10 combined2 11 44 עוני 2 2 1 4 2 563 1
10 combined2 12 37 אסון 2 2 1 4 2 498 1
10 combined2 13 91 רבקה 2 1 1 4 2 569 1
10 combined2 14 99 מיטל 2 1 1 4 2 433 1
10 combined2 15 12 עדין 1 2 1 4 2 316 1
10 combined2 16 100 יוכבד 2 1 1 4 2 299 1
10 combined2 17 94 עדי 2 1 1 4 2 364 1
10 combined2 18 53 מוחמד 1 1 1 4 2 501 1
10 combined2 19 64 סאמיחה 1 1 1 4 2 448 1
10 combined2 20 43 כלא 2 2 1 4 2 302 1
10 combined2 21 71 ראניה 1 1 1 4 2 449 1
10 combined2 22 78 יאיר 2 1 1 4 2 291 2
10 combined2 23 93 אורן 2 1 1 4 2 291 2
10 combined2 24 50 קיא 2 2 1 4 2 410 2
10 combined2 25 6 לעודד 1 2 1 4 2 548 1
10 combined2 26 76 ראינאן 1 1 1 4 2 473 1
10 combined2 27 47 רשע 2 2 1 4 2 548 1
10 combined2 28 48 להרוג 2 2 1 4 2 485 1
10 combined2 29 95 עידן 2 1 1 4 2 295 2
10 combined2 30 29 רצח 2 2 1 4 2 419 1
10 combined2 31 59 נור 1 1 1 4 2 350 1
10 combined2 32 66 פאטימה 1 1 1 4 2 394 1
10 combined2 33 51 צער 2 2 1 4 2 635 1
10 combined2 34 7 חבר 1 2 1 4 2 571 1
10 combined2 35 79 רונן 2 1 1 4 2 528 1
10 combined2 36 20 זריחה 1 2 1 4 2 507 1
10 combined2 37 39 זיהום 2 2 1 4 2 408 2
10 combined2 38 34 רעל 2 2 1 4 2 646 1
10 combined2 39 74 סוילמאן 1 1 1 4 2 406 1
10 combined2 40 21 משפחה 1 2 1 4 2 582 1
10 combined2 41 75 אשראף 1 1 1 4 2 504 1
10 combined2 42 54 אחמד 1 1 1 4 2 526 1
10 combined2 43 14 מזל 1 2 1 4 2 535 1
10 combined2 44 80 יובל 2 1 1 4 2 457 1
10 combined2 45 31 תאונה 2 2 1 4 2 560 1
10 combined2 46 97 אהרון 2 1 1 4 2 497 2
10 combined2 47 10 תענוג 1 2 1 4 2 397 2
10 combined2 48 2 חופש 1 2 1 4 2 547 1
10 combined2 49 62 סאמיר 1 1 1 4 2 538 1
10 combined2 50 22 שמחה 1 2 1 4 2 468 1
11 combined2b 1 38 שנאה 2 2 1 4 2 1836 1
11 combined2b 2 35 סירחון 2 2 1 4 2 601 1
11 combined2b 3 90 עמוס 2 1 1 4 2 863 1
11 combined2b 4 23 צחוק 1 2 1 4 2 582 1
11 combined2b 5 70 תייסיר 1 1 1 4 2 537 1
11 combined2b 6 32 מוות 2 2 1 4 2 573 1
11 combined2b 7 49 רקוב 2 2 1 4 2 510 1
11 combined2b 8 89 יאיר 2 1 1 4 2 544 1
11 combined2b 9 9 נאמן 1 2 1 4 2 465 1
11 combined2b 10 18 כבוד 1 2 1 4 2 430 1
11 combined2b 11 84 שני 2 1 1 4 2 362 1
11 combined2b 12 81 דני 2 1 1 4 2 340 1
11 combined2b 13 92 שמעון 2 1 1 4 2 448 1
11 combined2b 14 5 שלום 1 2 1 4 2 433 1
11 combined2b 15 73 סאלים 1 1 1 4 2 330 2
11 combined2b 16 98 דויד 2 1 1 4 2 435 1
11 combined2b 17 63 עזיזה 1 1 1 4 2 476 1
11 combined2b 18 11 יהלום 1 2 1 4 2 623 1
11 combined2b 19 26 התעללות 2 2 1 4 2 591 1
11 combined2b 20 16 הישג 1 2 1 4 2 634 1
11 combined2b 21 36 תקיפה 2 2 1 4 2 612 1
11 combined2b 22 83 משה 2 1 1 4 2 775 1
11 combined2b 23 17 מתנה 1 2 1 4 2 565 1
11 combined2b 24 8 כיף 1 2 1 4 2 456 1
11 combined2b 25 13 כנה 1 2 1 4 2 394 1
11 combined2b 26 45 מכוער 2 2 1 4 2 486 1
11 combined2b 27 82 אבי 2 1 1 4 2 582 1
11 combined2b 28 40 טרגדיה 2 2 1 4 2 491 1
11 combined2b 29 58 איבתיסאם 1 1 1 4 2 451 1
11 combined2b 30 24 עילאי 1 2 1 4 2 629 1
11 combined2b 31 42 גירושין 2 2 1 4 2 828 1
11 combined2b 32 27 התרסקות 2 2 1 4 2 492 1
11 combined2b 33 4 אהבה 1 2 1 4 2 354 2
11 combined2b 34 33 אבל 2 2 1 4 2 681 1
11 combined2b 35 60 עליאן 1 1 1 4 2 508 1
11 combined2b 36 19 נס 1 2 1 4 2 507 1
11 combined2b 37 41 פצצה 2 2 1 4 2 616 1
11 combined2b 38 77 סאמירה 1 1 1 4 2 452 1
11 combined2b 39 68 נאדיה 1 1 1 4 2 409 1
11 combined2b 40 56 איברהים 1 1 1 4 2 396 1
11 combined2b 41 87 נעמה 2 1 1 4 2 541 1
11 combined2b 42 85 מאיה 2 1 1 4 2 388 1
11 combined2b 43 57 מוסא 1 1 1 4 2 492 1
11 combined2b 44 55 מדחאת 1 1 1 4 2 405 1
11 combined2b 45 28 לכלוך 2 2 1 4 2 569 1
11 combined2b 46 67 האדיל 1 1 1 4 2 628 1
11 combined2b 47 65 עביר 1 1 1 4 2 495 1
11 combined2b 48 25 חופשה 1 2 1 4 2 441 1
11 combined2b 49 61 ראפיק 1 1 1 4 2 440 1
11 combined2b 50 30 חולי 2 2 1 4 2 348 1
12 bw 1 45 אהרון 2 1 0 4 1 1318 1
12 bw 2 39 רבקה 2 1 0 4 1 530 1
12 bw 3 48 יוכבד 2 1 0 4 1 551 1
12 bw 4 4 איברהים 1 1 0 3 1 381 2
12 bw 5 46 דויד 2 1 0 4 1 410 1
12 bw 6 2 אחמד 1 1 0 3 1 577 1
12 bw 7 22 סוילמאן 1 1 0 3 1 415 1
12 bw 8 18 תייסיר 1 1 0 3 1 411 1
12 bw 9 32 שני 2 1 0 4 1 438 2
12 bw 10 25 סאמירה 1 1 0 3 1 359 1
12 bw 11 41 אורן 2 1 0 4 1 533 1
12 bw 12 7 נור 1 1 0 3 1 436 2
12 bw 13 34 נועה 2 1 0 4 1 519 1
12 bw 14 16 נאדיה 1 1 0 3 1 421 1
12 bw 15 38 עמוס 2 1 0 4 1 634 1
12 bw 16 9 ראפיק 1 1 0 3 1 566 1
12 bw 17 49 ישראל 2 1 0 4 1 484 2
12 bw 18 44 יפעת 2 1 0 4 1 441 1
12 bw 19 6 איבתיסאם 1 1 0 3 1 460 1
12 bw 20 36 ערן 2 1 0 4 1 474 1
12 bw 21 13 עביר 1 1 0 3 1 746 1
12 bw 22 47 מיטל 2 1 0 4 1 551 1
12 bw 23 11 עזיזה 1 1 0 3 1 636 2
12 bw 24 26 יאיר 2 1 0 4 1 410 1
12 bw 25 14 פאטימה 1 1 0 3 1 625 1
12 bw 26 20 עבד 1 1 0 3 1 742 1
12 bw 27 19 ראניה 1 1 0 3 1 452 2
12 bw 28 40 שמעון 2 1 0 4 1 479 1
12 bw 29 21 סאלים 1 1 0 3 1 481 1
12 bw 30 24 ראינאן 1 1 0 3 1 325 1
12 bw 31 5 מוסא 1 1 0 3 1 359 1
12 bw 32 27 רונן 2 1 0 4 1 470 1
12 bw 33 3 מדחאת 1 1 0 3 1 629 1
12 bw 34 8 עליאן 1 1 0 3 1 335 1
12 bw 35 23 אשראף 1 1 0 3 1 356 1
12 bw 36 43 עידן 2 1 0 4 1 396 1
12 bw 37 42 עדי 2 1 0 4 1 519 1
12 bw 38 29 דני 2 1 0 4 1 348 1
12 bw 39 28 יובל 2 1 0 4 1 341 1
12 bw 40 30 אבי 2 1 0 4 1 363 1
12 bw 41 1 מוחמד 1 1 0 3 1 578 1
12 bw 42 31 משה 2 1 0 4 1 519 1
12 bw 43 33 מאיה 2 1 0 4 1 492 1
12 bw 44 35 נעמה 2 1 0 4 1 402 1
12 bw 45 15 האדיל 1 1 0 3 1 565 1
12 bw 46 37 יאיר 2 1 0 4 1 433 1
12 bw 47 17 עאידה 1 1 0 3 1 648 1
12 bw 48 12 סאמיחה 1 1 0 3 1 417 1
12 bw 49 50 יהודה 2 1 0 4 1 492 1
12 bw 50 10 סאמיר 1 1 0 3 1 593 1
13 combined1 1 92 שמעון 2 1 2 3 1 6002 1
13 combined1 2 6 לעודד 1 2 2 3 1 580 2
13 combined1 3 38 שנאה 2 2 2 3 1 784 2
13 combined1 4 32 מוות 2 2 2 3 1 907 1
13 combined1 5 23 צחוק 1 2 2 3 1 1843 1
13 combined1 6 21 משפחה 1 2 2 3 1 449 1
13 combined1 7 22 שמחה 1 2 2 3 1 381 1
13 combined1 8 70 תייסיר 1 1 2 3 1 798 1
13 combined1 9 27 התרסקות 2 2 2 3 1 663 2
13 combined1 10 75 אשראף 1 1 2 3 1 642 1
13 combined1 11 89 יאיר 2 1 2 3 1 617 2
13 combined1 12 13 כנה 1 2 2 3 1 753 2
13 combined1 13 54 אחמד 1 1 2 3 1 533 1
13 combined1 14 77 סאמירה 1 1 2 3 1 445 1
13 combined1 15 76 ראינאן 1 1 2 3 1 406 1
13 combined1 16 49 רקוב 2 2 2 3 1 384 2
13 combined1 17 31 תאונה 2 2 2 3 1 415 2
13 combined1 18 65 עביר 1 1 2 3 1 864 1
13 combined1 19 84 שני 2 1 2 3 1 617 1
13 combined1 20 24 עילאי 1 2 2 3 1 644 2
13 combined1 21 43 כלא 2 2 2 3 1 1686 1
13 combined1 22 90 עמוס 2 1 2 3 1 726 1
13 combined1 23 93 אורן 2 1 2 3 1 458 1
13 combined1 24 50 קיא 2 2 2 3 1 525 1
13 combined1 25 46 סרטן 2 2 2 3 1 458 1
13 combined1 26 29 רצח 2 2 2 3 1 345 1
13 combined1 27 74 סוילמאן 1 1 2 3 1 375 2
13 combined1 28 41 פצצה 2 2 2 3 1 341 1
13 combined1 29 10 תענוג 1 2 2 3 1 371 2
13 combined1 30 35 סירחון 2 2 2 3 1 1030 1
13 combined1 31 83 משה 2 1 2 3 1 916 1
13 combined1 32 26 התעללות 2 2 2 3 1 476 1
13 combined1 33 36 תקיפה 2 2 2 3 1 513 1
13 combined1 34 94 עדי 2 1 2 3 1 782 1
13 combined1 35 3 בריאות 1 2 2 3 1 512 2
13 combined1 36 9 נאמן 1 2 2 3 1 333 2
13 combined1 37 86 נועה 2 1 2 3 1 727 1
13 combined1 38 59 נור 1 1 2 3 1 390 2
13 combined1 39 55 מדחאת 1 1 2 3 1 855 1
13 combined1 40 81 דני 2 1 2 3 1 587 1
13 combined1 41 98 דויד 2 1 2 3 1 1176 1
13 combined1 42 72 עבד 1 1 2 3 1 616 1
13 combined1 43 14 מזל 1 2 2 3 1 1069 2
13 combined1 44 5 שלום 1 2 2 3 1 665 1
13 combined1 45 52 לכוד 2 2 2 3 1 693 1
13 combined1 46 16 הישג 1 2 2 3 1 972 1
13 combined1 47 1 ללטף 1 2 2 3 1 614 1
13 combined1 48 97 אהרון 2 1 2 3 1 796 1
13 combined1 49 51 צער 2 2 2 3 1 759 1
13 combined1 50 100 יוכבד 2 1 2 3 1 762 1
14 combined1b 1 64 סאמיחה 1 1 2 3 1 3365 1
14 combined1b 2 8 כיף 1 2 2 3 1 563 2
14 combined1b 3 7 חבר 1 2 2 3 1 1112 1
14 combined1b 4 68 נאדיה 1 1 2 3 1 511 1
14 combined1b 5 57 מוסא 1 1 2 3 1 376 1
14 combined1b 6 33 אבל 2 2 2 3 1 292 2
14 combined1b 7 25 חופשה 1 2 2 3 1 461 1
14 combined1b 8 88 ערן 2 1 2 3 1 419 2
14 combined1b 9 62 סאמיר 1 1 2 3 1 353 1
14 combined1b 10 42 גירושין 2 2 2 3 1 904 2
14 combined1b 11 28 לכלוך 2 2 2 3 1 745 1
14 combined1b 12 80 יובל 2 1 2 3 1 749 1
14 combined1b 13 18 כבוד 1 2 2 3 1 298 2
14 combined1b 14 66 פאטימה 1 1 2 3 1 1174 1
14 combined1b 15 82 אבי 2 1 2 3 1 455 2
14 combined1b 16 60 עליאן 1 1 2 3 1 305 2
14 combined1b 17 96 יפעת 2 1 2 3 1 672 1
14 combined1b 18 20 זריחה 1 2 2 3 1 512 2
14 combined1b 19 78 יאיר 2 1 2 3 1 1121 1
14 combined1b 20 39 זיהום 2 2 2 3 1 900 2
14 combined1b 21 99 מיטל 2 1 2 3 1 255 1
14 combined1b 22 56 איברהים 1 1 2 3 1 691 1
14 combined1b 23 85 מאיה 2 1 2 3 1 631 1
14 combined1b 24 67 האדיל 1 1 2 3 1 634 1
14 combined1b 25 2 חופש 1 2 2 3 1 1921 1
14 combined1b 26 61 ראפיק 1 1 2 3 1 683 1
14 combined1b 27 73 סאלים 1 1 2 3 1 515 1
14 combined1b 28 30 חולי 2 2 2 3 1 370 2
14 combined1b 29 37 אסון 2 2 2 3 1 309 2
14 combined1b 30 19 נס 1 2 2 3 1 667 2
14 combined1b 31 87 נעמה 2 1 2 3 1 411 2
14 combined1b 32 69 עאידה 1 1 2 3 1 677 1
14 combined1b 33 48 להרוג 2 2 2 3 1 441 2
14 combined1b 34 58 איבתיסאם 1 1 2 3 1 425 1
14 combined1b 35 12 עדין 1 2 2 3 1 365 1
14 combined1b 36 40 טרגדיה 2 2 2 3 1 935 2
14 combined1b 37 34 רעל 2 2 2 3 1 354 2
14 combined1b 38 79 רונן 2 1 2 3 1 723 1
14 combined1b 39 71 ראניה 1 1 2 3 1 642 1
14 combined1b 40 63 עזיזה 1 1 2 3 1 1006 1
14 combined1b 41 17 מתנה 1 2 2 3 1 927 1
14 combined1b 42 45 מכוער 2 2 2 3 1 570 1
14 combined1b 43 44 עוני 2 2 2 3 1 597 1
14 combined1b 44 11 יהלום 1 2 2 3 1 900 1
14 combined1b 45 4 אהבה 1 2 2 3 1 495 1
14 combined1b 46 15 קשת 1 2 2 3 1 454 1
14 combined1b 47 95 עידן 2 1 2 3 1 743 1
14 combined1b 48 91 רבקה 2 1 2 3 1 452 1
14 combined1b 49 53 מוחמד 1 1 2 3 1 550 1
14 combined1b 50 47 רשע 2 2 2 3 1 1214 1
178 229 2
