2 bw 1 26 יאיר 2 1 0 4 1 2082 1
2 bw 2 35 נעמה 2 1 0 4 1 1082 1
2 bw 3 45 אהרון 2 1 0 4 1 990 1
2 bw 4 11 עזיזה 1 1 0 3 1 1724 2
2 bw 5 5 מוסא 1 1 0 3 1 1862 1
2 bw 6 2 אחמד 1 1 0 3 1 803 1
2 bw 7 10 סאמיר 1 1 0 3 1 774 1
2 bw 8 31 משה 2 1 0 4 1 680 1
2 bw 9 34 נועה 2 1 0 4 1 765 1
2 bw 10 20 עבד 1 1 0 3 1 972 1
2 bw 11 43 עידן 2 1 0 4 1 685 1
2 bw 12 50 יהודה 2 1 0 4 1 899 1
2 bw 13 8 עליאן 1 1 0 3 1 867 1
2 bw 14 46 דויד 2 1 0 4 1 742 1
2 bw 15 14 פאטימה 1 1 0 3 1 731 1
2 bw 16 1 מוחמד 1 1 0 3 1 637 1
2 bw 17 18 תייסיר 1 1 0 3 1 692 1
2 bw 18 30 אבי 2 1 0 4 1 669 1
2 bw 19 32 שני 2 1 0 4 1 786 1
2 bw 20 9 ראפיק 1 1 0 3 1 663 1
2 bw 21 33 מאיה 2 1 0 4 1 1165 1
2 bw 22 22 סוילמאן 1 1 0 3 1 801 1
2 bw 23 27 רונן 2 1 0 4 1 813 1
2 bw 24 41 אורן 2 1 0 4 1 1210 1
2 bw 25 39 רבקה 2 1 0 4 1 774 1
2 bw 26 7 נור 1 1 0 3 1 622 1
2 bw 27 49 ישראל 2 1 0 4 1 1178 1
2 bw 28 38 עמוס 2 1 0 4 1 630 1
2 bw 29 42 עדי 2 1 0 4 1 843 1
2 bw 30 23 אשראף 1 1 0 3 1 609 1
2 bw 31 44 יפעת 2 1 0 4 1 1574 1
2 bw 32 36 ערן 2 1 0 4 1 5213 1
2 bw 33 12 סאמיחה 1 1 0 3 1 747 1
2 bw 34 16 נאדיה 1 1 0 3 1 1110 1
2 bw 35 15 האדיל 1 1 0 3 1 2219 1
2 bw 36 25 סאמירה 1 1 0 3 1 629 1
2 bw 37 47 מיטל 2 1 0 4 1 720 2
2 bw 38 6 איבתיסאם 1 1 0 3 1 710 1
2 bw 39 4 איברהים 1 1 0 3 1 876 1
2 bw 40 21 סאלים 1 1 0 3 1 519 1
2 bw 41 17 עאידה 1 1 0 3 1 527 1
2 bw 42 3 מדחאת 1 1 0 3 1 557 1
2 bw 43 13 עביר 1 1 0 3 1 482 1
2 bw 44 24 ראינאן 1 1 0 3 1 456 1
2 bw 45 40 שמעון 2 1 0 4 1 500 1
2 bw 46 48 יוכבד 2 1 0 4 1 609 1
2 bw 47 37 יאיר 2 1 0 4 1 433 1
2 bw 48 29 דני 2 1 0 4 1 2798 1
2 bw 49 28 יובל 2 1 0 4 1 518 1
2 bw 50 19 ראניה 1 1 0 3 1 638 1
3 pu 1 15 קשת 1 2 0 1 1 2316 1
3 pu 2 48 להרוג 2 2 0 2 1 1000 1
3 pu 3 14 מזל 1 2 0 1 1 1187 1
3 pu 4 31 תאונה 2 2 0 2 1 830 1
3 pu 5 49 רקוב 2 2 0 2 1 1119 1
3 pu 6 34 רעל 2 2 0 2 1 1151 1
3 pu 7 40 טרגדיה 2 2 0 2 1 730 1
3 pu 8 43 כלא 2 2 0 2 1 627 1
3 pu 9 12 עדין 1 2 0 1 1 629 1
3 pu 10 42 גירושין 2 2 0 2 1 667 1
3 pu 11 28 לכלוך 2 2 0 2 1 1202 1
3 pu 12 26 התעללות 2 2 0 2 1 693 1
3 pu 13 30 חולי 2 2 0 2 1 661 1
3 pu 14 16 הישג 1 2 0 1 1 671 1
3 pu 15 35 סירחון 2 2 0 2 1 714 1
3 pu 16 36 תקיפה 2 2 0 2 1 1226 1
3 pu 17 50 קיא 2 2 0 2 1 1481 1
3 pu 18 1 ללטף 1 2 0 1 1 706 1
3 pu 19 33 אבל 2 2 0 2 1 667 1
3 pu 20 17 מתנה 1 2 0 1 1 722 1
3 pu 21 8 כיף 1 2 0 1 1 617 1
3 pu 22 11 יהלום 1 2 0 1 1 576 1
3 pu 23 23 צחוק 1 2 0 1 1 503 1
3 pu 24 39 זיהום 2 2 0 2 1 622 1
3 pu 25 10 תענוג 1 2 0 1 1 650 1
3 pu 26 38 שנאה 2 2 0 2 1 1344 1
3 pu 27 3 בריאות 1 2 0 1 1 622 1
3 pu 28 18 כבוד 1 2 0 1 1 906 1
3 pu 29 41 פצצה 2 2 0 2 1 822 1
3 pu 30 47 רשע 2 2 0 2 1 688 1
3 pu 31 21 משפחה 1 2 0 1 1 844 1
3 pu 32 44 עוני 2 2 0 2 1 1417 1
3 pu 33 13 כנה 1 2 0 1 1 2317 2
3 pu 34 5 שלום 1 2 0 1 1 764 1
3 pu 35 6 לעודד 1 2 0 1 1 3011 1
3 pu 36 52 לכוד 2 2 0 2 1 734 1
3 pu 37 4 אהבה 1 2 0 1 1 646 1
3 pu 38 32 מוות 2 2 0 2 1 637 2
3 pu 39 24 עילאי 1 2 0 1 1 1390 1
3 pu 40 20 זריחה 1 2 0 1 1 862 1
3 pu 41 7 חבר 1 2 0 1 1 2117 1
3 pu 42 27 התרסקות 2 2 0 2 1 1360 1
3 pu 43 22 שמחה 1 2 0 1 1 608 1
3 pu 44 37 אסון 2 2 0 2 1 636 1
3 pu 45 45 מכוער 2 2 0 2 1 2264 1
3 pu 46 19 נס 1 2 0 1 1 1308 1
3 pu 47 51 צער 2 2 0 2 1 742 1
3 pu 48 9 נאמן 1 2 0 1 1 674 1
3 pu 49 46 סרטן 2 2 0 2 1 652 1
3 pu 50 29 רצח 2 2 0 2 1 613 1
4 combined1 1 18 כבוד 1 2 2 2 1 1796 1
4 combined1 2 9 נאמן 1 2 2 2 1 1161 1
4 combined1 3 98 דויד 2 1 2 2 1 2342 1
4 combined1 4 26 התעללות 2 2 2 2 1 2509 1
4 combined1 5 36 תקיפה 2 2 2 2 1 792 1
4 combined1 6 69 עאידה 1 1 2 2 1 884 1
4 combined1 7 100 יוכבד 2 1 2 2 1 1479 1
4 combined1 8 48 להרוג 2 2 2 2 1 1227 1
4 combined1 9 42 גירושין 2 2 2 2 1 1024 1
4 combined1 10 67 האדיל 1 1 2 2 1 949 1
4 combined1 11 70 תייסיר 1 1 2 2 1 1024 1
4 combined1 12 87 נעמה 2 1 2 2 1 1153 1
4 combined1 13 75 אשראף 1 1 2 2 1 844 1
4 combined1 14 40 טרגדיה 2 2 2 2 1 1303 1
4 combined1 15 60 עליאן 1 1 2 2 1 963 1
4 combined1 16 68 נאדיה 1 1 2 2 1 1227 1
4 combined1 17 57 מוסא 1 1 2 2 1 1028 1
4 combined1 18 5 שלום 1 2 2 2 1 1063 1
4 combined1 19 82 אבי 2 1 2 2 1 937 1
4 combined1 20 43 כלא 2 2 2 2 1 1038 1
4 combined1 21 21 משפחה 1 2 2 2 1 1737 1
4 combined1 22 25 חופשה 1 2 2 2 1 723 1
4 combined1 23 91 רבקה 2 1 2 2 1 752 1
4 combined1 24 38 שנאה 2 2 2 2 1 890 1
4 combined1 25 77 סאמירה 1 1 2 2 1 777 1
4 combined1 26 76 ראינאן 1 1 2 2 1 1049 1
4 combined1 27 2 חופש 1 2 2 2 1 1625 1
4 combined1 28 53 מוחמד 1 1 2 2 1 1490 1
4 combined1 29 95 עידן 2 1 2 2 1 1268 1
4 combined1 30 99 מיטל 2 1 2 2 1 716 1
4 combined1 31 59 נור 1 1 2 2 1 768 1
4 combined1 32 6 לעודד 1 2 2 2 1 902 1
4 combined1 33 47 רשע 2 2 2 2 1 1282 1
4 combined1 34 81 דני 2 1 2 2 1 840 1
4 combined1 35 45 מכוער 2 2 2 2 1 1567 1
4 combined1 36 3 בריאות 1 2 2 2 1 783 1
4 combined1 37 93 אורן 2 1 2 2 1 857 1
4 combined1 38 63 עזיזה 1 1 2 2 1 1302 1
4 combined1 39 96 יפעת 2 1 2 2 1 774 1
4 combined1 40 89 יאיר 2 1 2 2 1 640 1
4 combined1 41 49 רקוב 2 2 2 2 1 838 1
4 combined1 42 55 מדחאת 1 1 2 2 1 1210 1
4 combined1 43 12 עדין 1 2 2 2 1 1057 2
4 combined1 44 29 רצח 2 2 2 2 1 1265 1
4 combined1 45 79 רונן 2 1 2 2 1 3590 1
4 combined1 46 28 לכלוך 2 2 2 2 1 888 1
4 combined1 47 88 ערן 2 1 2 2 1 1790 1
4 combined1 48 80 יובל 2 1 2 2 1 654 1
4 combined1 49 15 קשת 1 2 2 2 1 565 2
4 combined1 50 16 הישג 1 2 2 2 1 1479 1
5 combined1b 1 24 עילאי 1 2 2 2 1 6844 1
5 combined1b 2 78 יאיר 2 1 2 2 1 7298 2
5 combined1b 3 73 סאלים 1 1 2 2 1 1088 1
5 combined1b 4 51 צער 2 2 2 2 1 3034 2
5 combined1b 5 61 ראפיק 1 1 2 2 1 3245 1
5 combined1b 6 13 כנה 1 2 2 2 1 1803 1
5 combined1b 7 30 חולי 2 2 2 2 1 3333 1
5 combined1b 8 58 איבתיסאם 1 1 2 2 1 1706 1
5 combined1b 9 90 עמוס 2 1 2 2 1 2366 1
5 combined1b 10 27 התרסקות 2 2 2 2 1 2602 1
5 combined1b 11 92 שמעון 2 1 2 2 1 795 1
5 combined1b 12 56 איברהים 1 1 2 2 1 1013 1
5 combined1b 13 94 עדי 2 1 2 2 1 1329 1
5 combined1b 14 17 מתנה 1 2 2 2 1 1203 1
5 combined1b 15 65 עביר 1 1 2 2 1 2310 1
5 combined1b 16 19 נס 1 2 2 2 1 1073 1
5 combined1b 17 97 אהרון 2 1 2 2 1 647 1
5 combined1b 18 71 ראניה 1 1 2 2 1 811 1
5 combined1b 19 33 אבל 2 2 2 2 1 842 1
5 combined1b 20 8 כיף 1 2 2 2 1 814 1
5 combined1b 21 31 תאונה 2 2 2 2 1 821 1
5 combined1b 22 50 קיא 2 2 2 2 1 1317 1
5 combined1b 23 20 זריחה 1 2 2 2 1 769 1
5 combined1b 24 1 ללטף 1 2 2 2 1 811 1
5 combined1b 25 35 סירחון 2 2 2 2 1 952 1
5 combined1b 26 64 סאמיחה 1 1 2 2 1 706 1
5 combined1b 27 84 שני 2 1 2 2 1 767 1
5 combined1b 28 44 עוני 2 2 2 2 1 2490 1
5 combined1b 29 23 צחוק 1 2 2 2 1 843 1
5 combined1b 30 54 אחמד 1 1 2 2 1 876 1
5 combined1b 31 74 סוילמאן 1 1 2 2 1 884 1
5 combined1b 32 4 אהבה 1 2 2 2 1 824 2
5 combined1b 33 86 נועה 2 1 2 2 1 856 1
5 combined1b 34 85 מאיה 2 1 2 2 1 641 2
5 combined1b 35 66 פאטימה 1 1 2 2 1 680 1
5 combined1b 36 10 תענוג 1 2 2 2 1 863 1
5 combined1b 37 22 שמחה 1 2 2 2 1 819 1
5 combined1b 38 52 לכוד 2 2 2 2 1 667 1
5 combined1b 39 11 יהלום 1 2 2 2 1 672 1
5 combined1b 40 62 סאמיר 1 1 2 2 1 623 1
5 combined1b 41 41 פצצה 2 2 2 2 1 807 1
5 combined1b 42 46 סרטן 2 2 2 2 1 589 1
5 combined1b 43 14 מזל 1 2 2 2 1 665 1
5 combined1b 44 39 זיהום 2 2 2 2 1 1550 1
5 combined1b 45 32 מוות 2 2 2 2 1 950 1
5 combined1b 46 7 חבר 1 2 2 2 1 1226 1
5 combined1b 47 34 רעל 2 2 2 2 1 891 1
5 combined1b 48 72 עבד 1 1 2 2 1 878 2
5 combined1b 49 37 אסון 2 2 2 2 1 3732 1
5 combined1b 50 83 משה 2 1 2 2 1 751 1
6 wb 1 45 אהרון 2 1 0 4 2 2089 1
6 wb 2 32 שני 2 1 0 4 2 1184 1
6 wb 3 39 רבקה 2 1 0 4 2 1855 1
6 wb 4 11 עזיזה 1 1 0 3 2 669 1
6 wb 5 18 תייסיר 1 1 0 3 2 789 1
6 wb 6 14 פאטימה 1 1 0 3 2 808 1
6 wb 7 24 ראינאן 1 1 0 3 2 607 1
6 wb 8 3 מדחאת 1 1 0 3 2 566 1
6 wb 9 27 רונן 2 1 0 4 2 643 1
6 wb 10 12 סאמיחה 1 1 0 3 2 741 1
6 wb 11 7 נור 1 1 0 3 2 849 1
6 wb 12 20 עבד 1 1 0 3 2 1197 1
6 wb 13 6 איבתיסאם 1 1 0 3 2 669 1
6 wb 14 43 עידן 2 1 0 4 2 566 1
6 wb 15 19 ראניה 1 1 0 3 2 590 1
6 wb 16 25 סאמירה 1 1 0 3 2 718 1
6 wb 17 49 ישראל 2 1 0 4 2 546 1
6 wb 18 48 יוכבד 2 1 0 4 2 701 1
6 wb 19 26 יאיר 2 1 0 4 2 481 1
6 wb 20 36 ערן 2 1 0 4 2 686 1
6 wb 21 4 איברהים 1 1 0 3 2 451 1
6 wb 22 29 דני 2 1 0 4 2 1101 1
6 wb 23 35 נעמה 2 1 0 4 2 505 1
6 wb 24 1 מוחמד 1 1 0 3 2 512 1
6 wb 25 44 יפעת 2 1 0 4 2 620 1
6 wb 26 34 נועה 2 1 0 4 2 1152 1
6 wb 27 9 ראפיק 1 1 0 3 2 518 1
6 wb 28 13 עביר 1 1 0 3 2 575 1
6 wb 29 40 שמעון 2 1 0 4 2 715 1
6 wb 30 21 סאלים 1 1 0 3 2 538 1
6 wb 31 23 אשראף 1 1 0 3 2 723 1
6 wb 32 10 סאמיר 1 1 0 3 2 557 1
6 wb 33 31 משה 2 1 0 4 2 486 1
6 wb 34 50 יהודה 2 1 0 4 2 374 1
6 wb 35 41 אורן 2 1 0 4 2 438 1
6 wb 36 46 דויד 2 1 0 4 2 500 1
6 wb 37 38 עמוס 2 1 0 4 2 463 1
6 wb 38 30 אבי 2 1 0 4 2 480 1
6 wb 39 28 יובל 2 1 0 4 2 437 1
6 wb 40 5 מוסא 1 1 0 3 2 505 1
6 wb 41 2 אחמד 1 1 0 3 2 461 1
6 wb 42 22 סוילמאן 1 1 0 3 2 512 1
6 wb 43 15 האדיל 1 1 0 3 2 498 1
6 wb 44 37 יאיר 2 1 0 4 2 466 1
6 wb 45 16 נאדיה 1 1 0 3 2 816 1
6 wb 46 42 עדי 2 1 0 4 2 881 1
6 wb 47 8 עליאן 1 1 0 3 2 795 1
6 wb 48 17 עאידה 1 1 0 3 2 521 1
6 wb 49 33 מאיה 2 1 0 4 2 492 1
6 wb 50 47 מיטל 2 1 0 4 2 456 1
7 combined2 1 26 התעללות 2 2 1 4 2 1317 1
7 combined2 2 35 סירחון 2 2 1 4 2 762 1
7 combined2 3 33 אבל 2 2 1 4 2 918 1
7 combined2 4 2 חופש 1 2 1 4 2 771 1
7 combined2 5 81 דני 2 1 1 4 2 1019 1
7 combined2 6 38 שנאה 2 2 1 4 2 3230 1
7 combined2 7 90 עמוס 2 1 1 4 2 4929 1
7 combined2 8 24 עילאי 1 2 1 4 2 3127 1
7 combined2 9 96 יפעת 2 1 1 4 2 835 1
7 combined2 10 3 בריאות 1 2 1 4 2 2134 1
7 combined2 11 20 זריחה 1 2 1 4 2 3164 1
7 combined2 12 23 צחוק 1 2 1 4 2 1428 1
7 combined2 13 69 עאידה 1 1 1 4 2 1075 1
7 combined2 14 56 איברהים 1 1 1 4 2 2010 1
7 combined2 15 36 תקיפה 2 2 1 4 2 1679 1
7 combined2 16 42 גירושין 2 2 1 4 2 852 1
7 combined2 17 17 מתנה 1 2 1 4 2 2461 1
7 combined2 18 14 מזל 1 2 1 4 2 538 1
7 combined2 19 50 קיא 2 2 1 4 2 668 1
7 combined2 20 41 פצצה 2 2 1 4 2 799 1
7 combined2 21 47 רשע 2 2 1 4 2 661 1
7 combined2 22 86 נועה 2 1 1 4 2 849 1
7 combined2 23 44 עוני 2 2 1 4 2 1122 1
7 combined2 24 60 עליאן 1 1 1 4 2 814 1
7 combined2 25 46 סרטן 2 2 1 4 2 2439 1
7 combined2 26 48 להרוג 2 2 1 4 2 708 1
7 combined2 27 51 צער 2 2 1 4 2 567 1
7 combined2 28 34 רעל 2 2 1 4 2 584 1
7 combined2 29 31 תאונה 2 2 1 4 2 633 1
7 combined2 30 6 לעודד 1 2 1 4 2 823 1
7 combined2 31 37 אסון 2 2 1 4 2 566 1
7 combined2 32 85 מאיה 2 1 1 4 2 951 1
7 combined2 33 97 אהרון 2 1 1 4 2 659 1
7 combined2 34 53 מוחמד 1 1 1 4 2 545 1
7 combined2 35 87 נעמה 2 1 1 4 2 787 1
7 combined2 36 7 חבר 1 2 1 4 2 1339 1
7 combined2 37 5 שלום 1 2 1 4 2 617 1
7 combined2 38 55 מדחאת 1 1 1 4 2 681 1
7 combined2 39 73 סאלים 1 1 1 4 2 800 1
7 combined2 40 83 משה 2 1 1 4 2 869 1
7 combined2 41 10 תענוג 1 2 1 4 2 675 2
7 combined2 42 66 פאטימה 1 1 1 4 2 1060 1
7 combined2 43 71 ראניה 1 1 1 4 2 4115 1
7 combined2 44 27 התרסקות 2 2 1 4 2 1513 1
7 combined2 45 75 אשראף 1 1 1 4 2 523 1
7 combined2 46 39 זיהום 2 2 1 4 2 691 1
7 combined2 47 98 דויד 2 1 1 4 2 772 1
7 combined2 48 57 מוסא 1 1 1 4 2 634 1
7 combined2 49 92 שמעון 2 1 1 4 2 1341 1
7 combined2 50 22 שמחה 1 2 1 4 2 879 1
8 combined2b 1 13 כנה 1 2 1 4 2 3170 1
8 combined2b 2 15 קשת 1 2 1 4 2 1492 1
8 combined2b 3 52 לכוד 2 2 1 4 2 2005 1
8 combined2b 4 70 תייסיר 1 1 1 4 2 2004 1
8 combined2b 5 8 כיף 1 2 1 4 2 845 1
8 combined2b 6 91 רבקה 2 1 1 4 2 773 1
8 combined2b 7 49 רקוב 2 2 1 4 2 799 1
8 combined2b 8 29 רצח 2 2 1 4 2 643 1
8 combined2b 9 94 עדי 2 1 1 4 2 667 1
8 combined2b 10 18 כבוד 1 2 1 4 2 1027 1
8 combined2b 11 100 יוכבד 2 1 1 4 2 1771 1
8 combined2b 12 80 יובל 2 1 1 4 2 878 1
8 combined2b 13 11 יהלום 1 2 1 4 2 820 1
8 combined2b 14 79 רונן 2 1 1 4 2 1328 1
8 combined2b 15 72 עבד 1 1 1 4 2 2244 1
8 combined2b 16 61 ראפיק 1 1 1 4 2 639 1
8 combined2b 17 45 מכוער 2 2 1 4 2 990 1
8 combined2b 18 19 נס 1 2 1 4 2 1016 1
8 combined2b 19 77 סאמירה 1 1 1 4 2 705 1
8 combined2b 20 64 סאמיחה 1 1 1 4 2 657 1
8 combined2b 21 93 אורן 2 1 1 4 2 799 1
8 combined2b 22 32 מוות 2 2 1 4 2 957 1
8 combined2b 23 9 נאמן 1 2 1 4 2 1100 1
8 combined2b 24 65 עביר 1 1 1 4 2 1030 1
8 combined2b 25 63 עזיזה 1 1 1 4 2 547 1
8 combined2b 26 58 איבתיסאם 1 1 1 4 2 521 1
8 combined2b 27 59 נור 1 1 1 4 2 733 1
8 combined2b 28 76 ראינאן 1 1 1 4 2 522 1
8 combined2b 29 95 עידן 2 1 1 4 2 605 1
8 combined2b 30 4 אהבה 1 2 1 4 2 927 1
8 combined2b 31 82 אבי 2 1 1 4 2 671 1
8 combined2b 32 12 עדין 1 2 1 4 2 2057 1
8 combined2b 33 40 טרגדיה 2 2 1 4 2 926 1
8 combined2b 34 21 משפחה 1 2 1 4 2 1192 1
8 combined2b 35 28 לכלוך 2 2 1 4 2 702 1
8 combined2b 36 30 חולי 2 2 1 4 2 729 1
8 combined2b 37 1 ללטף 1 2 1 4 2 942 1
8 combined2b 38 89 יאיר 2 1 1 4 2 1332 1
8 combined2b 39 99 מיטל 2 1 1 4 2 911 1
8 combined2b 40 88 ערן 2 1 1 4 2 1107 1
8 combined2b 41 68 נאדיה 1 1 1 4 2 717 1
8 combined2b 42 16 הישג 1 2 1 4 2 817 1
8 combined2b 43 74 סוילמאן 1 1 1 4 2 778 1
8 combined2b 44 54 אחמד 1 1 1 4 2 752 1
8 combined2b 45 78 יאיר 2 1 1 4 2 765 1
8 combined2b 46 43 כלא 2 2 1 4 2 750 1
8 combined2b 47 25 חופשה 1 2 1 4 2 854 1
8 combined2b 48 62 סאמיר 1 1 1 4 2 779 1
8 combined2b 49 84 שני 2 1 1 4 2 784 1
8 combined2b 50 67 האדיל 1 1 1 4 2 726 1
9 wb 1 20 עבד 1 1 0 3 2 1600 1
9 wb 2 47 מיטל 2 1 0 4 2 727 1
9 wb 3 7 נור 1 1 0 3 2 848 2
9 wb 4 17 עאידה 1 1 0 3 2 1885 1
9 wb 5 39 רבקה 2 1 0 4 2 734 1
9 wb 6 5 מוסא 1 1 0 3 2 658 1
9 wb 7 14 פאטימה 1 1 0 3 2 520 1
9 wb 8 44 יפעת 2 1 0 4 2 568 1
9 wb 9 43 עידן 2 1 0 4 2 530 1
9 wb 10 12 סאמיחה 1 1 0 3 2 513 1
9 wb 11 15 האדיל 1 1 0 3 2 1932 1
9 wb 12 19 ראניה 1 1 0 3 2 1377 1
9 wb 13 18 תייסיר 1 1 0 3 2 570 1
9 wb 14 36 ערן 2 1 0 4 2 541 1
9 wb 15 1 מוחמד 1 1 0 3 2 522 1
9 wb 16 50 יהודה 2 1 0 4 2 602 1
9 wb 17 8 עליאן 1 1 0 3 2 779 1
9 wb 18 24 ראינאן 1 1 0 3 2 639 1
9 wb 19 42 עדי 2 1 0 4 2 496 1
9 wb 20 34 נועה 2 1 0 4 2 515 1
9 wb 21 6 איבתיסאם 1 1 0 3 2 504 1
9 wb 22 16 נאדיה 1 1 0 3 2 866 2
9 wb 23 4 איברהים 1 1 0 3 2 622 1
9 wb 24 35 נעמה 2 1 0 4 2 1109 1
9 wb 25 3 מדחאת 1 1 0 3 2 538 1
9 wb 26 30 אבי 2 1 0 4 2 600 1
9 wb 27 40 שמעון 2 1 0 4 2 588 1
9 wb 28 13 עביר 1 1 0 3 2 581 1
9 wb 29 2 אחמד 1 1 0 3 2 1025 1
9 wb 30 26 יאיר 2 1 0 4 2 530 1
9 wb 31 11 עזיזה 1 1 0 3 2 561 1
9 wb 32 10 סאמיר 1 1 0 3 2 611 1
9 wb 33 48 יוכבד 2 1 0 4 2 623 1
9 wb 34 9 ראפיק 1 1 0 3 2 594 1
9 wb 35 21 סאלים 1 1 0 3 2 2035 1
9 wb 36 23 אשראף 1 1 0 3 2 573 1
9 wb 37 37 יאיר 2 1 0 4 2 508 1
9 wb 38 28 יובל 2 1 0 4 2 368 1
9 wb 39 22 סוילמאן 1 1 0 3 2 491 1
9 wb 40 29 דני 2 1 0 4 2 656 1
9 wb 41 38 עמוס 2 1 0 4 2 828 1
9 wb 42 31 משה 2 1 0 4 2 715 1
9 wb 43 49 ישראל 2 1 0 4 2 602 1
9 wb 44 41 אורן 2 1 0 4 2 476 1
9 wb 45 25 סאמירה 1 1 0 3 2 475 1
9 wb 46 27 רונן 2 1 0 4 2 761 1
9 wb 47 45 אהרון 2 1 0 4 2 700 1
9 wb 48 46 דויד 2 1 0 4 2 2878 1
9 wb 49 33 מאיה 2 1 0 4 2 504 2
9 wb 50 32 שני 2 1 0 4 2 606 1
10 combined2 1 76 ראינאן 1 1 1 4 2 1951 1
10 combined2 2 15 קשת 1 2 1 4 2 768 1
10 combined2 3 72 עבד 1 1 1 4 2 915 1
10 combined2 4 37 אסון 2 2 1 4 2 1071 1
10 combined2 5 84 שני 2 1 1 4 2 1271 1
10 combined2 6 99 מיטל 2 1 1 4 2 799 1
10 combined2 7 25 חופשה 1 2 1 4 2 628 1
10 combined2 8 31 תאונה 2 2 1 4 2 684 1
10 combined2 9 57 מוסא 1 1 1 4 2 705 1
10 combined2 10 69 עאידה 1 1 1 4 2 565 1
10 combined2 11 83 משה 2 1 1 4 2 719 1
10 combined2 12 65 עביר 1 1 1 4 2 3047 1
10 combined2 13 86 נועה 2 1 1 4 2 1364 1
10 combined2 14 13 כנה 1 2 1 4 2 1430 1
10 combined2 15 38 שנאה 2 2 1 4 2 1865 2
10 combined2 16 22 שמחה 1 2 1 4 2 1100 1
10 combined2 17 59 נור 1 1 1 4 2 806 1
10 combined2 18 92 שמעון 2 1 1 4 2 632 1
10 combined2 19 66 פאטימה 1 1 1 4 2 580 1
10 combined2 20 64 סאמיחה 1 1 1 4 2 638 1
10 combined2 21 9 נאמן 1 2 1 4 2 665 1
10 combined2 22 26 התעללות 2 2 1 4 2 619 1
10 combined2 23 23 צחוק 1 2 1 4 2 1193 1
10 combined2 24 100 יוכבד 2 1 1 4 2 720 1
10 combined2 25 81 דני 2 1 1 4 2 485 1
10 combined2 26 56 איברהים 1 1 1 4 2 525 1
10 combined2 27 46 סרטן 2 2 1 4 2 899 1
10 combined2 28 58 איבתיסאם 1 1 1 4 2 715 1
10 combined2 29 28 לכלוך 2 2 1 4 2 711 1
10 combined2 30 95 עידן 2 1 1 4 2 555 1
10 combined2 31 6 לעודד 1 2 1 4 2 644 1
10 combined2 32 93 אורן 2 1 1 4 2 695 1
10 combined2 33 78 יאיר 2 1 1 4 2 594 1
10 combined2 34 74 סוילמאן 1 1 1 4 2 539 1
10 combined2 35 30 חולי 2 2 1 4 2 1163 1
10 combined2 36 44 עוני 2 2 1 4 2 735 1
10 combined2 37 18 כבוד 1 2 1 4 2 658 1
10 combined2 38 36 תקיפה 2 2 1 4 2 612 1
10 combined2 39 80 יובל 2 1 1 4 2 630 1
10 combined2 40 75 אשראף 1 1 1 4 2 601 1
10 combined2 41 33 אבל 2 2 1 4 2 611 1
10 combined2 42 5 שלום 1 2 1 4 2 628 1
10 combined2 43 91 רבקה 2 1 1 4 2 599 1
10 combined2 44 60 עליאן 1 1 1 4 2 603 1
10 combined2 45 82 אבי 2 1 1 4 2 626 1
10 combined2 46 61 ראפיק 1 1 1 4 2 597 1
10 combined2 47 77 סאמירה 1 1 1 4 2 638 1
10 combined2 48 40 טרגדיה 2 2 1 4 2 610 1
10 combined2 49 19 נס 1 2 1 4 2 565 1
10 combined2 50 34 רעל 2 2 1 4 2 625 1
11 combined2b 1 2 חופש 1 2 1 4 2 1249 1
11 combined2b 2 98 דויד 2 1 1 4 2 1622 1
11 combined2b 3 67 האדיל 1 1 1 4 2 1189 1
11 combined2b 4 35 סירחון 2 2 1 4 2 744 1
11 combined2b 5 71 ראניה 1 1 1 4 2 538 1
11 combined2b 6 20 זריחה 1 2 1 4 2 634 1
11 combined2b 7 53 מוחמד 1 1 1 4 2 840 1
11 combined2b 8 16 הישג 1 2 1 4 2 847 1
11 combined2b 9 94 עדי 2 1 1 4 2 2949 1
11 combined2b 10 55 מדחאת 1 1 1 4 2 564 1
11 combined2b 11 1 ללטף 1 2 1 4 2 748 1
11 combined2b 12 14 מזל 1 2 1 4 2 769 1
11 combined2b 13 41 פצצה 2 2 1 4 2 644 1
11 combined2b 14 54 אחמד 1 1 1 4 2 1327 1
11 combined2b 15 79 רונן 2 1 1 4 2 646 1
11 combined2b 16 90 עמוס 2 1 1 4 2 529 1
11 combined2b 17 85 מאיה 2 1 1 4 2 597 1
11 combined2b 18 73 סאלים 1 1 1 4 2 605 1
11 combined2b 19 62 סאמיר 1 1 1 4 2 1288 1
11 combined2b 20 12 עדין 1 2 1 4 2 1434 1
11 combined2b 21 70 תייסיר 1 1 1 4 2 1125 1
11 combined2b 22 27 התרסקות 2 2 1 4 2 691 1
11 combined2b 23 21 משפחה 1 2 1 4 2 741 1
11 combined2b 24 51 צער 2 2 1 4 2 689 1
11 combined2b 25 11 יהלום 1 2 1 4 2 567 1
11 combined2b 26 49 רקוב 2 2 1 4 2 592 1
11 combined2b 27 48 להרוג 2 2 1 4 2 714 1
11 combined2b 28 47 רשע 2 2 1 4 2 685 2
11 combined2b 29 63 עזיזה 1 1 1 4 2 662 1
11 combined2b 30 39 זיהום 2 2 1 4 2 773 1
11 combined2b 31 89 יאיר 2 1 1 4 2 661 1
11 combined2b 32 4 אהבה 1 2 1 4 2 609 1
11 combined2b 33 87 נעמה 2 1 1 4 2 563 1
11 combined2b 34 8 כיף 1 2 1 4 2 459 1
11 combined2b 35 43 כלא 2 2 1 4 2 604 1
11 combined2b 36 42 גירושין 2 2 1 4 2 917 1
11 combined2b 37 88 ערן 2 1 1 4 2 671 1
11 combined2b 38 96 יפעת 2 1 1 4 2 581 1
11 combined2b 39 3 בריאות 1 2 1 4 2 766 1
11 combined2b 40 52 לכוד 2 2 1 4 2 566 1
11 combined2b 41 29 רצח 2 2 1 4 2 526 1
11 combined2b 42 10 תענוג 1 2 1 4 2 664 1
11 combined2b 43 68 נאדיה 1 1 1 4 2 616 1
11 combined2b 44 17 מתנה 1 2 1 4 2 1205 1
11 combined2b 45 45 מכוער 2 2 1 4 2 648 1
11 combined2b 46 32 מוות 2 2 1 4 2 958 1
11 combined2b 47 97 אהרון 2 1 1 4 2 573 1
11 combined2b 48 24 עילאי 1 2 1 4 2 834 1
11 combined2b 49 7 חבר 1 2 1 4 2 880 1
11 combined2b 50 50 קיא 2 2 1 4 2 540 1
12 bw 1 40 שמעון 2 1 0 4 1 1523 1
12 bw 2 35 נעמה 2 1 0 4 1 4884 1
12 bw 3 49 ישראל 2 1 0 4 1 904 2
12 bw 4 24 ראינאן 1 1 0 3 1 962 1
12 bw 5 13 עביר 1 1 0 3 1 941 1
12 bw 6 7 נור 1 1 0 3 1 532 1
12 bw 7 27 רונן 2 1 0 4 1 563 2
12 bw 8 2 אחמד 1 1 0 3 1 629 1
12 bw 9 23 אשראף 1 1 0 3 1 1199 1
12 bw 10 16 נאדיה 1 1 0 3 1 569 1
12 bw 11 15 האדיל 1 1 0 3 1 454 1
12 bw 12 4 איברהים 1 1 0 3 1 548 1
12 bw 13 44 יפעת 2 1 0 4 1 516 1
12 bw 14 42 עדי 2 1 0 4 1 452 1
12 bw 15 47 מיטל 2 1 0 4 1 525 1
12 bw 16 11 עזיזה 1 1 0 3 1 596 1
12 bw 17 5 מוסא 1 1 0 3 1 495 1
12 bw 18 8 עליאן 1 1 0 3 1 485 1
12 bw 19 38 עמוס 2 1 0 4 1 519 1
12 bw 20 34 נועה 2 1 0 4 1 769 1
12 bw 21 25 סאמירה 1 1 0 3 1 541 1
12 bw 22 45 אהרון 2 1 0 4 1 523 1
12 bw 23 6 איבתיסאם 1 1 0 3 1 709 1
12 bw 24 41 אורן 2 1 0 4 1 620 1
12 bw 25 33 מאיה 2 1 0 4 1 669 1
12 bw 26 19 ראניה 1 1 0 3 1 507 2
12 bw 27 29 דני 2 1 0 4 1 626 1
12 bw 28 48 יוכבד 2 1 0 4 1 479 1
12 bw 29 21 סאלים 1 1 0 3 1 647 1
12 bw 30 26 יאיר 2 1 0 4 1 584 1
12 bw 31 46 דויד 2 1 0 4 1 598 1
12 bw 32 37 יאיר 2 1 0 4 1 732 1
12 bw 33 3 מדחאת 1 1 0 3 1 568 1
12 bw 34 10 סאמיר 1 1 0 3 1 528 2
12 bw 35 12 סאמיחה 1 1 0 3 1 597 1
12 bw 36 50 יהודה 2 1 0 4 1 503 1
12 bw 37 9 ראפיק 1 1 0 3 1 587 1
12 bw 38 28 יובל 2 1 0 4 1 560 1
12 bw 39 36 ערן 2 1 0 4 1 662 2
12 bw 40 39 רבקה 2 1 0 4 1 685 2
12 bw 41 18 תייסיר 1 1 0 3 1 579 1
12 bw 42 20 עבד 1 1 0 3 1 863 1
12 bw 43 43 עידן 2 1 0 4 1 585 1
12 bw 44 31 משה 2 1 0 4 1 533 1
12 bw 45 22 סוילמאן 1 1 0 3 1 474 1
12 bw 46 30 אבי 2 1 0 4 1 558 1
12 bw 47 17 עאידה 1 1 0 3 1 657 1
12 bw 48 32 שני 2 1 0 4 1 551 1
12 bw 49 1 מוחמד 1 1 0 3 1 618 1
12 bw 50 14 פאטימה 1 1 0 3 1 560 1
13 combined1 1 45 מכוער 2 2 2 3 1 2069 1
13 combined1 2 84 שני 2 1 2 3 1 1353 2
13 combined1 3 18 כבוד 1 2 2 3 1 7010 1
13 combined1 4 55 מדחאת 1 1 2 3 1 3568 1
13 combined1 5 67 האדיל 1 1 2 3 1 1039 1
13 combined1 6 12 עדין 1 2 2 3 1 1362 1
13 combined1 7 70 תייסיר 1 1 2 3 1 698 1
13 combined1 8 19 נס 1 2 2 3 1 705 1
13 combined1 9 95 עידן 2 1 2 3 1 688 2
13 combined1 10 5 שלום 1 2 2 3 1 1632 1
13 combined1 11 53 מוחמד 1 1 2 3 1 862 1
13 combined1 12 43 כלא 2 2 2 3 1 1211 1
13 combined1 13 35 סירחון 2 2 2 3 1 888 1
13 combined1 14 11 יהלום 1 2 2 3 1 1884 1
13 combined1 15 94 עדי 2 1 2 3 1 3468 1
13 combined1 16 4 אהבה 1 2 2 3 1 1004 1
13 combined1 17 10 תענוג 1 2 2 3 1 1099 1
13 combined1 18 33 אבל 2 2 2 3 1 1074 1
13 combined1 19 26 התעללות 2 2 2 3 1 1159 1
13 combined1 20 96 יפעת 2 1 2 3 1 1040 1
13 combined1 21 20 זריחה 1 2 2 3 1 1654 1
13 combined1 22 32 מוות 2 2 2 3 1 1804 1
13 combined1 23 61 ראפיק 1 1 2 3 1 1109 1
13 combined1 24 79 רונן 2 1 2 3 1 923 1
13 combined1 25 1 ללטף 1 2 2 3 1 1690 2
13 combined1 26 47 רשע 2 2 2 3 1 1968 1
13 combined1 27 65 עביר 1 1 2 3 1 2377 1
13 combined1 28 34 רעל 2 2 2 3 1 1932 1
13 combined1 29 82 אבי 2 1 2 3 1 872 1
13 combined1 30 6 לעודד 1 2 2 3 1 2285 1
13 combined1 31 81 דני 2 1 2 3 1 947 1
13 combined1 32 88 ערן 2 1 2 3 1 904 1
13 combined1 33 24 עילאי 1 2 2 3 1 898 2
13 combined1 34 97 אהרון 2 1 2 3 1 1817 1
13 combined1 35 25 חופשה 1 2 2 3 1 996 1
13 combined1 36 29 רצח 2 2 2 3 1 973 1
13 combined1 37 76 ראינאן 1 1 2 3 1 956 1
13 combined1 38 87 נעמה 2 1 2 3 1 1595 1
13 combined1 39 40 טרגדיה 2 2 2 3 1 1244 1
13 combined1 40 54 אחמד 1 1 2 3 1 952 1
13 combined1 41 48 להרוג 2 2 2 3 1 978 1
13 combined1 42 99 מיטל 2 1 2 3 1 932 1
13 combined1 43 23 צחוק 1 2 2 3 1 1257 1
13 combined1 44 17 מתנה 1 2 2 3 1 561 1
13 combined1 45 36 תקיפה 2 2 2 3 1 1030 1
13 combined1 46 37 אסון 2 2 2 3 1 760 1
13 combined1 47 98 דויד 2 1 2 3 1 745 1
13 combined1 48 57 מוסא 1 1 2 3 1 533 1
13 combined1 49 86 נועה 2 1 2 3 1 1874 1
13 combined1 50 89 יאיר 2 1 2 3 1 589 1
14 combined1b 1 22 שמחה 1 2 2 3 1 2339 1
14 combined1b 2 15 קשת 1 2 2 3 1 5107 1
14 combined1b 3 16 הישג 1 2 2 3 1 803 1
14 combined1b 4 92 שמעון 2 1 2 3 1 675 1
14 combined1b 5 42 גירושין 2 2 2 3 1 906 1
14 combined1b 6 72 עבד 1 1 2 3 1 1124 1
14 combined1b 7 73 סאלים 1 1 2 3 1 546 1
14 combined1b 8 74 סוילמאן 1 1 2 3 1 540 1
14 combined1b 9 7 חבר 1 2 2 3 1 1557 2
14 combined1b 10 46 סרטן 2 2 2 3 1 1188 1
14 combined1b 11 56 איברהים 1 1 2 3 1 697 1
14 combined1b 12 52 לכוד 2 2 2 3 1 968 1
14 combined1b 13 83 משה 2 1 2 3 1 1005 1
14 combined1b 14 38 שנאה 2 2 2 3 1 2377 1
14 combined1b 15 100 יוכבד 2 1 2 3 1 990 1
14 combined1b 16 64 סאמיחה 1 1 2 3 1 792 1
14 combined1b 17 30 חולי 2 2 2 3 1 1186 1
14 combined1b 18 59 נור 1 1 2 3 1 1180 1
14 combined1b 19 51 צער 2 2 2 3 1 5925 1
14 combined1b 20 44 עוני 2 2 2 3 1 10000 3
14 combined1b 21 41 פצצה 2 2 2 3 1 3825 1
14 combined1b 22 69 עאידה 1 1 2 3 1 906 1
14 combined1b 23 80 יובל 2 1 2 3 1 2147 1
14 combined1b 24 58 איבתיסאם 1 1 2 3 1 791 1
14 combined1b 25 66 פאטימה 1 1 2 3 1 2482 1
14 combined1b 26 28 לכלוך 2 2 2 3 1 2656 1
14 combined1b 27 49 רקוב 2 2 2 3 1 1773 1
14 combined1b 28 14 מזל 1 2 2 3 1 1875 1
14 combined1b 29 71 ראניה 1 1 2 3 1 797 1
14 combined1b 30 2 חופש 1 2 2 3 1 913 1
14 combined1b 31 75 אשראף 1 1 2 3 1 1005 1
14 combined1b 32 90 עמוס 2 1 2 3 1 1159 1
14 combined1b 33 62 סאמיר 1 1 2 3 1 848 1
14 combined1b 34 85 מאיה 2 1 2 3 1 1452 1
14 combined1b 35 13 כנה 1 2 2 3 1 1494 1
14 combined1b 36 77 סאמירה 1 1 2 3 1 823 1
14 combined1b 37 8 כיף 1 2 2 3 1 1616 1
14 combined1b 38 68 נאדיה 1 1 2 3 1 779 1
14 combined1b 39 50 קיא 2 2 2 3 1 841 1
14 combined1b 40 9 נאמן 1 2 2 3 1 782 1
14 combined1b 41 91 רבקה 2 1 2 3 1 765 1
14 combined1b 42 3 בריאות 1 2 2 3 1 1138 1
14 combined1b 43 60 עליאן 1 1 2 3 1 1193 1
14 combined1b 44 63 עזיזה 1 1 2 3 1 740 1
14 combined1b 45 39 זיהום 2 2 2 3 1 2141 2
14 combined1b 46 93 אורן 2 1 2 3 1 775 1
14 combined1b 47 78 יאיר 2 1 2 3 1 723 1
14 combined1b 48 31 תאונה 2 2 2 3 1 1403 1
14 combined1b 49 21 משפחה 1 2 2 3 1 1452 1
14 combined1b 50 27 התרסקות 2 2 2 3 1 705 1
262 373 0
